"2022-03-03 at 10:35"
System_Date_(Y-M-D)	System_Time_(h:m:s)	CO₂_(µmol_mol⁻¹)	H₂O_(mmol_mol⁻¹)	H₂O_(°C)	Cell_Temperature_(°C)	Cell_Pressure_(kPa)	CO₂_Absorption	H₂O_Absorption	Input_Voltage_(V)	Flow_Rate_(L_min⁻¹)	
2022-03-03	10:35:49	1.38285e-1	1.50093e-1	-4.09869e1	5.15634e1	1.13164e2	4.7087669e-5	1.5745759e-3	1.2044541e1	1.0819013	
2022-03-03	10:35:49	3.94232e-1	1.46728e-1	-4.12015e1	5.15634e1	1.13167e2	1.3422966e-4	1.5397667e-3	1.2039506e1	1.0818881	
2022-03-03	10:35:50	6.83702e-1	1.45863e-1	-4.12577e1	5.15634e1	1.13165e2	2.3269653e-4	1.5307664e-3	1.2046220e1	1.0818989	
2022-03-03	10:35:50	5.56040e-1	1.46821e-1	-4.11955e1	5.15634e1	1.13166e2	1.8930435e-4	1.5407204e-3	1.2038667e1	1.0818917	
2022-03-03	10:35:51	4.68530e-1	1.47639e-1	-4.11432e1	5.15701e1	1.13164e2	1.5950202e-4	1.5491247e-3	1.2047059e1	1.0819025	
2022-03-03	10:35:51	4.79486e-1	1.47840e-1	-4.11303e1	5.15701e1	1.13164e2	1.6325712e-4	1.5512108e-3	1.2045381e1	1.0819036	
2022-03-03	10:35:52	8.20209e-1	1.49828e-1	-4.10036e1	5.15667e1	1.13165e2	2.7912855e-4	1.5718340e-3	1.2036149e1	1.0818953	
2022-03-03	10:35:52	6.09016e-1	1.48890e-1	-4.10631e1	5.15667e1	1.13165e2	2.0730495e-4	1.5621185e-3	1.2040345e1	1.0818965	
2022-03-03	10:35:53	4.58473e-1	1.48468e-1	-4.10900e1	5.15634e1	1.13165e2	1.5610456e-4	1.5577673e-3	1.2036988e1	1.0818953	
2022-03-03	10:35:53	6.41428e-1	1.51388e-1	-4.09054e1	5.15634e1	1.13165e2	2.1833181e-4	1.5879869e-3	1.2039506e1	1.0818989	
2022-03-03	10:35:54	6.42990e-1	1.47385e-1	-4.11595e1	5.15667e1	1.13163e2	2.1886825e-4	1.5465021e-3	1.2042863e1	1.0819060	
2022-03-03	10:35:54	4.11730e-1	1.46841e-1	-4.11945e1	5.15600e1	1.13164e2	1.4019012e-4	1.5408992e-3	1.2039506e1	1.0819048	
2022-03-03	10:35:55	4.11730e-1	1.46841e-1	-4.11945e1	5.15600e1	1.13164e2	1.4019012e-4	1.5408992e-3	1.2039506e1	1.0819048	
2022-03-03	10:35:55	5.28741e-1	1.49066e-1	-4.10520e1	5.15600e1	1.13165e2	1.8000602e-4	1.5639662e-3	1.2054612e1	1.0818989	
2022-03-03	10:35:56	6.57191e-1	1.53048e-1	-4.08018e1	5.15667e1	1.13165e2	2.2369623e-4	1.6051530e-3	1.2036988e1	1.0818989	
2022-03-03	10:35:56	7.52702e-1	1.48170e-1	-4.11090e1	5.15667e1	1.13166e2	2.5618076e-4	1.5546679e-3	1.2036988e1	1.0818929	
2022-03-03	10:35:57	4.50504e-1	1.48299e-1	-4.11009e1	5.15667e1	1.13164e2	1.5336275e-4	1.5559792e-3	1.2038667e1	1.0819025	
2022-03-03	10:35:57	3.85616e-1	1.49938e-1	-4.09967e1	5.15667e1	1.13165e2	1.3130903e-4	1.5729665e-3	1.2042863e1	1.0818977	
2022-03-03	10:35:58	3.85616e-1	1.49938e-1	-4.09967e1	5.15667e1	1.13165e2	1.3130903e-4	1.5729665e-3	1.2042863e1	1.0818977	
2022-03-03	10:35:58	5.44311e-1	1.48263e-1	-4.11031e1	5.15667e1	1.13165e2	1.8531084e-4	1.5556216e-3	1.2039506e1	1.0818953	
2022-03-03	10:35:59	4.95743e-1	1.46165e-1	-4.12376e1	5.15600e1	1.13170e2	1.6880035e-4	1.5339851e-3	1.2035310e1	1.0818738	
2022-03-03	10:35:59	3.86649e-1	1.48072e-1	-4.11150e1	5.15634e1	1.13169e2	1.3166666e-4	1.5537142e-3	1.2039506e1	1.0818798	
2022-03-03	10:36:00	4.61459e-1	1.47095e-1	-4.11780e1	5.15667e1	1.13165e2	1.5711784e-4	1.5435218e-3	1.2050416e1	1.0818965	
2022-03-03	10:36:00	6.33396e-1	1.52871e-1	-4.08129e1	5.15667e1	1.13164e2	2.1559000e-4	1.6033053e-3	1.2036988e1	1.0819025	
2022-03-03	10:36:01	6.33396e-1	1.52871e-1	-4.08129e1	5.15667e1	1.13164e2	2.1559000e-4	1.6033053e-3	1.2036988e1	1.0819025	
2022-03-03	10:36:01	5.84768e-1	1.51254e-1	-4.09133e1	5.15667e1	1.13171e2	1.9907951e-4	1.5866756e-3	1.2043702e1	1.0818691	
2022-03-03	10:36:02	6.05313e-1	1.46329e-1	-4.12275e1	5.15634e1	1.13164e2	2.0605325e-4	1.5355944e-3	1.2050416e1	1.0819013	
2022-03-03	10:36:02	7.08536e-1	1.46344e-1	-4.12264e1	5.15634e1	1.13166e2	2.4116039e-4	1.5357732e-3	1.2040345e1	1.0818905	
2022-03-03	10:36:03	7.12759e-1	1.48521e-1	-4.10862e1	5.15667e1	1.13170e2	2.4259090e-4	1.5583634e-3	1.2042863e1	1.0818738	
2022-03-03	10:36:03	5.97936e-1	1.50657e-1	-4.09512e1	5.15701e1	1.13166e2	2.0354986e-4	1.5804171e-3	1.2038667e1	1.0818905	
2022-03-03	10:36:04	5.97936e-1	1.50657e-1	-4.09512e1	5.15701e1	1.13166e2	2.0354986e-4	1.5804171e-3	1.2038667e1	1.0818905	
2022-03-03	10:36:04	6.70087e-1	1.50495e-1	-4.09612e1	5.15634e1	1.13169e2	2.2810697e-4	1.5788078e-3	1.2040345e1	1.0818762	
2022-03-03	10:36:05	4.79870e-1	1.47433e-1	-4.11558e1	5.15667e1	1.13171e2	1.6337633e-4	1.5470981e-3	1.2051255e1	1.0818703	
2022-03-03	10:36:05	3.53136e-1	1.47334e-1	-4.11619e1	5.15634e1	1.13175e2	1.2028217e-4	1.5461444e-3	1.2041184e1	1.0818511	
2022-03-03	10:36:06	3.92288e-1	1.48114e-1	-4.11121e1	5.15634e1	1.13172e2	1.3357400e-4	1.5541911e-3	1.2051255e1	1.0818630	
2022-03-03	10:36:06	7.69295e-1	1.48277e-1	-4.11018e1	5.15634e1	1.13171e2	2.6184320e-4	1.5558600e-3	1.2041184e1	1.0818691	
2022-03-03	10:36:07	7.69295e-1	1.48277e-1	-4.11018e1	5.15634e1	1.13171e2	2.6184320e-4	1.5558600e-3	1.2041184e1	1.0818691	
2022-03-03	10:36:07	8.41600e-1	1.47798e-1	-4.11323e1	5.15634e1	1.13172e2	2.8640031e-4	1.5509128e-3	1.2040345e1	1.0818655	
2022-03-03	10:36:08	4.79677e-1	1.53371e-1	-4.07815e1	5.15667e1	1.13169e2	1.6331672e-4	1.6085505e-3	1.2043702e1	1.0818786	
2022-03-03	10:36:08	4.15758e-1	1.50824e-1	-4.09404e1	5.15667e1	1.13170e2	1.4156103e-4	1.5822052e-3	1.2045381e1	1.0818738	
2022-03-03	10:36:09	1.86827e-1	1.50908e-1	-4.09317e1	5.15667e1	1.13210e2	6.3657760e-5	1.5836358e-3	1.2042024e1	1.0816838	
2022-03-03	10:36:09	4.04995e-2	1.59502e-1	-4.03939e1	5.15701e1	1.13340e2	1.3828277e-5	1.6744732e-3	1.2038667e1	1.0810610	
2022-03-03	10:36:10	4.04995e-2	1.59502e-1	-4.03939e1	5.15701e1	1.13340e2	1.3828277e-5	1.6744732e-3	1.2038667e1	1.0810610	
2022-03-03	10:36:10	9.79362e-1	1.49239e-1	-4.10076e1	5.15667e1	1.13564e2	3.3450126e-4	1.5712380e-3	1.2037827e1	1.0799955	
2022-03-03	10:36:11	9.20266e-1	1.45378e-1	-4.12536e1	5.15634e1	1.13591e2	3.1441450e-4	1.5314817e-3	1.2038667e1	1.0798671	
2022-03-03	10:36:11	7.00375e-1	1.53328e-1	-4.07505e1	5.15667e1	1.13569e2	2.3931264e-4	1.6137957e-3	1.2042024e1	1.0799692	
2022-03-03	10:36:12	3.78288e-1	1.54725e-1	-4.06645e1	5.15634e1	1.13567e2	1.2928247e-4	1.6282796e-3	1.2057130e1	1.0799800	
2022-03-03	10:36:12	2.89360e-1	1.50730e-1	-4.09115e1	5.15667e1	1.13585e2	9.8943710e-5	1.5870332e-3	1.2045381e1	1.0798944	
2022-03-03	10:36:13	5.36142e-1	1.47377e-1	-4.11231e1	5.15667e1	1.13606e2	1.8328428e-4	1.5524625e-3	1.2040345e1	1.0797946	
2022-03-03	10:36:13	6.49020e-1	1.47489e-1	-4.11146e1	5.15667e1	1.13621e2	2.2190809e-4	1.5538334e-3	1.2036149e1	1.0797221	
2022-03-03	10:36:14	6.82665e-1	1.48445e-1	-4.10527e1	5.15634e1	1.13630e2	2.3341178e-4	1.5639066e-3	1.2038667e1	1.0796829	
2022-03-03	10:36:14	7.67227e-1	1.46355e-1	-4.11852e1	5.15667e1	1.13651e2	2.6232004e-4	1.5424489e-3	1.2042863e1	1.0795820	
2022-03-03	10:36:15	5.90272e-1	1.46228e-1	-4.11927e1	5.15634e1	1.13660e2	2.0188093e-4	1.5412569e-3	1.2039506e1	1.0795416	
2022-03-03	10:36:15	3.87171e-1	1.48791e-1	-4.10282e1	5.15667e1	1.13660e2	1.3244152e-4	1.5679001e-3	1.2038667e1	1.0795404	
2022-03-03	10:36:16	5.79463e-1	1.49625e-1	-4.09748e1	5.15734e1	1.13663e2	1.9818544e-4	1.5766024e-3	1.2053773e1	1.0795227	
2022-03-03	10:36:16	6.81829e-1	1.49914e-1	-4.09568e1	5.15667e1	1.13660e2	2.3317337e-4	1.5795826e-3	1.2043702e1	1.0795416	
2022-03-03	10:36:17	6.95900e-1	1.50968e-1	-4.08896e1	5.15667e1	1.13668e2	2.3800134e-4	1.5906691e-3	1.2040345e1	1.0794990	
2022-03-03	10:36:17	-2.87511	1.62392e-1	-4.01944e1	5.15667e1	1.13673e2	-9.8812580e-4	1.7094016e-3	1.2045381e1	1.0794751	
2022-03-03	10:36:18	-2.87511	1.62392e-1	-4.01944e1	5.15667e1	1.13673e2	-9.8812580e-4	1.7094016e-3	1.2045381e1	1.0794751	
2022-03-03	10:36:18	-1.19961e2	-7.07782e-2	-2.73149e2	5.15667e1	1.14885e2	-5.0074577e-2	-7.6889991e-4	1.2040345e1	1.0737673	
2022-03-03	10:36:19	1.54129e3	8.54983e-1	-2.29162e1	5.15667e1	1.14061e2	2.1373133e-1	8.5428953e-3	1.2036988e1	1.0776411	
2022-03-03	10:36:19	3.91155e3	1.27322	-1.83531e1	5.15634e1	1.13858e2	3.2925760e-1	1.2328147e-2	1.2042863e1	1.0786014	
2022-03-03	10:36:20	1.98783e2	2.40982e-1	-3.63398e1	5.15634e1	1.13785e2	5.4461297e-2	2.5220513e-3	1.2042024e1	1.0789486	
2022-03-03	10:36:20	-5.51750e1	8.76200e-2	-4.59178e1	5.15634e1	1.13746e2	-2.0459651e-2	9.2899799e-4	1.2053773e1	1.0791676	
2022-03-03	10:36:21	-2.97886e1	1.17936e-1	-4.32016e1	5.15634e1	1.13726e2	-1.0636091e-2	1.2468695e-3	1.2047059e1	1.0792701	
2022-03-03	10:36:21	-6.26609	1.46806e-1	-4.11507e1	5.15701e1	1.13715e2	-2.1643638e-3	1.5479922e-3	1.2054612e1	1.0792882	
2022-03-03	10:36:22	2.80040	1.53203e-1	-4.07467e1	5.15701e1	1.13708e2	9.5540285e-4	1.6144514e-3	1.2040345e1	1.0793102	
2022-03-03	10:36:22	5.63306	1.49579e-1	-4.09743e1	5.15667e1	1.13705e2	1.9145011e-3	1.5767216e-3	1.2038667e1	1.0793256	
2022-03-03	10:36:23	5.60276	1.47872e-1	-4.10831e1	5.15667e1	1.13704e2	1.9042491e-3	1.5589594e-3	1.2038667e1	1.0793292	
2022-03-03	10:36:23	3.57650	1.49083e-1	-4.10060e1	5.15634e1	1.13702e2	1.2188553e-3	1.5715360e-3	1.2041184e1	1.0793410	
2022-03-03	10:36:24	2.84182	1.48774e-1	-4.10264e1	5.15667e1	1.13694e2	9.6935033e-4	1.5681982e-3	1.2052094e1	1.0793790	
2022-03-03	10:36:24	3.53632	1.48882e-1	-4.10197e1	5.15701e1	1.13691e2	1.2050867e-3	1.5692710e-3	1.2038667e1	1.0793908	
2022-03-03	10:36:25	3.42738	1.52320e-1	-4.08045e1	5.15667e1	1.13674e2	1.1679530e-3	1.6047954e-3	1.2038667e1	1.0794739	
2022-03-03	10:36:25	2.71230	1.52597e-1	-4.07878e1	5.15634e1	1.13667e2	9.2512369e-4	1.6075968e-3	1.2035310e1	1.0795048	
2022-03-03	10:36:26	2.19800	1.48348e-1	-4.10560e1	5.15634e1	1.13664e2	7.5018405e-4	1.5633702e-3	1.2037827e1	1.0795191	
2022-03-03	10:36:26	2.28969	1.49127e-1	-4.10067e1	5.15634e1	1.13660e2	7.8135728e-4	1.5714168e-3	1.2040345e1	1.0795392	
2022-03-03	10:36:27	2.22367	1.48940e-1	-4.10187e1	5.15667e1	1.13659e2	7.5888633e-4	1.5694499e-3	1.2036988e1	1.0795428	
2022-03-03	10:36:27	2.14250	1.48746e-1	-4.10314e1	5.15667e1	1.13654e2	7.3122978e-4	1.5673637e-3	1.2038667e1	1.0795665	
2022-03-03	10:36:28	2.03827	1.50173e-1	-4.09410e1	5.15634e1	1.13654e2	6.9576501e-4	1.5822052e-3	1.2038667e1	1.0795689	
2022-03-03	10:36:28	2.18854	1.51073e-1	-4.08842e1	5.15667e1	1.13654e2	7.4690580e-4	1.5915632e-3	1.2040345e1	1.0795654	
2022-03-03	10:36:29	2.44085	1.48275e-1	-4.10621e1	5.15667e1	1.13647e2	8.3267688e-4	1.5623569e-3	1.2051255e1	1.0796022	
2022-03-03	10:36:29	1.83823	1.46620e-1	-4.11687e1	5.15600e1	1.13644e2	6.2757730e-4	1.5451312e-3	1.2038667e1	1.0796165	
2022-03-03	10:36:30	1.61268	1.50115e-1	-4.09454e1	5.15600e1	1.13645e2	5.5074691e-4	1.5814900e-3	1.2042863e1	1.0796129	
2022-03-03	10:36:30	1.25745	1.50093e-1	-4.09470e1	5.15667e1	1.13642e2	4.2963027e-4	1.5811920e-3	1.2039506e1	1.0796259	
2022-03-03	10:36:31	1.25745	1.50093e-1	-4.09470e1	5.15667e1	1.13642e2	4.2963027e-4	1.5811920e-3	1.2039506e1	1.0796259	
2022-03-03	10:36:31	1.39221	1.49424e-1	-4.09895e1	5.15667e1	1.13640e2	4.7558546e-4	1.5742182e-3	1.2040345e1	1.0796343	
2022-03-03	10:36:32	1.49232	1.49117e-1	-4.10096e1	5.15634e1	1.13633e2	5.0967931e-4	1.5709400e-3	1.2037827e1	1.0796687	
2022-03-03	10:36:32	9.96161e-1	1.49006e-1	-4.10161e1	5.15667e1	1.13640e2	3.4046173e-4	1.5698671e-3	1.2045381e1	1.0796331	
2022-03-03	10:36:33	1.09610	1.48880e-1	-4.10246e1	5.15634e1	1.13634e2	3.7455558e-4	1.5684962e-3	1.2050416e1	1.0796616	
2022-03-03	10:36:33	9.59246e-1	1.48917e-1	-4.10224e1	5.15634e1	1.13633e2	3.2782554e-4	1.5688538e-3	1.2039506e1	1.0796687	
2022-03-03	10:36:34	9.59246e-1	1.48917e-1	-4.10224e1	5.15634e1	1.13633e2	3.2782554e-4	1.5688538e-3	1.2039506e1	1.0796687	
2022-03-03	10:36:34	9.05934e-1	1.48846e-1	-4.10271e1	5.15634e1	1.13630e2	3.0964612e-4	1.5680789e-3	1.2040345e1	1.0796829	
2022-03-03	10:36:35	8.24796e-1	1.48919e-1	-4.10225e1	5.15600e1	1.13630e2	2.8192996e-4	1.5688538e-3	1.2048738e1	1.0796829	
2022-03-03	10:36:35	7.91926e-1	1.48716e-1	-4.10359e1	5.15634e1	1.13624e2	2.7072429e-4	1.5666484e-3	1.2052934e1	1.0797103	
2022-03-03	10:36:36	7.21692e-1	1.49237e-1	-4.10028e1	5.15600e1	1.13624e2	2.4670362e-4	1.5720725e-3	1.2038667e1	1.0797127	
2022-03-03	10:36:36	8.23831e-1	1.46948e-1	-4.11494e1	5.15634e1	1.13622e2	2.8157234e-4	1.5482306e-3	1.2042024e1	1.0797209	
2022-03-03	10:36:37	8.23831e-1	1.46948e-1	-4.11494e1	5.15634e1	1.13622e2	2.8157234e-4	1.5482306e-3	1.2042024e1	1.0797209	
2022-03-03	10:36:37	7.20540e-1	1.48664e-1	-4.10398e1	5.15667e1	1.13617e2	2.4628639e-4	1.5659928e-3	1.2042863e1	1.0797460	
2022-03-03	10:36:38	5.02556e-1	1.49239e-1	-4.10034e1	5.15634e1	1.13614e2	1.7184019e-4	1.5719532e-3	1.2042863e1	1.0797566	
2022-03-03	10:36:38	6.35202e-1	1.43446e-1	-4.13785e1	5.15634e1	1.13609e2	2.1713972e-4	1.5116333e-3	1.2052094e1	1.0797803	
2022-03-03	10:36:39	8.01337e-1	1.46835e-1	-4.11578e1	5.15667e1	1.13608e2	2.7388334e-4	1.5468597e-3	1.2052094e1	1.0797851	
2022-03-03	10:36:39	6.18223e-1	1.49986e-1	-4.09568e1	5.15667e1	1.13606e2	2.1135807e-4	1.5795826e-3	1.2043702e1	1.0797958	
2022-03-03	10:36:40	6.18223e-1	1.49986e-1	-4.09568e1	5.15667e1	1.13606e2	2.1135807e-4	1.5795826e-3	1.2043702e1	1.0797958	
2022-03-03	10:36:40	5.93845e-1	1.50515e-1	-4.09235e1	5.15667e1	1.13605e2	2.0301342e-4	1.5850663e-3	1.2043702e1	1.0798017	
2022-03-03	10:36:41	4.80648e-1	1.47602e-1	-4.11091e1	5.15667e1	1.13601e2	1.6433000e-4	1.5547275e-3	1.2040345e1	1.0798208	
2022-03-03	10:36:41	5.55010e-1	1.52375e-1	-4.08073e1	5.15667e1	1.13599e2	1.8972158e-4	1.6043186e-3	1.2042024e1	1.0798279	
2022-03-03	10:36:42	5.60968e-1	1.50778e-1	-4.09077e1	5.15634e1	1.13596e2	1.9174814e-4	1.5876889e-3	1.2042863e1	1.0798434	
2022-03-03	10:36:42	1.29747	1.38980e-1	-4.16786e1	5.15667e1	1.13587e2	4.4304132e-4	1.4648437e-3	1.2039506e1	1.0798861	
2022-03-03	10:36:43	1.32943	1.34914e-1	-4.19977e1	5.15600e1	1.13106e2	4.5186281e-4	1.4165043e-3	1.2053773e1	1.0821787	
2022-03-03	10:36:43	-9.08873e-1	1.57273e-1	-4.05683e1	5.15600e1	1.12862e2	-3.0910968e-4	1.6444921e-3	1.2040345e1	1.0833477	
2022-03-03	10:36:44	-1.38214	1.67386e-1	-3.99728e1	5.15634e1	1.12866e2	-4.7039985e-4	1.7487406e-3	1.2043702e1	1.0833274	
2022-03-03	10:36:44	2.41851e-1	1.49934e-1	-4.10204e1	5.15667e1	1.12884e2	8.2135200e-5	1.5690326e-3	1.2038667e1	1.0832411	
2022-03-03	10:36:45	1.24660	1.42456e-1	-4.15034e1	5.15634e1	1.12896e2	4.2289495e-4	1.4919042e-3	1.2042024e1	1.0831882	
2022-03-03	10:36:45	1.08980	1.40395e-1	-4.16417e1	5.15634e1	1.12885e2	3.6972761e-4	1.4704465e-3	1.2053773e1	1.0832399	
2022-03-03	10:36:46	6.00845e-1	1.42137e-1	-4.15254e1	5.15667e1	1.12885e2	2.0396709e-4	1.4884471e-3	1.2043702e1	1.0832399	
2022-03-03	10:36:46	7.47376e-1	1.44724e-1	-4.13548e1	5.15634e1	1.12889e2	2.5367736e-4	1.5152692e-3	1.2041184e1	1.0832219	
