"2022-02-22 at 10:28"
System_Date_(Y-M-D)	System_Time_(h:m:s)	CO₂_(µmol_mol⁻¹)	H₂O_(mmol_mol⁻¹)	H₂O_(°C)	Cell_Temperature_(°C)	Cell_Pressure_(kPa)	CO₂_Absorption	H₂O_Absorption	Input_Voltage_(V)	Flow_Rate_(L_min⁻¹)	
2022-02-22	10:28:15	-3.65932e-1	3.20610e-1	-3.37138e1	5.15634e1	1.11046e2	-1.2218952e-4	3.2529234e-3	1.2081468e1	1.0704145	
2022-02-22	10:28:15	-3.65932e-1	3.20610e-1	-3.37138e1	5.15634e1	1.11046e2	-1.2218952e-4	3.2529234e-3	1.2081468e1	1.0704145	
2022-02-22	10:28:16	-4.51246e-1	3.22061e-1	-3.36679e1	5.15667e1	1.11045e2	-1.5068054e-4	3.2671689e-3	1.2081468e1	1.0703397	
2022-02-22	10:28:16	-3.06338e-1	3.21563e-1	-3.36836e1	5.15667e1	1.11046e2	-1.0228157e-4	3.2622814e-3	1.2083146e1	1.0704442	
2022-02-22	10:28:17	-3.06338e-1	3.21563e-1	-3.36836e1	5.15667e1	1.11046e2	-1.0228157e-4	3.2622814e-3	1.2083146e1	1.0704442	
2022-02-22	10:28:17	-3.33804e-1	3.18211e-1	-3.37910e1	5.15667e1	1.11038e2	-1.1146068e-4	3.2289624e-3	1.2085664e1	1.0701797	
2022-02-22	10:28:18	-2.21404e-1	3.19426e-1	-3.37517e1	5.15667e1	1.11044e2	-7.3909759e-5	3.2411217e-3	1.2084825e1	1.0702898	
2022-02-22	10:28:18	-2.66363e-1	3.20442e-1	-3.37193e1	5.15634e1	1.11044e2	-8.8930130e-5	3.2511949e-3	1.2082307e1	1.0702625	
2022-02-22	10:28:19	-3.27780e-1	3.17961e-1	-3.37985e1	5.15667e1	1.11043e2	-1.0943412e-4	3.2266378e-3	1.2083146e1	1.0701464	
2022-02-22	10:28:19	-4.72301e-1	3.16361e-1	-3.38501e1	5.15701e1	1.11040e2	-1.5771389e-4	3.2107234e-3	1.2089021e1	1.0700685	
2022-02-22	10:28:20	-4.86151e-1	3.14773e-1	-3.39010e1	5.15634e1	1.11043e2	-1.6236305e-4	3.1951665e-3	1.2082307e1	1.0702103	
2022-02-22	10:28:20	-3.65607e-1	3.13368e-1	-3.39465e1	5.15634e1	1.11043e2	-1.2207031e-4	3.1812787e-3	1.2085664e1	1.0702466	
2022-02-22	10:28:21	-4.10242e-1	3.12585e-1	-3.39720e1	5.15667e1	1.11041e2	-1.3697147e-4	3.1734704e-3	1.2085664e1	1.0699714	
2022-02-22	10:28:21	-2.95259e-1	3.14203e-1	-3.39196e1	5.15667e1	1.11041e2	-9.8586082e-5	3.1894445e-3	1.2093217e1	1.0701937	
2022-02-22	10:28:22	-1.83955e-1	3.14303e-1	-3.39165e1	5.15667e1	1.11040e2	-6.1392784e-5	3.1903982e-3	1.2085664e1	1.0700619	
2022-02-22	10:28:22	-2.54639e-1	3.13049e-1	-3.39575e1	5.15667e1	1.11036e2	-8.4996223e-5	3.1778812e-3	1.2083985e1	1.0702190	
2022-02-22	10:28:23	-4.37318e-1	3.13697e-1	-3.39364e1	5.15667e1	1.11037e2	-1.4603137e-4	3.1843185e-3	1.2084825e1	1.0699225	
2022-02-22	10:28:23	-5.56818e-1	3.11970e-1	-3.39926e1	5.15667e1	1.11036e2	-1.8596649e-4	3.1672120e-3	1.2083985e1	1.0698817	
2022-02-22	10:28:24	-2.64292e-1	3.13906e-1	-3.39300e1	5.15667e1	1.11033e2	-8.8214874e-5	3.1862854e-3	1.2083146e1	1.0698391	
2022-02-22	10:28:24	-2.36761e-1	3.15429e-1	-3.38806e1	5.15701e1	1.11035e2	-7.9035758e-5	3.2013654e-3	1.2080628e1	1.0698739	
2022-02-22	10:28:25	-3.16313e-1	3.13774e-1	-3.39341e1	5.15667e1	1.11035e2	-1.0561943e-4	3.1850337e-3	1.2086503e1	1.0699206	
2022-02-22	10:28:25	-2.43169e-1	3.11030e-1	-3.40237e1	5.15634e1	1.11030e2	-8.1181526e-5	3.1577944e-3	1.2084825e1	1.0698080	
2022-02-22	10:28:26	-4.74108e-1	3.10855e-1	-3.40294e1	5.15667e1	1.11031e2	-1.5830993e-4	3.1560659e-3	1.2085664e1	1.0695204	
2022-02-22	10:28:26	-4.00590e-1	3.11537e-1	-3.40071e1	5.15667e1	1.11031e2	-1.3375282e-4	3.1628012e-3	1.2083985e1	1.0697222	
2022-02-22	10:28:27	-8.36547e-2	3.10243e-1	-3.40495e1	5.15634e1	1.11029e2	-2.7894973e-5	3.1499862e-3	1.2097413e1	1.0698207	
2022-02-22	10:28:27	-5.17747e-2	3.10000e-1	-3.40576e1	5.15634e1	1.11028e2	-1.7285346e-5	3.1475424e-3	1.2079789e1	1.0697745	
2022-02-22	10:28:28	1.50285e-1	3.12052e-1	-3.39905e1	5.15634e1	1.11029e2	5.0127506e-5	3.1678676e-3	1.2084825e1	1.0694856	
2022-02-22	10:28:28	2.44980e-1	3.14463e-1	-3.39124e1	5.15667e1	1.11028e2	8.1717967e-5	3.1916499e-3	1.2083146e1	1.0695064	
2022-02-22	10:28:29	-1.05362e-1	3.08917e-1	-3.40931e1	5.15667e1	1.11028e2	-3.5166740e-5	3.1368136e-3	1.2083146e1	1.0694346	
2022-02-22	10:28:29	-2.22893e-1	3.08736e-1	-3.40992e1	5.15667e1	1.11026e2	-7.4386596e-5	3.1349658e-3	1.2081468e1	1.0696437	
2022-02-22	10:28:30	-2.25356e-1	3.20541e-1	-3.37180e1	5.15667e1	1.11023e2	-7.5221061e-5	3.2515525e-3	1.2095735e1	1.0696842	
2022-02-22	10:28:30	-3.80249e-1	3.03043e-1	-3.42879e1	5.15667e1	1.11027e2	-1.2695789e-4	3.0786395e-3	1.2078950e1	1.0694417	
2022-02-22	10:28:31	-3.54206e-1	2.89557e-1	-3.47478e1	5.15667e1	1.11028e2	-1.1825561e-4	2.9450058e-3	1.2085664e1	1.0697160	
2022-02-22	10:28:31	-2.84630e-1	3.06773e-1	-3.41635e1	5.15634e1	1.11031e2	-9.5009803e-5	3.1157135e-3	1.2085664e1	1.0695478	
2022-02-22	10:28:32	-5.03380e-1	3.12154e-1	-3.39870e1	5.15634e1	1.11031e2	-1.6808509e-4	3.1689405e-3	1.2093217e1	1.0697120	
2022-02-22	10:28:32	-4.09529e-1	3.08820e-1	-3.40959e1	5.15667e1	1.11033e2	-1.3673305e-4	3.1359791e-3	1.2084825e1	1.0696853	
2022-02-22	10:28:33	-2.41033e-1	3.08784e-1	-3.40973e1	5.15667e1	1.11030e2	-8.0466270e-5	3.1355619e-3	1.2083146e1	1.0694955	
2022-02-22	10:28:33	-3.88084e-1	3.09697e-1	-3.40673e1	5.15634e1	1.11030e2	-1.2958049e-4	3.1446218e-3	1.2085664e1	1.0696426	
2022-02-22	10:28:34	-2.37856e-1	3.08810e-1	-3.40970e1	5.15634e1	1.11024e2	-7.9393386e-5	3.1356811e-3	1.2085664e1	1.0694891	
2022-02-22	10:28:34	-2.73164e-1	3.10217e-1	-3.40505e1	5.15634e1	1.11028e2	-9.1195106e-5	3.1496882e-3	1.2083985e1	1.0695999	
2022-02-22	10:28:35	-3.81732e-1	3.10708e-1	-3.40345e1	5.15600e1	1.11028e2	-1.2743473e-4	3.1545758e-3	1.2085664e1	1.0696182	
2022-02-22	10:28:35	-4.29479e-1	3.06324e-1	-3.41787e1	5.15667e1	1.11027e2	-1.4340877e-4	3.1111240e-3	1.2088181e1	1.0694850	
2022-02-22	10:28:36	-3.77075e-1	3.04277e-1	-3.42465e1	5.15667e1	1.11029e2	-1.2588500e-4	3.0909180e-3	1.2099931e1	1.0694389	
2022-02-22	10:28:36	-2.27164e-1	3.06039e-1	-3.41887e1	5.15600e1	1.11021e2	-7.5817108e-5	3.1082034e-3	1.2086503e1	1.0692754	
2022-02-22	10:28:37	-1.17866e-1	3.04468e-1	-3.42404e1	5.15634e1	1.11026e2	-3.9339065e-5	3.0927658e-3	1.2083985e1	1.0691692	
2022-02-22	10:28:37	-1.25059e-1	3.04260e-1	-3.42479e1	5.15667e1	1.11020e2	-4.1723251e-5	3.0905008e-3	1.2085664e1	1.0692371	
2022-02-22	10:28:38	-3.48893e-1	3.07536e-1	-3.41388e1	5.15634e1	1.11025e2	-1.1646747e-4	3.1231045e-3	1.2085664e1	1.0692106	
2022-02-22	10:28:38	-3.46367e-1	3.09107e-1	-3.40877e1	5.15634e1	1.11019e2	-1.1563301e-4	3.1384825e-3	1.2086503e1	1.0692018	
2022-02-22	10:28:39	-3.03553e-1	3.07208e-1	-3.41499e1	5.15701e1	1.11022e2	-1.0132789e-4	3.1197071e-3	1.2082307e1	1.0687961	
2022-02-22	10:28:39	-1.42553e-1	3.02967e-1	-3.42960e1	5.15667e1	1.10966e2	-4.7564506e-5	3.0761957e-3	1.2084825e1	1.0649437	
2022-02-22	10:28:40	-4.82970e-1	3.04006e-1	-3.42602e1	5.15600e1	1.10977e2	-1.6117095e-4	3.0868649e-3	1.2086503e1	1.0685563	
2022-02-22	10:28:40	-4.71322e-1	3.07730e-1	-3.41335e1	5.15667e1	1.11013e2	-1.5735626e-4	3.1246542e-3	1.2083146e1	1.0694326	
2022-02-22	10:28:41	-3.24600e-1	3.02262e-1	-3.43138e1	5.15634e1	1.11029e2	-1.0836124e-4	3.0710101e-3	1.2081468e1	1.0693920	
2022-02-22	10:28:41	-1.85700e-1	3.04395e-1	-3.42433e1	5.15600e1	1.11021e2	-6.1988830e-5	3.0919313e-3	1.2083146e1	1.0689470	
2022-02-22	10:28:42	-3.87111e-1	3.03986e-1	-3.42580e1	5.15634e1	1.11009e2	-1.2922286e-4	3.0875205e-3	1.2087342e1	1.0687857	
2022-02-22	10:28:42	-3.88216e-1	3.03024e-1	-3.42903e1	5.15667e1	1.11008e2	-1.2958049e-4	3.0779242e-3	1.2091538e1	1.0685464	
2022-02-22	10:28:43	-3.88216e-1	3.03024e-1	-3.42903e1	5.15667e1	1.11008e2	-1.2958049e-4	3.0779242e-3	1.2091538e1	1.0685464	
2022-02-22	10:28:43	-2.20752e-1	3.05161e-1	-3.42193e1	5.15634e1	1.11004e2	-7.3671340e-5	3.0990242e-3	1.2087342e1	1.0687173	
2022-02-22	10:28:44	-6.22077e-2	3.06682e-1	-3.41687e1	5.15667e1	1.11007e2	-2.0742416e-5	3.1141042e-3	1.2083146e1	1.0687600	
2022-02-22	10:28:44	-2.34748e-1	3.03415e-1	-3.42774e1	5.15667e1	1.11006e2	-7.8320503e-5	3.0817389e-3	1.2084825e1	1.0687295	
2022-02-22	10:28:45	-4.10305e-1	3.03469e-1	-3.42752e1	5.15667e1	1.11010e2	-1.3697147e-4	3.0823945e-3	1.2083985e1	1.0686360	
2022-02-22	10:28:45	-4.95993e-1	3.01838e-1	-3.43299e1	5.15634e1	1.11009e2	-1.6558170e-4	3.0662417e-3	1.2096574e1	1.0687607	
2022-02-22	10:28:46	-4.95993e-1	3.01838e-1	-3.43299e1	5.15634e1	1.11009e2	-1.6558170e-4	3.0662417e-3	1.2096574e1	1.0687607	
2022-02-22	10:28:46	-5.40100e1	1.06550e-1	-4.42803e1	5.15634e1	1.11985e2	-1.9648671e-2	1.1103749e-3	1.2080628e1	1.0838145	
2022-02-22	10:28:47	1.87047e2	9.14084e-1	-2.24349e1	5.15634e1	1.11329e2	5.0677957e-2	8.8775749e-3	1.2084825e1	1.0746196	
2022-02-22	10:28:47	3.89990e2	1.39522	-1.75629e1	5.15634e1	1.11103e2	8.9115915e-2	1.3078153e-2	1.2083146e1	1.0695567	
2022-02-22	10:28:48	4.74607e1	4.93058e-1	-2.92392e1	5.15667e1	1.11006e2	1.4901399e-2	4.9307942e-3	1.2083985e1	1.0672287	
2022-02-22	10:28:48	-2.14954e1	2.50642e-1	-3.61972e1	5.15667e1	1.10980e2	-7.3839426e-3	2.5565028e-3	1.2094056e1	1.0672622	
2022-02-22	10:28:49	-2.14954e1	2.50642e-1	-3.61972e1	5.15667e1	1.10980e2	-7.3839426e-3	2.5565028e-3	1.2094056e1	1.0672622	
2022-02-22	10:28:49	-2.48623	2.94491e-1	-3.45797e1	5.15600e1	1.11001e2	-8.3220005e-4	2.9932856e-3	1.2083985e1	1.0685309	
2022-02-22	10:28:50	8.50480e-1	3.04678e-1	-3.42346e1	5.15634e1	1.11014e2	2.8342008e-4	3.0944943e-3	1.2083146e1	1.0687470	
2022-02-22	10:28:50	1.85042	3.03820e-1	-3.42632e1	5.15701e1	1.11013e2	6.1583518e-4	3.0859112e-3	1.2094895e1	1.0687780	
2022-02-22	10:28:51	1.83108	3.05436e-1	-3.42095e1	5.15701e1	1.11012e2	6.0939788e-4	3.1018853e-3	1.2081468e1	1.0686173	
2022-02-22	10:28:51	1.41158	3.04755e-1	-3.42322e1	5.15667e1	1.11011e2	4.7004222e-4	3.0951499e-3	1.2084825e1	1.0685685	
2022-02-22	10:28:52	1.12784	3.01895e-1	-3.43283e1	5.15667e1	1.11004e2	3.7568807e-4	3.0666589e-3	1.2082307e1	1.0683611	
2022-02-22	10:28:52	1.03897	3.02664e-1	-3.43025e1	5.15667e1	1.11005e2	3.4612417e-4	3.0742883e-3	1.2082307e1	1.0683131	
2022-02-22	10:28:53	1.03792	3.02692e-1	-3.43016e1	5.15634e1	1.11005e2	3.4576654e-4	3.0745863e-3	1.2082307e1	1.0681954	
2022-02-22	10:28:53	8.47098e-1	3.03687e-1	-3.42685e1	5.15600e1	1.11003e2	2.8228759e-4	3.0844211e-3	1.2083146e1	1.0683134	
2022-02-22	10:28:54	8.47098e-1	3.03687e-1	-3.42685e1	5.15600e1	1.11003e2	2.8228759e-4	3.0844211e-3	1.2083146e1	1.0683134	
2022-02-22	10:28:54	5.78966e-1	3.02371e-1	-3.43123e1	5.15634e1	1.11005e2	1.9299983e-4	3.0714273e-3	1.2099092e1	1.0683472	
2022-02-22	10:28:55	3.14397e-1	3.02004e-1	-3.43252e1	5.15634e1	1.10999e2	1.0484457e-4	3.0676126e-3	1.2083146e1	1.0681878	
2022-02-22	10:28:55	3.97436e-1	2.99820e-1	-3.43983e1	5.15634e1	1.11003e2	1.3250112e-4	3.0460953e-3	1.2080628e1	1.0681138	
2022-02-22	10:28:56	3.68981e-1	2.96548e-1	-3.45094e1	5.15667e1	1.11001e2	1.2302398e-4	3.0136108e-3	1.2085664e1	1.0680832	
2022-02-22	10:28:56	9.55866e-2	2.98172e-1	-3.44542e1	5.15667e1	1.11001e2	3.1888484e-5	3.0297040e-3	1.2083985e1	1.0679187	
2022-02-22	10:28:57	2.06608e-1	3.00279e-1	-3.43830e1	5.15667e1	1.11001e2	6.8902969e-5	3.0505657e-3	1.2079789e1	1.0682135	
2022-02-22	10:28:57	3.72349e-1	2.99062e-1	-3.44241e1	5.15634e1	1.11000e2	1.2415647e-4	3.0385255e-3	1.2083985e1	1.0681519	
2022-02-22	10:28:58	4.40002e-2	3.00308e-1	-3.43824e1	5.15600e1	1.10997e2	1.4662742e-5	3.0508041e-3	1.2083146e1	1.0682041	
2022-02-22	10:28:58	-1.67949e-1	3.01815e-1	-3.43315e1	5.15634e1	111	-5.6028366e-5	3.0657649e-3	1.2082307e1	1.0681202	
2022-02-22	10:28:59	-5.78654e-2	3.00131e-1	-3.43883e1	5.15634e1	1.10997e2	-1.9311904e-5	3.0490159e-3	1.2085664e1	1.0681322	
2022-02-22	10:28:59	-3.86209e-2	2.98036e-1	-3.44593e1	5.15667e1	1.10996e2	-1.2874603e-5	3.0282139e-3	1.2097413e1	1.0679532	
2022-02-22	10:29:00	-3.78432e-2	2.94696e-1	-3.45735e1	5.15667e1	1.10992e2	-1.2636184e-5	2.9950141e-3	1.2083985e1	1.0679084	
2022-02-22	10:29:00	3.46693e-2	2.95069e-1	-3.45607e1	5.15667e1	1.10992e2	1.1563301e-5	2.9987096e-3	1.2088181e1	1.0677804	
