"2022-03-11 at 13:36"
System_Date_(Y-M-D)	System_Time_(h:m:s)	CO₂_(µmol_mol⁻¹)	H₂O_(mmol_mol⁻¹)	H₂O_(°C)	Cell_Temperature_(°C)	Cell_Pressure_(kPa)	CO₂_Absorption	H₂O_Absorption	Input_Voltage_(V)	Flow_Rate_(L_min⁻¹)	
2022-03-11	13:36:29	1.54380	8.39692e-2	-4.62838e1	5.15634e1	1.13963e2	5.2887201e-4	8.9228153e-4	1.2077271e1	1.0780920	
2022-03-11	13:36:29	1.54380	8.39692e-2	-4.62838e1	5.15634e1	1.13963e2	5.2887201e-4	8.9228153e-4	1.2077271e1	1.0780920	
2022-03-11	13:36:30	1.72155	8.35079e-2	-4.63329e1	5.15634e1	1.13968e2	5.8966875e-4	8.8745355e-4	1.2082307e1	1.0780695	
2022-03-11	13:36:30	1.72155	8.35079e-2	-4.63329e1	5.15634e1	1.13968e2	5.8966875e-4	8.8745355e-4	1.2082307e1	1.0780695	
2022-03-11	13:36:31	1.58119	8.30569e-2	-4.63815e1	5.15667e1	1.13968e2	5.4168701e-4	8.8268518e-4	1.2078111e1	1.0780707	
2022-03-11	13:36:31	1.37280	8.04763e-2	-4.66642e1	5.15600e1	1.13972e2	4.7045946e-4	8.5550546e-4	1.2080628e1	1.0780507	
2022-03-11	13:36:32	1.52580	7.95001e-2	-4.67734e1	5.15600e1	1.13971e2	5.2279233e-4	8.4519386e-4	1.2093217e1	1.0780553	
2022-03-11	13:36:32	1.63775	7.91944e-2	-4.68078e1	5.15600e1	1.13972e2	5.6105852e-4	8.4197521e-4	1.2088181e1	1.0780495	
2022-03-11	13:36:33	1.63775	7.91944e-2	-4.68078e1	5.15600e1	1.13972e2	5.6105852e-4	8.4197521e-4	1.2088181e1	1.0780495	
2022-03-11	13:36:33	1.51335	8.18892e-2	-4.65083e1	5.15600e1	1.13971e2	5.1850080e-4	8.7040662e-4	1.2085664e1	1.0780565	
2022-03-11	13:36:34	1.66390	8.35047e-2	-4.63330e1	5.15600e1	1.13971e2	5.6999921e-4	8.8745355e-4	1.2085664e1	1.0780541	
2022-03-11	13:36:34	1.47921	8.02202e-2	-4.66925e1	5.15600e1	1.13975e2	5.0687789e-4	8.5282325e-4	1.2080628e1	1.0780376	
2022-03-11	13:36:35	1.50207	8.02195e-2	-4.66924e1	5.15634e1	1.13977e2	5.1468610e-4	8.5282325e-4	1.2088181e1	1.0780270	
2022-03-11	13:36:35	1.60715	7.99604e-2	-4.67213e1	5.15667e1	1.13977e2	5.5062770e-4	8.5008144e-4	1.2080628e1	1.0780258	
2022-03-11	13:36:36	1.60715	7.99604e-2	-4.67213e1	5.15667e1	1.13977e2	5.5062770e-4	8.5008144e-4	1.2080628e1	1.0780258	
2022-03-11	13:36:36	1.45787	8.11010e-2	-4.65941e1	5.15600e1	1.13983e2	4.9960613e-4	8.6218118e-4	1.2081468e1	1.0779986	
2022-03-11	13:36:37	1.61094	8.08197e-2	-4.66253e1	5.15600e1	1.13982e2	5.5193901e-4	8.5920095e-4	1.2083985e1	1.0780057	
2022-03-11	13:36:37	1.54263	8.06398e-2	-4.66453e1	5.15634e1	1.13982e2	5.2857398e-4	8.5729360e-4	1.2088181e1	1.0780057	
2022-03-11	13:36:38	1.54944	7.95903e-2	-4.67626e1	5.15634e1	1.13981e2	5.3089857e-4	8.4620714e-4	1.2075593e1	1.0780104	
2022-03-11	13:36:38	1.67088	8.26104e-2	-4.64293e1	5.15667e1	1.13976e2	5.7238340e-4	8.7803602e-4	1.2082307e1	1.0780329	
2022-03-11	13:36:39	1.67088	8.26104e-2	-4.64293e1	5.15667e1	1.13976e2	5.7238340e-4	8.7803602e-4	1.2082307e1	1.0780329	
2022-03-11	13:36:39	1.44502	8.02767e-2	-4.66856e1	5.15600e1	1.13983e2	4.9519538e-4	8.5347890e-4	1.2083146e1	1.0779998	
2022-03-11	13:36:40	1.63932	8.33277e-2	-4.63511e1	5.15634e1	1.13983e2	5.6165456e-4	8.8566541e-4	1.2078950e1	1.0780010	
2022-03-11	13:36:40	1.80931	8.11388e-2	-4.65902e1	5.15634e1	1.13979e2	6.1970949e-4	8.6253881e-4	1.2080628e1	1.0780187	
2022-03-11	13:36:41	1.74771	8.28313e-2	-4.64049e1	5.15634e1	1.13982e2	5.9866905e-4	8.8042020e-4	1.2083985e1	1.0780057	
2022-03-11	13:36:41	1.63265	8.11265e-2	-4.65914e1	5.15667e1	1.13981e2	5.5932998e-4	8.6241960e-4	1.2080628e1	1.0780069	
2022-03-11	13:36:42	1.47527	8.13381e-2	-4.65678e1	5.15634e1	1.13985e2	5.0556659e-4	8.6468458e-4	1.2089021e1	1.0779927	
2022-03-11	13:36:42	1.62821	8.51222e-2	-4.61594e1	5.15600e1	1.13985e2	5.5783987e-4	9.0461969e-4	1.2094056e1	1.0779916	
2022-03-11	13:36:43	1.73231	8.28640e-2	-4.64013e1	5.15600e1	1.13982e2	5.9342384e-4	8.8077783e-4	1.2091538e1	1.0780034	
2022-03-11	13:36:43	1.74088	8.06118e-2	-4.66479e1	5.15600e1	1.13988e2	5.9640407e-4	8.5705518e-4	1.2087342e1	1.0779750	
2022-03-11	13:36:44	2.09326	8.21055e-2	-4.64841e1	5.15634e1	1.13978e2	7.1668624e-4	8.7273120e-4	1.2084825e1	1.0780246	
2022-03-11	13:36:44	1.33695	8.25807e-2	-4.64318e1	5.15667e1	1.13986e2	4.5824050e-4	8.7779760e-4	1.2086503e1	1.0779868	
2022-03-11	13:36:45	7.92292e-1	8.12133e-2	-4.65803e1	5.15634e1	1.14001e2	2.7179718e-4	8.6349248e-4	1.2080628e1	1.0779147	
2022-03-11	13:36:45	-1.69760e-2	1.07616e-1	-4.40164e1	5.15600e1	1.14107e2	-5.8412551e-6	1.1426210e-3	1.2096574e1	1.0774151	
2022-03-11	13:36:46	7.16813e-1	9.78971e-2	-4.48174e1	5.15600e1	1.14934e2	2.4813413e-4	1.0478496e-3	1.2083146e1	1.0735406	
2022-03-11	13:36:46	3.68754	5.67162e-2	-4.96461e1	5.15634e1	1.15303e2	1.2757182e-3	6.1124563e-4	1.2081468e1	1.0718477	
2022-03-11	13:36:47	3.57869	5.78629e-2	-4.94625e1	5.15634e1	1.15432e2	1.2397766e-3	6.2423944e-4	1.2083146e1	1.0712288	
2022-03-11	13:36:47	1.82068	7.48294e-2	-4.71956e1	5.15667e1	1.15490e2	6.3258409e-4	8.0645084e-4	1.2085664e1	1.0709434	
2022-03-11	13:36:48	9.90608e-1	8.38629e-2	-4.61739e1	5.15634e1	1.15511e2	3.4463405e-4	9.0324878e-4	1.2080628e1	1.0708484	
2022-03-11	13:36:48	8.31897e-1	8.40648e-2	-4.61514e1	5.15567e1	1.15522e2	2.8949975e-4	9.0551376e-4	1.2082307e1	1.0707963	
2022-03-11	13:36:49	8.25023e-1	8.44359e-2	-4.61115e1	5.15567e1	1.15525e2	2.8711557e-4	9.0950727e-4	1.2084825e1	1.0707812	
2022-03-11	13:36:49	1.03159	8.60582e-2	-4.59399e1	5.15601e1	1.15527e2	3.5893917e-4	9.2685222e-4	1.2083146e1	1.0707731	
2022-03-11	13:36:50	1.45957	8.24742e-2	-4.63228e1	5.15634e1	1.15527e2	5.0753355e-4	8.8852643e-4	1.2091538e1	1.0707731	
2022-03-11	13:36:50	1.45957	8.24742e-2	-4.63228e1	5.15634e1	1.15527e2	5.0753355e-4	8.8852643e-4	1.2091538e1	1.0707731	
2022-03-11	13:36:51	1.70401	8.18216e-2	-4.63941e1	5.15600e1	1.15526e2	5.9235095e-4	8.8155269e-4	1.2084825e1	1.0707755	
2022-03-11	13:36:51	1.75442	8.25597e-2	-4.63139e1	5.15567e1	1.15522e2	6.0981512e-4	8.8942050e-4	1.2083985e1	1.0707963	
2022-03-11	13:36:52	1.54693	8.29265e-2	-4.62742e1	5.15667e1	1.15519e2	5.3781270e-4	8.9329481e-4	1.2080628e1	1.0708090	
2022-03-11	13:36:52	1.53750	8.36648e-2	-4.61949e1	5.15634e1	1.15515e2	5.3453445e-4	9.0116262e-4	1.2089021e1	1.0708299	
2022-03-11	13:36:53	1.85001	8.44736e-2	-4.61083e1	5.15634e1	1.15514e2	6.4289569e-4	9.0980529e-4	1.2079789e1	1.0708322	
2022-03-11	13:36:53	1.85001	8.44736e-2	-4.61083e1	5.15634e1	1.15514e2	6.4289569e-4	9.0980529e-4	1.2079789e1	1.0708322	
2022-03-11	13:36:54	1.79968	8.24322e-2	-4.63283e1	5.15600e1	1.15514e2	6.2543153e-4	8.8798999e-4	1.2094056e1	1.0708310	
2022-03-11	13:36:54	1.64189	8.25813e-2	-4.63126e1	5.15567e1	1.15507e2	5.7071447e-4	8.8953971e-4	1.2082307e1	1.0708634	
2022-03-11	13:36:55	1.55843	7.93934e-2	-4.66657e1	5.15567e1	1.15508e2	5.4174661e-4	8.5544586e-4	1.2082307e1	1.0708624	
2022-03-11	13:36:55	1.59654	8.03186e-2	-4.65618e1	5.15600e1	1.15508e2	5.5497884e-4	8.6534023e-4	1.2083985e1	1.0708589	
2022-03-11	13:36:56	1.55199	8.30138e-2	-4.62658e1	5.15667e1	1.15506e2	5.3948163e-4	8.9412927e-4	1.2093217e1	1.0708681	
2022-03-11	13:36:56	1.55199	8.30138e-2	-4.62658e1	5.15667e1	1.15506e2	5.3948163e-4	8.9412927e-4	1.2093217e1	1.0708681	
2022-03-11	13:36:57	1.63152	7.87597e-2	-4.67374e1	5.15600e1	1.15507e2	5.6707859e-4	8.4865093e-4	1.2083985e1	1.0708658	
2022-03-11	13:36:57	1.53021	7.77123e-2	-4.68571e1	5.15600e1	1.15507e2	5.3197145e-4	8.3744525e-4	1.2085664e1	1.0708646	
2022-03-11	13:36:58	1.53925	8.25256e-2	-4.63191e1	5.15634e1	1.15502e2	5.3507089e-4	8.8888406e-4	1.2093217e1	1.0708889	
2022-03-11	13:36:58	-1.70638e1	1.17595e-1	-4.30743e1	5.15667e1	1.15631e2	-6.0931444e-3	1.2640953e-3	1.2090699e1	1.0702915	
2022-03-11	13:36:59	1.00397e2	7.65454e-2	-4.69492e1	5.15667e1	1.16065e2	3.1064808e-2	8.2892179e-4	1.2092378e1	1.0682874	
2022-03-11	13:36:59	1.00397e2	7.65454e-2	-4.69492e1	5.15667e1	1.16065e2	3.1064808e-2	8.2892179e-4	1.2092378e1	1.0682874	
2022-03-11	13:37:00	4.83223e2	7.54576e-2	-4.71230e1	5.15634e1	1.15465e2	1.0745221e-1	8.1300735e-4	1.2079789e1	1.0710594	
2022-03-11	13:37:00	-3.10131e1	9.32515e-2	-4.52321e1	5.15600e1	1.15286e2	-1.1260509e-2	1.0015964e-3	1.2082307e1	1.0718894	
2022-03-11	13:37:01	-2.78234e1	8.81770e-2	-4.57407e1	5.15600e1	1.15267e2	-1.0053992e-2	9.4735622e-4	1.2085664e1	1.0719813	
2022-03-11	13:37:01	-1.07410e1	8.81440e-2	-4.57458e1	5.15600e1	1.15244e2	-3.7878751e-3	9.4681978e-4	1.2094056e1	1.0720858	
2022-03-11	13:37:02	-3.07910	8.65912e-2	-4.59065e1	5.15600e1	1.15242e2	-1.0744333e-3	9.3024969e-4	1.2079789e1	1.0720963	
2022-03-11	13:37:02	-3.07910	8.65912e-2	-4.59065e1	5.15600e1	1.15242e2	-1.0744333e-3	9.3024969e-4	1.2079789e1	1.0720963	
2022-03-11	13:37:03	-5.71579e-1	8.37490e-2	-4.62044e1	5.15600e1	1.15276e2	-1.9884109e-4	9.0020895e-4	1.2083146e1	1.0719382	
2022-03-11	13:37:03	1.58383	8.01284e-2	-4.65910e1	5.15634e1	1.15407e2	5.5003166e-4	8.6253881e-4	1.2084825e1	1.0713297	
2022-03-11	13:37:04	1.67208	8.14634e-2	-4.64437e1	5.15600e1	1.15395e2	5.8054924e-4	8.7672472e-4	1.2082307e1	1.0713841	
2022-03-11	13:37:04	1.67208	8.14634e-2	-4.64437e1	5.15600e1	1.15395e2	5.8054924e-4	8.7672472e-4	1.2082307e1	1.0713841	
2022-03-11	13:37:05	1.31993	8.26986e-2	-4.63088e1	5.15600e1	1.15392e2	4.5847892e-4	8.8989734e-4	1.2082307e1	1.0713981	
2022-03-11	13:37:05	1.29404	8.23986e-2	-4.63410e1	5.15600e1	1.15398e2	4.4953823e-4	8.8673830e-4	1.2078950e1	1.0713703	
2022-03-11	13:37:06	1.29404	8.23986e-2	-4.63410e1	5.15600e1	1.15398e2	4.4953823e-4	8.8673830e-4	1.2078950e1	1.0713703	
2022-03-11	13:37:06	1.40057	8.40665e-2	-4.61596e1	5.15600e1	1.15414e2	4.8655271e-4	9.0467929e-4	1.2083985e1	1.0712960	
2022-03-11	13:37:07	1.66944	8.31281e-2	-4.62598e1	5.15634e1	1.15424e2	5.7977437e-4	8.9472532e-4	1.2083146e1	1.0712485	
2022-03-11	13:37:07	1.71031	8.08548e-2	-4.65085e1	5.15600e1	1.15427e2	5.9396028e-4	8.7046623e-4	1.2082307e1	1.0712333	
2022-03-11	13:37:08	1.58868	7.91883e-2	-4.66945e1	5.15600e1	1.15435e2	5.5187940e-4	8.5270404e-4	1.2081468e1	1.0712009	
2022-03-11	13:37:08	1.42089	8.10254e-2	-4.64886e1	5.15634e1	1.15440e2	4.9370527e-4	8.7237358e-4	1.2082307e1	1.0711765	
2022-03-11	13:37:09	1.42089	8.10254e-2	-4.64886e1	5.15634e1	1.15440e2	4.9370527e-4	8.7237358e-4	1.2082307e1	1.0711765	
2022-03-11	13:37:09	1.69950	7.93312e-2	-4.66777e1	5.15534e1	1.15443e2	5.9032440e-4	8.5431337e-4	1.2078950e1	1.0711603	
2022-03-11	13:37:10	1.77000	7.88514e-2	-4.67318e1	5.15567e1	1.15445e2	6.1476230e-4	8.4918737e-4	1.2089021e1	1.0711522	
2022-03-11	13:37:10	1.72205	8.14281e-2	-4.64438e1	5.15600e1	1.15445e2	5.9813261e-4	8.7672472e-4	1.2079789e1	1.0711534	
2022-03-11	13:37:11	1.62535	8.46181e-2	-4.60983e1	5.15600e1	1.15445e2	5.6463479e-4	9.1081857e-4	1.2081468e1	1.0711499	
2022-03-11	13:37:11	1.62628	8.29686e-2	-4.62755e1	5.15634e1	1.15444e2	5.6493282e-4	8.9317560e-4	1.2086503e1	1.0711556	
2022-03-11	13:37:12	1.62628	8.29686e-2	-4.62755e1	5.15634e1	1.15444e2	5.6493282e-4	8.9317560e-4	1.2086503e1	1.0711556	
2022-03-11	13:37:12	1.34506	8.17771e-2	-4.64031e1	5.15667e1	1.15474e2	4.6753883e-4	8.8065862e-4	1.2083985e1	1.0710188	
2022-03-11	13:37:13	2.99313	6.98550e-2	-4.78092e1	5.15600e1	1.15450e2	1.0378956e-3	7.5292587e-4	1.2082307e1	1.0711313	
2022-03-11	13:37:13	2.57105	7.39879e-2	-4.73551e1	5.15567e1	1.14728e2	8.8602304e-4	7.9220533e-4	1.2086503e1	1.0744953	
2022-03-11	13:37:14	-3.32793e-1	9.66185e-2	-4.49775e1	5.15600e1	1.14428e2	-1.1479854e-4	1.0297298e-3	1.2083146e1	1.0759040	
2022-03-11	13:37:14	-1.93005e-1	9.85791e-2	-4.48018e1	5.15634e1	1.14335e2	-6.6518783e-5	1.0495781e-3	1.2081468e1	1.0763415	
2022-03-11	13:37:15	-1.93005e-1	9.85791e-2	-4.48018e1	5.15634e1	1.14335e2	-6.6518783e-5	1.0495781e-3	1.2081468e1	1.0763415	
2022-03-11	13:37:15	2.25328	7.96485e-2	-4.67297e1	5.15667e1	1.14316e2	7.7378749e-4	8.4930658e-4	1.2081468e1	1.0764262	
2022-03-11	13:37:16	2.30228	7.82048e-2	-4.68930e1	5.15634e1	1.14319e2	7.9059600e-4	8.3404779e-4	1.2081468e1	1.0764132	
2022-03-11	13:37:16	2.43919	7.78114e-2	-4.69374e1	5.15634e1	1.14327e2	8.3750486e-4	8.2993507e-4	1.2083985e1	1.0763779	
2022-03-11	13:37:17	2.57576	7.83417e-2	-4.68764e1	5.15600e1	1.14332e2	8.8429450e-4	8.3559751e-4	1.2083146e1	1.0763545	
2022-03-11	13:37:17	1.89698	7.68340e-2	-4.70492e1	5.15600e1	1.14340e2	6.5189599e-4	8.1968307e-4	1.2085664e1	1.0763168	
2022-03-11	13:37:18	1.36501	7.72984e-2	-4.69952e1	5.15600e1	1.14344e2	4.6944618e-4	8.2463026e-4	1.2081468e1	1.0762991	
2022-03-11	13:37:18	1.55301	9.76597e-2	-4.48858e1	5.15600e1	1.14352e2	5.3399801e-4	1.0400414e-3	1.2084825e1	1.0762603	
2022-03-11	13:37:19	1.58526	9.54518e-2	-4.50940e1	5.15600e1	1.14353e2	5.4508447e-4	1.0167360e-3	1.2083985e1	1.0762732	
2022-03-11	13:37:19	1.45482	7.21403e-2	-4.76084e1	5.15634e1	1.14356e2	5.0032138e-4	7.7003240e-4	1.2089021e1	1.0762842	
2022-03-11	13:37:20	1.34319	7.61203e-2	-4.71309e1	5.15701e1	1.14359e2	4.6199560e-4	8.1223249e-4	1.2081468e1	1.0762438	
2022-03-11	13:37:20	1.34104	8.33003e-2	-4.63245e1	5.15667e1	1.14359e2	4.6128034e-4	8.8828802e-4	1.2081468e1	1.0762262	
2022-03-11	13:37:21	1.62576	8.57561e-2	-4.60626e1	5.15634e1	1.14365e2	5.5903196e-4	9.1433525e-4	1.2094056e1	1.0761967	
2022-03-11	13:37:21	1.51622	8.63229e-2	-4.60036e1	5.15634e1	1.14361e2	5.2142143e-4	9.2029571e-4	1.2079789e1	1.0762180	
2022-03-11	13:37:22	1.30982	8.44589e-2	-4.61997e1	5.15634e1	1.14367e2	4.5061111e-4	9.0062618e-4	1.2078111e1	1.0761861	
2022-03-11	13:37:22	1.42213	8.13390e-2	-4.65376e1	5.15634e1	1.14368e2	4.8917531e-4	8.6760520e-4	1.2076432e1	1.0761815	
2022-03-11	13:37:23	1.56026	8.07130e-2	-4.66061e1	5.15600e1	1.14377e2	5.3662061e-4	8.6104869e-4	1.2080628e1	1.0761414	
2022-03-11	13:37:23	1.70602	8.28924e-2	-4.63673e1	5.15600e1	1.14375e2	5.8662891e-4	8.8411569e-4	1.2081468e1	1.0761486	
2022-03-11	13:37:24	1.69014	8.34376e-2	-4.63082e1	5.15634e1	1.14378e2	5.8120489e-4	8.8989734e-4	1.2083985e1	1.0761368	
2022-03-11	13:37:24	1.65457	7.89300e-2	-4.68060e1	5.15634e1	1.14377e2	5.6898593e-4	8.4215402e-4	1.2080628e1	1.0761404	
2022-03-11	13:37:25	1.67630	8.01496e-2	-4.66688e1	5.15600e1	1.14378e2	5.7643651e-4	8.5508823e-4	1.2080628e1	1.0761368	
2022-03-11	13:37:25	1.53672	8.36480e-2	-4.62852e1	5.15634e1	1.14383e2	5.2857398e-4	8.9216232e-4	1.2090699e1	1.0761144	
2022-03-11	13:37:26	1.72064	8.04159e-2	-4.66386e1	5.15634e1	1.14385e2	5.9169530e-4	8.5794925e-4	1.2083146e1	1.0761061	
2022-03-11	13:37:26	1.61510	7.81494e-2	-4.68944e1	5.15600e1	1.14382e2	5.5545568e-4	8.3392858e-4	1.2080628e1	1.0761168	
