"2022-02-16 at 15:26"
System_Date_(Y-M-D)	System_Time_(h:m:s)	CO₂_(µmol_mol⁻¹)	H₂O_(mmol_mol⁻¹)	H₂O_(°C)	Cell_Temperature_(°C)	Cell_Pressure_(kPa)	CO₂_Absorption	H₂O_Absorption	Input_Voltage_(V)	Flow_Rate_(L_min⁻¹)	
2022-02-16	15:26:15	3.82104e-1	1.30892e-1	-4.24670e1	5.15600e1	1.10884e2	1.2725591e-4	1.3477802e-3	1.2031953e1	1.0517508	
2022-02-16	15:26:15	1.89351e-1	1.34079e-1	-4.22419e1	5.15634e1	1.10884e2	6.3061714e-5	1.3802051e-3	1.2036988e1	1.0516115	
2022-02-16	15:26:16	-3.56374e-3	1.37385e-1	-4.20137e1	5.15600e1	1.10883e2	-1.1920928e-6	1.4138221e-3	1.2023559e1	1.0517301	
2022-02-16	15:26:16	3.92869e-1	1.32076e-1	-4.23828e1	5.15634e1	1.10884e2	1.3083219e-4	1.3598203e-3	1.2029434e1	1.0516952	
2022-02-16	15:26:17	4.17436e-1	1.33666e-1	-4.22710e1	5.15634e1	1.10882e2	1.3899803e-4	1.3759732e-3	1.2025238e1	1.0516129	
2022-02-16	15:26:17	4.73116e-1	1.35457e-1	-4.21467e1	5.15600e1	1.10878e2	1.5753507e-4	1.3941526e-3	1.2036149e1	1.0515495	
2022-02-16	15:26:18	4.73116e-1	1.35457e-1	-4.21467e1	5.15600e1	1.10878e2	1.5753507e-4	1.3941526e-3	1.2036149e1	1.0515495	
2022-02-16	15:26:18	3.56760e-1	1.32187e-1	-4.23758e1	5.15600e1	1.10874e2	1.1879205e-4	1.3608336e-3	1.2027755e1	1.0515208	
2022-02-16	15:26:19	5.26463e-1	1.33074e-1	-4.23131e1	5.15567e1	1.10875e2	1.7529726e-4	1.3698935e-3	1.2027755e1	1.0513558	
2022-02-16	15:26:19	3.97985e-1	1.32825e-1	-4.23303e1	5.15600e1	1.10879e2	1.3256072e-4	1.3673901e-3	1.2030273e1	1.0511801	
2022-02-16	15:26:20	1.58761e-1	1.34530e-1	-4.22117e1	5.15600e1	1.10869e2	5.2869319e-5	1.3846158e-3	1.2038667e1	1.0512181	
2022-02-16	15:26:20	3.21824e-1	1.33743e-1	-4.22666e1	5.15600e1	1.10871e2	1.0716915e-4	1.3766288e-3	1.2034471e1	1.0511169	
2022-02-16	15:26:21	3.21824e-1	1.33743e-1	-4.22666e1	5.15600e1	1.10871e2	1.0716915e-4	1.3766288e-3	1.2034471e1	1.0511169	
2022-02-16	15:26:21	3.21824e-1	1.33743e-1	-4.22666e1	5.15600e1	1.10871e2	1.0716915e-4	1.3766288e-3	1.2034471e1	1.0511169	
2022-02-16	15:26:22	4.25794e-1	1.32436e-1	-4.23584e1	5.15600e1	1.10871e2	1.4179944e-4	1.3633370e-3	1.2028595e1	1.0510135	
2022-02-16	15:26:22	3.94814e-1	1.35563e-1	-4.21397e1	5.15634e1	1.10874e2	1.3148784e-4	1.3951659e-3	1.2029434e1	1.0508146	
2022-02-16	15:26:23	4.23335e-1	1.34233e-1	-4.22321e1	5.15634e1	1.10874e2	1.4096498e-4	1.3816356e-3	1.2025238e1	1.0510190	
2022-02-16	15:26:23	1.89740e-1	1.30733e-1	-4.24794e1	5.15634e1	1.10871e2	6.3180923e-5	1.3459920e-3	1.2028595e1	1.0509763	
2022-02-16	15:26:24	1.55002e-1	1.33514e-1	-4.22826e1	5.15600e1	1.10871e2	5.1617622e-5	1.3743042e-3	1.2036149e1	1.0508462	
2022-02-16	15:26:24	1.55002e-1	1.33514e-1	-4.22826e1	5.15600e1	1.10871e2	5.1617622e-5	1.3743042e-3	1.2036149e1	1.0508462	
2022-02-16	15:26:25	4.13672e-1	1.34210e-1	-4.22342e1	5.15600e1	1.10868e2	1.3774633e-4	1.3813376e-3	1.2027755e1	1.0509278	
2022-02-16	15:26:25	2.73148e-1	1.30909e-1	-4.24674e1	5.15600e1	1.10865e2	9.0956687e-5	1.3477206e-3	1.2030273e1	1.0506725	
2022-02-16	15:26:26	3.90920e-1	1.33198e-1	-4.23056e1	5.15600e1	1.10861e2	1.3017654e-4	1.3709664e-3	1.2027755e1	1.0508762	
2022-02-16	15:26:26	4.00449e-1	1.33905e-1	-4.22559e1	5.15600e1	1.10863e2	1.3333559e-4	1.3781785e-3	1.2026916e1	1.0506528	
2022-02-16	15:26:27	3.65900e-1	1.34006e-1	-4.22489e1	5.15600e1	1.10862e2	1.2183189e-4	1.3791918e-3	1.2041184e1	1.0505460	
2022-02-16	15:26:27	3.65900e-1	1.34006e-1	-4.22489e1	5.15600e1	1.10862e2	1.2183189e-4	1.3791918e-3	1.2041184e1	1.0505460	
2022-02-16	15:26:28	3.64409e-1	1.34028e-1	-4.22473e1	5.15600e1	1.10863e2	1.2135505e-4	1.3794302e-3	1.2023559e1	1.0505982	
2022-02-16	15:26:28	1.25581e-1	1.34756e-1	-4.21966e1	5.15600e1	1.10862e2	4.1842460e-5	1.3868212e-3	1.2020202e1	1.0507146	
2022-02-16	15:26:29	2.87605e-1	1.32539e-1	-4.23517e1	5.15634e1	1.10865e2	9.5784664e-5	1.3642907e-3	1.2040345e1	1.0503550	
2022-02-16	15:26:29	3.94036e-1	1.33766e-1	-4.22660e1	5.15634e1	1.10858e2	1.3118982e-4	1.3766884e-3	1.2030273e1	1.0503882	
2022-02-16	15:26:30	3.43152e-1	1.32733e-1	-4.23385e1	5.15634e1	1.10859e2	1.1426210e-4	1.3661980e-3	1.2043702e1	1.0503544	
2022-02-16	15:26:30	3.43152e-1	1.32733e-1	-4.23385e1	5.15634e1	1.10859e2	1.1426210e-4	1.3661980e-3	1.2043702e1	1.0503544	
2022-02-16	15:26:31	2.27975e-1	1.31203e-1	-4.24469e1	5.15600e1	1.10859e2	7.5936317e-5	1.3506412e-3	1.2028595e1	1.0501602	
2022-02-16	15:26:31	2.54939e-1	1.30643e-1	-4.24873e1	5.15634e1	1.10853e2	8.4877014e-5	1.3448596e-3	1.2026916e1	1.0500491	
2022-02-16	15:26:32	4.28646e-1	1.32960e-1	-4.23229e1	5.15600e1	1.10854e2	1.4269351e-4	1.3684630e-3	1.2026077e1	1.0500153	
2022-02-16	15:26:32	5.39370e-1	1.33737e-1	-4.22686e1	5.15600e1	1.10851e2	1.7952919e-4	1.3763308e-3	1.2028595e1	1.0498608	
2022-02-16	15:26:33	3.61297e-1	1.32097e-1	-4.23841e1	5.15600e1	1.10851e2	1.2028217e-4	1.3596415e-3	1.2032792e1	1.0498830	
2022-02-16	15:26:33	3.61297e-1	1.32097e-1	-4.23841e1	5.15600e1	1.10851e2	1.2028217e-4	1.3596415e-3	1.2032792e1	1.0498830	
2022-02-16	15:26:34	7.64676e-1	1.28956e-1	-4.26092e1	5.15600e1	1.10847e2	2.5445222e-4	1.3276338e-3	1.2028595e1	1.0498052	
2022-02-16	15:26:34	4.02263e-1	1.31300e-1	-4.24410e1	5.15600e1	1.10846e2	1.3393163e-4	1.3514757e-3	1.2027755e1	1.0498007	
2022-02-16	15:26:35	-1.33404e-1	1.28316e-1	-4.26554e1	5.15600e1	1.10849e2	-4.4465065e-5	1.3211369e-3	1.2019363e1	1.0497225	
2022-02-16	15:26:35	1.93498e-1	1.44756e-1	-4.15252e1	5.15600e1	1.10845e2	6.4432621e-5	1.4882087e-3	1.2026077e1	1.0497066	
2022-02-16	15:26:36	2.05100e-1	1.39349e-1	-4.18834e1	5.15634e1	1.10847e2	6.8306922e-5	1.4333128e-3	1.2024399e1	1.0496004	
2022-02-16	15:26:36	2.05100e-1	1.39349e-1	-4.18834e1	5.15634e1	1.10847e2	6.8306922e-5	1.4333128e-3	1.2024399e1	1.0496004	
2022-02-16	15:26:37	2.09571e-1	1.31030e-1	-4.24601e1	5.15634e1	1.10848e2	6.9797039e-5	1.3487339e-3	1.2032792e1	1.0497273	
2022-02-16	15:26:37	2.77105e-1	1.34231e-1	-4.22345e1	5.15634e1	1.10846e2	9.2267990e-5	1.3812780e-3	1.2022720e1	1.0497635	
2022-02-16	15:26:38	1.73277e-1	1.33096e-1	-4.23142e1	5.15600e1	1.10844e2	5.7697296e-5	1.3697147e-3	1.2023559e1	1.0496275	
2022-02-16	15:26:38	2.47677e-1	1.31999e-1	-4.23915e1	5.15600e1	1.10845e2	8.2492828e-5	1.3585686e-3	1.2030273e1	1.0497334	
2022-02-16	15:26:39	3.28114e-1	1.29205e-1	-4.25917e1	5.15634e1	1.10841e2	1.0925531e-4	1.3300776e-3	1.2026916e1	1.0496859	
2022-02-16	15:26:39	3.28114e-1	1.29205e-1	-4.25917e1	5.15634e1	1.10841e2	1.0925531e-4	1.3300776e-3	1.2026916e1	1.0496859	
2022-02-16	15:26:40	1.01473e-1	1.33939e-1	-4.22552e1	5.15567e1	1.10844e2	3.3795833e-5	1.3782978e-3	1.2044541e1	1.0492924	
2022-02-16	15:26:40	2.63489e-1	1.34577e-1	-4.22106e1	5.15567e1	1.10844e2	8.7738037e-5	1.3847947e-3	1.2025238e1	1.0494296	
2022-02-16	15:26:41	2.18383e-1	1.34128e-1	-4.22420e1	5.15600e1	1.10844e2	7.2717666e-5	1.3802051e-3	1.2023559e1	1.0493482	
2022-02-16	15:26:41	3.32260e-1	1.33938e-1	-4.22551e1	5.15600e1	1.10845e2	1.1062622e-4	1.3782978e-3	1.2028595e1	1.0470759	
2022-02-16	15:26:42	1.56363e-1	1.37936e-1	-4.19868e1	5.15600e1	1.10757e2	5.2034854e-5	1.4178156e-3	1.2026916e1	1.0478197	
2022-02-16	15:26:42	-1.50325e-2	1.34867e-1	-4.21932e1	5.15634e1	1.10811e2	-5.0067901e-6	1.3872981e-3	1.2035310e1	1.0490294	
2022-02-16	15:26:43	3.69529e-1	1.30181e-1	-4.25218e1	5.15600e1	1.10837e2	1.2302398e-4	1.3399720e-3	1.2037827e1	1.0497525	
2022-02-16	15:26:43	4.89327e-1	1.31700e-1	-4.24122e1	5.15634e1	1.10851e2	1.6289949e-4	1.3555884e-3	1.2026077e1	1.0499818	
2022-02-16	15:26:44	4.13547e-1	1.33627e-1	-4.22763e1	5.15634e1	1.10852e2	1.3768672e-4	1.3751983e-3	1.2024399e1	1.0500643	
2022-02-16	15:26:44	3.95975e-1	1.29576e-1	-4.25639e1	5.15600e1	1.10853e2	1.3184547e-4	1.3340115e-3	1.2026077e1	1.0501676	
2022-02-16	15:26:45	7.03052e-2	1.31673e-1	-4.24140e1	5.15600e1	1.10853e2	2.3424625e-5	1.3553500e-3	1.2028595e1	1.0592933	
2022-02-16	15:26:45	-1.95688e2	-1.54971e-2	-2.73149e2	5.15600e1	1.11360e2	-9.1589813e-2	-1.6236305e-4	1.2026077e1	1.0780371	
2022-02-16	15:26:46	1.22077e3	8.13143e-1	-2.37564e1	5.15600e1	1.11284e2	1.8452578e-1	7.9531669e-3	1.2029434e1	1.0610733	
2022-02-16	15:26:46	2.78254e4	1.63622	-1.56707e1	5.15634e1	1.11016e2	5.2885808e-1	1.5087366e-2	1.2025238e1	1.0544615	
2022-02-16	15:26:47	2.96716e3	6.71772e-1	-2.59089e1	5.15634e1	1.10913e2	2.8808002e-1	6.6190361e-3	1.2029434e1	1.0507518	
2022-02-16	15:26:47	9.20979e1	5.58287e-2	-5.01234e1	5.15600e1	1.10853e2	2.7405738e-2	5.7852268e-4	1.2025238e1	1.0488481	
2022-02-16	15:26:48	-2.66453e1	7.47471e-2	-4.75716e1	5.15634e1	1.10827e2	-9.2059373e-3	7.7307224e-4	1.2026916e1	1.0481696	
2022-02-16	15:26:48	6.59752	1.16944e-1	-4.35206e1	5.15600e1	1.10807e2	2.1775364e-3	1.2047886e-3	1.2029434e1	1.0478084	
2022-02-16	15:26:49	2.64633e1	1.33893e-1	-4.22616e1	5.15600e1	1.10806e2	8.5121994e-3	1.3773441e-3	1.2031114e1	1.0477583	
2022-02-16	15:26:49	3.14931e1	1.40335e-1	-4.18208e1	5.15567e1	1.10803e2	1.0065793e-2	1.4427900e-3	1.2026077e1	1.0480115	
2022-02-16	15:26:50	2.96688e1	1.37978e-1	-4.19795e1	5.15634e1	1.10809e2	9.5048542e-3	1.4188885e-3	1.2030273e1	1.0479097	
2022-02-16	15:26:50	2.85306e1	1.34979e-1	-4.21855e1	5.15634e1	1.10810e2	9.1534852e-3	1.3884305e-3	1.2026077e1	1.0481183	
2022-02-16	15:26:51	3.01977e1	1.35054e-1	-4.21803e1	5.15600e1	1.10810e2	9.6681118e-3	1.3892054e-3	1.2038667e1	1.0480425	
2022-02-16	15:26:51	2.88253e1	1.36397e-1	-4.20875e1	5.15634e1	1.10811e2	9.2446804e-3	1.4028549e-3	1.2026077e1	1.0482172	
2022-02-16	15:26:52	2.48352e1	1.35491e-1	-4.21498e1	5.15634e1	1.10813e2	8.0056190e-3	1.3936758e-3	1.2026916e1	1.0483640	
2022-02-16	15:26:52	1.86936e1	1.35155e-1	-4.21729e1	5.15634e1	1.10815e2	6.0735940e-3	1.3902783e-3	1.2036988e1	1.0482835	
2022-02-16	15:26:53	1.23614e1	1.34919e-1	-4.21892e1	5.15634e1	1.10816e2	4.0494799e-3	1.3878941e-3	1.2028595e1	1.0481925	
2022-02-16	15:26:53	9.23798	1.34246e-1	-4.22361e1	5.15634e1	1.10816e2	3.0386447e-3	1.3810396e-3	1.2026916e1	1.0482146	
2022-02-16	15:26:54	7.82861	1.36421e-1	-4.20854e1	5.15667e1	1.10817e2	2.5798678e-3	1.4031529e-3	1.2025238e1	1.0482566	
2022-02-16	15:26:54	7.07064	1.40290e-1	-4.18226e1	5.15634e1	1.10818e2	2.3324489e-3	1.4424920e-3	1.2023559e1	1.0481387	
2022-02-16	15:26:55	6.56955	1.41374e-1	-4.17506e1	5.15600e1	1.10813e2	2.1685361e-3	1.4534592e-3	1.2032792e1	1.0481588	
2022-02-16	15:26:55	6.15532	1.37926e-1	-4.19828e1	5.15600e1	1.10812e2	2.0328760e-3	1.4184117e-3	1.2024399e1	1.0482324	
2022-02-16	15:26:56	5.22193	1.36259e-1	-4.20971e1	5.15634e1	1.10809e2	1.7266869e-3	1.4014244e-3	1.2027755e1	1.0481615	
2022-02-16	15:26:56	4.61733	1.36427e-1	-4.20854e1	5.15634e1	1.10811e2	1.5280246e-3	1.4031529e-3	1.2026077e1	1.0479108	
2022-02-16	15:26:57	4.61733	1.36427e-1	-4.20854e1	5.15634e1	1.10811e2	1.5280246e-3	1.4031529e-3	1.2026077e1	1.0479108	
2022-02-16	15:26:57	4.14041	1.33920e-1	-4.22595e1	5.15600e1	1.10808e2	1.3710260e-3	1.3776421e-3	1.2026077e1	1.0478701	
2022-02-16	15:26:58	3.62527	1.31398e-1	-4.24377e1	5.15600e1	1.10804e2	1.2012124e-3	1.3519525e-3	1.2029434e1	1.0478786	
2022-02-16	15:26:58	2.87147	1.36814e-1	-4.20593e1	5.15634e1	1.10806e2	9.5242261e-4	1.4070272e-3	1.2023559e1	1.0477454	
2022-02-16	15:26:59	2.58103	1.36121e-1	-4.21073e1	5.15600e1	1.10801e2	8.5639953e-4	1.3999342e-3	1.2031114e1	1.0476676	
2022-02-16	15:26:59	2.11264	1.35195e-1	-4.21714e1	5.15600e1	1.10801e2	7.0142745e-4	1.3905167e-3	1.2041184e1	1.0475941	
2022-02-16	15:27:00	2.11264	1.35195e-1	-4.21714e1	5.15600e1	1.10801e2	7.0142745e-4	1.3905167e-3	1.2041184e1	1.0475941	
2022-02-16	15:27:00	1.88788	1.38749e-1	-4.19278e1	5.15600e1	1.10802e2	6.2698125e-4	1.4266371e-3	1.2026916e1	1.0474040	
2022-02-16	15:27:01	1.89061	1.37910e-1	-4.19848e1	5.15600e1	1.10801e2	6.2787532e-4	1.4181137e-3	1.2027755e1	1.0472372	
2022-02-16	15:27:01	1.70801	1.34560e-1	-4.22162e1	5.15600e1	1.10792e2	5.6731700e-4	1.3839602e-3	1.2031114e1	1.0474395	
2022-02-16	15:27:02	1.39660	1.35756e-1	-4.21331e1	5.15634e1	1.10793e2	4.6408176e-4	1.3961195e-3	1.2030273e1	1.0473858	
2022-02-16	15:27:02	1.26054	1.38513e-1	-4.19444e1	5.15634e1	1.10794e2	4.1896104e-4	1.4241337e-3	1.2032792e1	1.0473729	
2022-02-16	15:27:03	1.26054	1.38513e-1	-4.19444e1	5.15634e1	1.10794e2	4.1896104e-4	1.4241337e-3	1.2032792e1	1.0473729	
2022-02-16	15:27:03	1.20163	1.33146e-1	-4.23149e1	5.15634e1	1.10794e2	3.9941072e-4	1.3695955e-3	1.2031953e1	1.0472505	
2022-02-16	15:27:04	1.01974	1.32444e-1	-4.23646e1	5.15600e1	1.10791e2	3.3903121e-4	1.3624429e-3	1.2036988e1	1.0472366	
2022-02-16	15:27:04	8.37510e-1	1.35077e-1	-4.21802e1	5.15634e1	1.10793e2	2.7853250e-4	1.3892054e-3	1.2029434e1	1.0470813	
2022-02-16	15:27:05	7.40896e-1	1.35072e-1	-4.21809e1	5.15667e1	1.10788e2	2.4640560e-4	1.3890862e-3	1.2031114e1	1.0473453	
2022-02-16	15:27:05	7.33950e-1	1.32883e-1	-4.23339e1	5.15634e1	1.10789e2	2.4408102e-4	1.3668537e-3	1.2027755e1	1.0471831	
2022-02-16	15:27:06	7.33950e-1	1.32883e-1	-4.23339e1	5.15634e1	1.10789e2	2.4408102e-4	1.3668537e-3	1.2027755e1	1.0471831	
2022-02-16	15:27:06	6.77797e-1	1.32005e-1	-4.23960e1	5.15634e1	1.10787e2	2.2542476e-4	1.3579130e-3	1.2029434e1	1.0471353	
2022-02-16	15:27:07	7.69095e-1	1.33830e-1	-4.22676e1	5.15634e1	1.10786e2	2.5576353e-4	1.3764500e-3	1.2024399e1	1.0471109	
2022-02-16	15:27:07	5.24912e-1	1.32620e-1	-4.23526e1	5.15600e1	1.10787e2	1.7464160e-4	1.3641715e-3	1.2027755e1	1.0471377	
2022-02-16	15:27:08	-4.15324e-2	1.29848e-1	-4.25501e1	5.15567e1	1.10785e2	-1.3828277e-5	1.3359785e-3	1.2026916e1	1.0469766	
2022-02-16	15:27:08	1.46124e-1	1.43081e-1	-4.16401e1	5.15600e1	1.10784e2	4.8637390e-5	1.4703869e-3	1.2036988e1	1.0471892	
2022-02-16	15:27:09	1.46124e-1	1.43081e-1	-4.16401e1	5.15600e1	1.10784e2	4.8637390e-5	1.4703869e-3	1.2036988e1	1.0471892	
2022-02-16	15:27:09	2.26227e-1	1.33569e-1	-4.22861e1	5.15634e1	1.10784e2	7.5280666e-5	1.3737678e-3	1.2027755e1	1.0470573	
2022-02-16	15:27:10	5.01510e-1	1.34968e-1	-4.21884e1	5.15600e1	1.10785e2	1.6683340e-4	1.3880133e-3	1.2040345e1	1.0469778	
2022-02-16	15:27:10	3.82498e-1	1.38081e-1	-4.19747e1	5.15634e1	1.10783e2	1.2725591e-4	1.4196038e-3	1.2028595e1	1.0469675	
2022-02-16	15:27:11	2.95769e-1	1.34866e-1	-4.21962e1	5.15600e1	1.10777e2	9.8407268e-5	1.3868808e-3	1.2029434e1	1.0464003	
2022-02-16	15:27:11	3.44319e-1	1.30886e-1	-4.24764e1	5.15634e1	1.10777e2	1.1456012e-4	1.3464093e-3	1.2024399e1	1.0466594	
2022-02-16	15:27:12	3.44319e-1	1.30886e-1	-4.24764e1	5.15634e1	1.10777e2	1.1456012e-4	1.3464093e-3	1.2024399e1	1.0466594	
2022-02-16	15:27:12	5.61806e-1	1.31830e-1	-4.24092e1	5.15634e1	1.10777e2	1.8686056e-4	1.3560056e-3	1.2029434e1	1.0466314	
2022-02-16	15:27:13	5.61806e-1	1.31830e-1	-4.24092e1	5.15634e1	1.10777e2	1.8686056e-4	1.3560056e-3	1.2029434e1	1.0466314	
2022-02-16	15:27:13	2.44440e-1	1.35364e-1	-4.21615e1	5.15634e1	1.10779e2	8.1360340e-5	1.3919472e-3	1.2025238e1	1.0466139	
2022-02-16	15:27:14	2.93503e-1	1.31488e-1	-4.24338e1	5.15634e1	1.10774e2	9.7632408e-5	1.3524889e-3	1.2026077e1	1.0466679	
2022-02-16	15:27:14	2.93503e-1	1.31488e-1	-4.24338e1	5.15634e1	1.10774e2	9.7632408e-5	1.3524889e-3	1.2026077e1	1.0466679	
2022-02-16	15:27:15	3.57797e-1	1.32097e-1	-4.23902e1	5.15600e1	1.10778e2	1.1903047e-4	1.3587474e-3	1.2032792e1	1.0466548	
2022-02-16	15:27:15	3.57797e-1	1.32097e-1	-4.23902e1	5.15600e1	1.10778e2	1.1903047e-4	1.3587474e-3	1.2032792e1	1.0466548	
2022-02-16	15:27:16	2.16374e-1	1.33776e-1	-4.22722e1	5.15600e1	1.10776e2	7.2002410e-5	1.3757944e-3	1.2026077e1	1.0466082	
2022-02-16	15:27:16	3.39263e-1	1.34781e-1	-4.22018e1	5.15634e1	1.10780e2	1.1289119e-4	1.3860464e-3	1.2030273e1	1.0467948	
2022-02-16	15:27:17	4.74088e-1	1.34789e-1	-4.22015e1	5.15600e1	1.10777e2	1.5771389e-4	1.3861060e-3	1.2027755e1	1.0463500	
2022-02-16	15:27:17	3.08540e-1	1.34719e-1	-4.22067e1	5.15634e1	1.10774e2	1.0263919e-4	1.3853311e-3	1.2029434e1	1.0464600	
2022-02-16	15:27:18	4.09334e-1	1.35205e-1	-4.21729e1	5.15634e1	1.10774e2	1.3619661e-4	1.3902783e-3	1.2026916e1	1.0465148	
2022-02-16	15:27:18	4.09334e-1	1.35205e-1	-4.21729e1	5.15634e1	1.10774e2	1.3619661e-4	1.3902783e-3	1.2026916e1	1.0465148	
2022-02-16	15:27:19	3.83077e-1	1.36598e-1	-4.20770e1	5.15600e1	1.10771e2	1.2743473e-4	1.4044046e-3	1.2026916e1	1.0464355	
2022-02-16	15:27:19	2.03090e-1	1.32331e-1	-4.23748e1	5.15634e1	1.10765e2	6.7591667e-5	1.3609528e-3	1.2026077e1	1.0462514	
2022-02-16	15:27:20	1.63232e-1	1.31826e-1	-4.24106e1	5.15600e1	1.10764e2	5.4299831e-5	1.3558268e-3	1.2026077e1	1.0461976	
2022-02-16	15:27:20	2.97907e-1	1.33128e-1	-4.23187e1	5.15600e1	1.10765e2	9.9122524e-5	1.3690590e-3	1.2040345e1	1.0460188	
2022-02-16	15:27:21	4.35457e-1	1.32748e-1	-4.23454e1	5.15634e1	1.10765e2	1.4483928e-4	1.3651847e-3	1.2028595e1	1.0459616	
2022-02-16	15:27:21	4.35457e-1	1.32748e-1	-4.23454e1	5.15634e1	1.10765e2	1.4483928e-4	1.3651847e-3	1.2028595e1	1.0459616	
2022-02-16	15:27:22	2.10349e-1	1.33160e-1	-4.23165e1	5.15634e1	1.10764e2	6.9975852e-5	1.3693571e-3	1.2026916e1	1.0459488	
2022-02-16	15:27:22	3.58838e-1	1.34687e-1	-4.22099e1	5.15634e1	1.10762e2	1.1938810e-4	1.3848543e-3	1.2023559e1	1.0460038	
2022-02-16	15:27:23	2.61353e-1	1.32814e-1	-4.23410e1	5.15600e1	1.10762e2	8.6963176e-5	1.3658404e-3	1.2024399e1	1.0459746	
2022-02-16	15:27:23	3.85613e-1	1.33497e-1	-4.22930e1	5.15667e1	1.10762e2	1.2826919e-4	1.3727545e-3	1.2024399e1	1.0459921	
2022-02-16	15:27:24	4.12514e-1	1.32299e-1	-4.23772e1	5.15667e1	1.10764e2	1.3720989e-4	1.3605952e-3	1.2028595e1	1.0458915	
2022-02-16	15:27:24	4.12514e-1	1.32299e-1	-4.23772e1	5.15667e1	1.10764e2	1.3720989e-4	1.3605952e-3	1.2028595e1	1.0458915	
2022-02-16	15:27:25	3.39389e-1	1.29970e-1	-4.25432e1	5.15600e1	1.10763e2	1.1289119e-4	1.3369321e-3	1.2027755e1	1.0459897	
2022-02-16	15:27:25	3.99411e-1	1.32526e-1	-4.23616e1	5.15600e1	1.10758e2	1.3285875e-4	1.3628602e-3	1.2026077e1	1.0456942	
2022-02-16	15:27:26	2.73084e-1	1.35636e-1	-4.21445e1	5.15600e1	1.10757e2	9.0837478e-5	1.3944506e-3	1.2027755e1	1.0456826	
2022-02-16	15:27:26	1.58891e-1	1.30182e-1	-4.25284e1	5.15634e1	1.10758e2	5.2869319e-5	1.3390183e-3	1.2025238e1	1.0455808	
2022-02-16	15:27:27	3.43148e-1	1.26503e-1	-4.27958e1	5.15600e1	1.10756e2	1.1414289e-4	1.3015866e-3	1.2036149e1	1.0456196	
2022-02-16	15:27:27	3.43148e-1	1.26503e-1	-4.27958e1	5.15600e1	1.10756e2	1.1414289e-4	1.3015866e-3	1.2036149e1	1.0456196	
2022-02-16	15:27:28	4.15747e-1	1.34015e-1	-4.22574e1	5.15600e1	1.10754e2	1.3828277e-4	1.3779401e-3	1.2031114e1	1.0457131	
2022-02-16	15:27:28	3.67001e-1	1.30714e-1	-4.24907e1	5.15600e1	1.10753e2	1.2207031e-4	1.3443827e-3	1.2021042e1	1.0454910	
2022-02-16	15:27:29	2.09830e-1	1.32502e-1	-4.23636e1	5.15634e1	1.10754e2	6.9797039e-5	1.3625621e-3	1.2026916e1	1.0454968	
2022-02-16	15:27:29	6.64822e-2	1.36434e-1	-4.20899e1	5.15600e1	1.10752e2	2.2113323e-5	1.4024972e-3	1.2036988e1	1.0453473	
2022-02-16	15:27:30	1.06593e-1	1.35113e-1	-4.21811e1	5.15600e1	1.10752e2	3.5464763e-5	1.3890862e-3	1.2030273e1	1.0455986	
2022-02-16	15:27:30	2.58698e-1	1.33795e-1	-4.22729e1	5.15634e1	1.10752e2	8.6069107e-5	1.3756752e-3	1.2022720e1	1.0455156	
2022-02-16	15:27:31	5.50261e-1	1.34681e-1	-4.22112e1	5.15600e1	1.10751e2	1.8298625e-4	1.3846755e-3	1.2026077e1	1.0453332	
2022-02-16	15:27:31	5.06502e-1	1.35724e-1	-4.21392e1	5.15600e1	1.10747e2	1.6844272e-4	1.3952255e-3	1.2026077e1	1.0452492	
2022-02-16	15:27:32	2.37113e-1	1.35219e-1	-4.21742e1	5.15600e1	1.10748e2	7.8856945e-5	1.3900995e-3	1.2022720e1	1.0452001	
2022-02-16	15:27:32	3.80618e-1	1.34275e-1	-4.22397e1	5.15634e1	1.10749e2	1.2660026e-4	1.3805031e-3	1.2026916e1	1.0451205	
2022-02-16	15:27:33	3.33494e-1	1.33209e-1	-4.23144e1	5.15634e1	1.10747e2	1.1092424e-4	1.3696551e-3	1.2025238e1	1.0451837	
2022-02-16	15:27:33	2.19487e-1	1.31060e-1	-4.24663e1	5.15634e1	1.10750e2	7.3015689e-5	1.3478398e-3	1.2039506e1	1.0451439	
2022-02-16	15:27:34	2.03736e-1	1.31901e-1	-4.24068e1	5.15600e1	1.10746e2	6.7770481e-5	1.3563632e-3	1.2026916e1	1.0448516	
2022-02-16	15:27:34	2.84685e-1	1.30488e-1	-4.25075e1	5.15600e1	1.10747e2	9.4711780e-5	1.3419985e-3	1.2031114e1	1.0449720	
2022-02-16	15:27:35	3.44967e-1	1.34829e-1	-4.22017e1	5.15634e1	1.10741e2	1.1473894e-4	1.3860464e-3	1.2026916e1	1.0448564	
2022-02-16	15:27:35	3.30639e-1	1.35272e-1	-4.21709e1	5.15600e1	1.10743e2	1.0997056e-4	1.3905763e-3	1.2030273e1	1.0446890	
2022-02-16	15:27:36	3.30639e-1	1.35272e-1	-4.21709e1	5.15600e1	1.10743e2	1.0997056e-4	1.3905763e-3	1.2030273e1	1.0446890	
2022-02-16	15:27:36	1.84878e-1	1.36957e-1	-4.20549e1	5.15600e1	1.10742e2	6.1511993e-5	1.4076828e-3	1.2021881e1	1.0449278	
2022-02-16	15:27:37	9.74578e-2	1.34261e-1	-4.22414e1	5.15634e1	1.10741e2	3.2424926e-5	1.3802647e-3	1.2027755e1	1.0448869	
2022-02-16	15:27:37	5.43524e-1	1.33938e-1	-4.22639e1	5.15634e1	1.10741e2	1.8072128e-4	1.3769865e-3	1.2038667e1	1.0449419	
2022-02-16	15:27:38	4.19251e-1	1.33201e-1	-4.23153e1	5.15634e1	1.10744e2	1.3941526e-4	1.3695359e-3	1.2039506e1	1.0449101	
2022-02-16	15:27:38	1.56037e-1	1.30736e-1	-4.24899e1	5.15567e1	1.10743e2	5.1915645e-5	1.3445019e-3	1.2030273e1	1.0446586	
2022-02-16	15:27:39	1.56037e-1	1.30736e-1	-4.24899e1	5.15567e1	1.10743e2	5.1915645e-5	1.3445019e-3	1.2030273e1	1.0446586	
2022-02-16	15:27:39	4.26761e-1	1.30653e-1	-4.24962e1	5.15567e1	1.10740e2	1.4191865e-4	1.3436079e-3	1.2041184e1	1.0445451	
2022-02-16	15:27:40	3.85993e-1	1.31045e-1	-4.24681e1	5.15600e1	1.10741e2	1.2838840e-4	1.3476014e-3	1.2029434e1	1.0446517	
2022-02-16	15:27:40	7.04705e-1	1.30175e-1	-4.25305e1	5.15634e1	1.10739e2	2.3424625e-4	1.3387203e-3	1.2026916e1	1.0445370	
2022-02-16	15:27:41	3.91442e-1	1.28267e-1	-4.26684e1	5.15634e1	1.10737e2	1.3017654e-4	1.3192892e-3	1.2026916e1	1.0443521	
2022-02-16	15:27:41	-2.22743e-1	1.31767e-1	-4.24171e1	5.15634e1	1.10737e2	-7.4148178e-5	1.3548731e-3	1.2026077e1	1.0442866	
2022-02-16	15:27:42	-2.22743e-1	1.31767e-1	-4.24171e1	5.15634e1	1.10737e2	-7.4148178e-5	1.3548731e-3	1.2026077e1	1.0442866	
2022-02-16	15:27:42	2.21694e-1	1.46128e-1	-4.14456e1	5.15667e1	1.10734e2	7.3730945e-5	1.5006065e-3	1.2031114e1	1.0442901	
2022-02-16	15:27:43	4.58527e-1	1.40578e-1	-4.18105e1	5.15567e1	1.10733e2	1.5246868e-4	1.4443397e-3	1.2024399e1	1.0443160	
2022-02-16	15:27:43	5.12543e-2	1.30902e-1	-4.24790e1	5.15600e1	1.10733e2	1.7046928e-5	1.3460516e-3	1.2035310e1	1.0441462	
2022-02-16	15:27:44	1.98923e-2	1.33073e-1	-4.23252e1	5.15600e1	1.10733e2	6.6161155e-6	1.3681054e-3	1.2033631e1	1.0441942	
2022-02-16	15:27:44	2.03737e-1	1.35122e-1	-4.21823e1	5.15600e1	1.10731e2	6.7770481e-5	1.3889074e-3	1.2025238e1	1.0442305	
2022-02-16	15:27:45	2.03737e-1	1.35122e-1	-4.21823e1	5.15600e1	1.10731e2	6.7770481e-5	1.3889074e-3	1.2025238e1	1.0442305	
2022-02-16	15:27:45	3.16380e-1	1.35082e-1	-4.21851e1	5.15600e1	1.10731e2	1.0520219e-4	1.3884902e-3	1.2028595e1	1.0441955	
2022-02-16	15:27:46	4.24109e-1	1.34029e-1	-4.22582e1	5.15600e1	1.10733e2	1.4102458e-4	1.3778209e-3	1.2028595e1	1.0440537	
2022-02-16	15:27:46	2.55390e-1	1.34384e-1	-4.22341e1	5.15600e1	1.10726e2	8.4936618e-5	1.3813376e-3	1.2028595e1	1.0442085	
2022-02-16	15:27:47	2.61998e-1	1.36096e-1	-4.21150e1	5.15567e1	1.10730e2	8.7141990e-5	1.3988018e-3	1.2027755e1	1.0441322	
2022-02-16	15:27:47	2.78136e-1	1.33570e-1	-4.22908e1	5.15567e1	1.10728e2	9.2506408e-5	1.3731122e-3	1.2036149e1	1.0440585	
2022-02-16	15:27:48	2.78136e-1	1.33570e-1	-4.22908e1	5.15567e1	1.10728e2	9.2506408e-5	1.3731122e-3	1.2036149e1	1.0440585	
2022-02-16	15:27:48	3.89300e-1	1.34116e-1	-4.22525e1	5.15600e1	1.10729e2	1.2946128e-4	1.3786554e-3	1.2029434e1	1.0440738	
2022-02-16	15:27:49	2.98556e-1	1.34726e-1	-4.22100e1	5.15600e1	1.10729e2	9.9301338e-5	1.3848543e-3	1.2026077e1	1.0439789	
2022-02-16	15:27:49	4.15159e-1	1.32398e-1	-4.23733e1	5.15567e1	1.10727e2	1.3804435e-4	1.3611912e-3	1.2027755e1	1.0439871	
2022-02-16	15:27:50	4.59433e-1	1.33411e-1	-4.23019e1	5.15567e1	1.10728e2	1.5276670e-4	1.3715028e-3	1.2026077e1	1.0437282	
2022-02-16	15:27:50	4.59433e-1	1.33411e-1	-4.23019e1	5.15567e1	1.10728e2	1.5276670e-4	1.3715028e-3	1.2026077e1	1.0437282	
2022-02-16	15:27:51	4.24498e-1	1.36710e-1	-4.20734e1	5.15601e1	1.10724e2	1.4114379e-4	1.4049410e-3	1.2026077e1	1.0438795	
2022-02-16	15:27:51	4.24498e-1	1.36710e-1	-4.20734e1	5.15601e1	1.10724e2	1.4114379e-4	1.4049410e-3	1.2026077e1	1.0438795	
2022-02-16	15:27:52	3.79645e-1	1.32761e-1	-4.23478e1	5.15634e1	1.10725e2	1.2624263e-4	1.3648271e-3	1.2026916e1	1.0437072	
2022-02-16	15:27:52	4.73888e-1	1.32432e-1	-4.23716e1	5.15567e1	1.10719e2	1.5753507e-4	1.3614296e-3	1.2026077e1	1.0434743	
2022-02-16	15:27:53	1.78718e-1	1.28678e-1	-4.26405e1	5.15567e1	1.10714e2	5.9425830e-5	1.3232231e-3	1.2027755e1	1.0435599	
2022-02-16	15:27:53	3.44068e-2	1.31984e-1	-4.24039e1	5.15600e1	1.10711e2	1.1444091e-5	1.3567805e-3	1.2025238e1	1.0435552	
2022-02-16	15:27:54	1.25582e-1	1.33234e-1	-4.23157e1	5.15634e1	1.10712e2	4.1782855e-5	1.3694763e-3	1.2026077e1	1.0433443	
2022-02-16	15:27:54	1.25582e-1	1.33234e-1	-4.23157e1	5.15634e1	1.10712e2	4.1782855e-5	1.3694763e-3	1.2026077e1	1.0433443	
2022-02-16	15:27:55	3.46324e-1	1.30341e-1	-4.25209e1	5.15600e1	1.10712e2	1.1515617e-4	1.3400912e-3	1.2029434e1	1.0432131	
2022-02-16	15:27:55	2.92333e-1	1.29482e-1	-4.25828e1	5.15601e1	1.10709e2	9.7215175e-5	1.3313293e-3	1.2025238e1	1.0432740	
2022-02-16	15:27:56	3.26814e-1	1.30199e-1	-4.25314e1	5.15600e1	1.10708e2	1.0865926e-4	1.3386011e-3	1.2031953e1	1.0433338	
2022-02-16	15:27:56	4.47838e-1	1.30421e-1	-4.25149e1	5.15634e1	1.10715e2	1.4889240e-4	1.3409256e-3	1.2026916e1	1.0435084	
2022-02-16	15:27:57	4.01943e-1	1.31335e-1	-4.24500e1	5.15634e1	1.10711e2	1.3363361e-4	1.3501644e-3	1.2026077e1	1.0434076	
2022-02-16	15:27:57	4.01943e-1	1.31335e-1	-4.24500e1	5.15634e1	1.10711e2	1.3363361e-4	1.3501644e-3	1.2026077e1	1.0434076	
2022-02-16	15:27:58	6.34379e-2	1.34446e-1	-4.22306e1	5.15667e1	1.10715e2	2.1100044e-5	1.3818144e-3	1.2025238e1	1.0433313	
2022-02-16	15:27:58	1.82804e-1	1.35464e-1	-4.21599e1	5.15600e1	1.10716e2	6.0796737e-5	1.3921856e-3	1.2032792e1	1.0432986	
2022-02-16	15:27:59	4.30332e-1	1.35168e-1	-4.21806e1	5.15600e1	1.10713e2	1.4305114e-4	1.3891458e-3	1.2027755e1	1.0431826	
2022-02-16	15:27:59	2.61482e-1	1.33358e-1	-4.23067e1	5.15600e1	1.10715e2	8.6963176e-5	1.3707876e-3	1.2027755e1	1.0430476	
2022-02-16	15:28:00	1.35301e-1	1.32031e-1	-4.24006e1	5.15600e1	1.10711e2	4.5001506e-5	1.3572573e-3	1.2031953e1	1.0430877	
2022-02-16	15:28:00	1.35301e-1	1.32031e-1	-4.24006e1	5.15600e1	1.10711e2	4.5001506e-5	1.3572573e-3	1.2031953e1	1.0430877	
2022-02-16	15:28:01	2.93759e-1	1.33870e-1	-4.22713e1	5.15600e1	1.10709e2	9.7692012e-5	1.3759136e-3	1.2026077e1	1.0430513	
2022-02-16	15:28:01	1.85007e-1	1.36968e-1	-4.20569e1	5.15600e1	1.10710e2	6.1511993e-5	1.4073848e-3	1.2027755e1	1.0429810	
2022-02-16	15:28:02	2.03283e-1	1.35402e-1	-4.21652e1	5.15600e1	1.10704e2	6.7591667e-5	1.3914108e-3	1.2024399e1	1.0429506	
2022-02-16	15:28:02	2.37888e-1	1.31232e-1	-4.24577e1	5.15567e1	1.10706e2	7.9095363e-5	1.3490915e-3	1.2027755e1	1.0428673	
2022-02-16	15:28:03	3.33426e-1	1.30685e-1	-4.24969e1	5.15600e1	1.10704e2	1.1086463e-4	1.3434886e-3	1.2026916e1	1.0429072	
2022-02-16	15:28:03	3.33426e-1	1.30685e-1	-4.24969e1	5.15600e1	1.10704e2	1.1086463e-4	1.3434886e-3	1.2026916e1	1.0429072	
2022-02-16	15:28:04	9.14303e-2	1.34837e-1	-4.22042e1	5.15600e1	1.10705e2	3.0398368e-5	1.3856887e-3	1.2042024e1	1.0429377	
2022-02-16	15:28:04	-1.42549e-3	1.30812e-1	-4.24881e1	5.15600e1	1.10701e2	-4.7683715e-7	1.3447403e-3	1.2036149e1	1.0428065	
2022-02-16	15:28:05	1.50141e-1	1.30666e-1	-4.24982e1	5.15600e1	1.10705e2	4.9948692e-5	1.3433098e-3	1.2031114e1	1.0427137	
2022-02-16	15:28:05	1.45670e-1	1.31278e-1	-4.24547e1	5.15600e1	1.10703e2	4.8458576e-5	1.3495087e-3	1.2026077e1	1.0425800	
2022-02-16	15:28:06	1.87664e-1	1.30637e-1	-4.25007e1	5.15600e1	1.10699e2	6.2406063e-5	1.3429522e-3	1.2031953e1	1.0427008	
2022-02-16	15:28:06	3.62727e-1	1.30274e-1	-4.25266e1	5.15634e1	1.10701e2	1.2058019e-4	1.3392567e-3	1.2027755e1	1.0427513	
2022-02-16	15:28:07	3.42047e-1	1.33060e-1	-4.23289e1	5.15600e1	1.10699e2	1.1372566e-4	1.3675689e-3	1.2031114e1	1.0427947	
2022-02-16	15:28:07	2.16180e-1	1.32563e-1	-4.23636e1	5.15601e1	1.10703e2	7.1883201e-5	1.3625621e-3	1.2031114e1	1.0427876	
2022-02-16	15:28:08	2.25510e-1	1.30082e-1	-4.25403e1	5.15567e1	1.10702e2	7.4982643e-5	1.3373494e-3	1.2026077e1	1.0426727	
2022-02-16	15:28:08	5.17322e-1	1.30969e-1	-4.24769e1	5.15567e1	1.10701e2	1.7195940e-4	1.3463497e-3	1.2026916e1	1.0425554	
2022-02-16	15:28:09	4.02198e-1	1.30970e-1	-4.24768e1	5.15600e1	1.10701e2	1.3369321e-4	1.3463497e-3	1.2031114e1	1.0424134	
2022-02-16	15:28:09	3.46392e-1	1.29091e-1	-4.26123e1	5.15634e1	1.10695e2	1.1515617e-4	1.3271570e-3	1.2022720e1	1.0423021	
2022-02-16	15:28:10	6.70664e-1	1.29137e-1	-4.26089e1	5.15634e1	1.10695e2	2.2286176e-4	1.3276338e-3	1.2030273e1	1.0424112	
2022-02-16	15:28:10	3.87679e-1	1.31800e-1	-4.24184e1	5.15601e1	1.10694e2	1.2886524e-4	1.3546943e-3	1.2030273e1	1.0422587	
2022-02-16	15:28:11	-7.27631e-2	1.31779e-1	-4.24200e1	5.15634e1	1.10693e2	-2.4199485e-5	1.3544559e-3	1.2040345e1	1.0421894	
2022-02-16	15:28:11	2.90068e-1	1.31633e-1	-4.24304e1	5.15634e1	1.10692e2	9.6440315e-5	1.3529658e-3	1.2025238e1	1.0421448	
2022-02-16	15:28:12	5.28030e-1	1.33213e-1	-4.23189e1	5.15634e1	1.10691e2	1.7547607e-4	1.3689994e-3	1.2031953e1	1.0421590	
2022-02-16	15:28:12	4.54900e-1	1.32662e-1	-4.23574e1	5.15600e1	1.10694e2	1.5121698e-4	1.3634562e-3	1.2024399e1	1.0420240	
2022-02-16	15:28:13	3.48723e-1	1.31846e-1	-4.24155e1	5.15600e1	1.10689e2	1.1593103e-4	1.3551115e-3	1.2026077e1	1.0421378	
2022-02-16	15:28:13	2.56365e-1	1.32204e-1	-4.23901e1	5.15634e1	1.10690e2	8.5234642e-5	1.3587474e-3	1.2027755e1	1.0418045	
2022-02-16	15:28:14	4.41676e-1	1.33359e-1	-4.23087e1	5.15600e1	1.10690e2	1.4680624e-4	1.3704895e-3	1.2029434e1	1.0420792	
2022-02-16	15:28:14	7.74989e-1	1.36219e-1	-4.21101e1	5.15600e1	1.10689e2	2.5749206e-4	1.3995170e-3	1.2030273e1	1.0420346	
2022-02-16	15:28:15	2.81833e-1	1.33704e-1	-4.22849e1	5.15600e1	1.10687e2	9.3698501e-5	1.3739466e-3	1.2034471e1	1.0418691	
2022-02-16	15:28:15	-2.69447e-1	1.30402e-1	-4.25187e1	5.15600e1	1.10686e2	-8.9645385e-5	1.3403892e-3	1.2039506e1	1.0418081	
2022-02-16	15:28:16	1.73343e-1	1.47179e-1	-4.13818e1	5.15600e1	1.10689e2	5.7637691e-5	1.5106797e-3	1.2031114e1	1.0418374	
2022-02-16	15:28:16	1.38088e-1	1.42455e-1	-4.16897e1	5.15600e1	1.10686e2	4.5895576e-5	1.4627575e-3	1.2027755e1	1.0418515	
2022-02-16	15:28:17	-9.17456e-2	1.26025e-1	-4.28368e1	5.15600e1	1.10687e2	-3.0517578e-5	1.2959241e-3	1.2026077e1	1.0420252	
2022-02-16	15:28:17	4.22099e-1	1.31104e-1	-4.24685e1	5.15600e1	1.10687e2	1.4030933e-4	1.3475418e-3	1.2028595e1	1.0421390	
2022-02-16	15:28:18	4.22099e-1	1.31104e-1	-4.24685e1	5.15600e1	1.10687e2	1.4030933e-4	1.3475418e-3	1.2028595e1	1.0421390	
2022-02-16	15:28:18	1.94663e-1	1.31400e-1	-4.24472e1	5.15600e1	1.10690e2	6.4730644e-5	1.3505816e-3	1.2026916e1	1.0419759	
2022-02-16	15:28:19	-4.26335e-2	1.32286e-1	-4.23841e1	5.15534e1	1.10692e2	-1.4185905e-5	1.3596415e-3	1.2030273e1	1.0420416	
2022-02-16	15:28:19	-2.11230e-2	1.31501e-1	-4.24401e1	5.15600e1	1.10689e2	-7.0333480e-6	1.3515949e-3	1.2024399e1	1.0420006	
2022-02-16	15:28:20	2.67121e-1	1.30941e-1	-4.24802e1	5.15600e1	1.10686e2	8.8810920e-5	1.3458728e-3	1.2027755e1	1.0420311	
2022-02-16	15:28:20	3.12361e-1	1.31691e-1	-4.24267e1	5.15600e1	1.10687e2	1.0383129e-4	1.3535022e-3	1.2026077e1	1.0419442	
2022-02-16	15:28:21	3.12361e-1	1.31691e-1	-4.24267e1	5.15600e1	1.10687e2	1.0383129e-4	1.3535022e-3	1.2026077e1	1.0419442	
2022-02-16	15:28:21	4.00254e-1	1.33344e-1	-4.23100e1	5.15600e1	1.10688e2	1.3303756e-4	1.3703107e-3	1.2027755e1	1.0419183	
2022-02-16	15:28:22	3.34719e-1	1.30151e-1	-4.25369e1	5.15567e1	1.10683e2	1.1128187e-4	1.3378262e-3	1.2029434e1	1.0418761	
2022-02-16	15:28:22	3.66029e-1	1.32432e-1	-4.23744e1	5.15600e1	1.10685e2	1.2165307e-4	1.3610124e-3	1.2023559e1	1.0416049	
2022-02-16	15:28:23	2.12291e-1	1.31464e-1	-4.24434e1	5.15600e1	1.10680e2	7.0571899e-5	1.3511180e-3	1.2024399e1	1.0415052	
2022-02-16	15:28:23	2.19420e-1	1.30252e-1	-4.25301e1	5.15600e1	1.10678e2	7.2956085e-5	1.3387799e-3	1.2031114e1	1.0415791	
2022-02-16	15:28:24	2.19420e-1	1.30252e-1	-4.25301e1	5.15600e1	1.10678e2	7.2956085e-5	1.3387799e-3	1.2031114e1	1.0415791	
2022-02-16	15:28:24	2.73667e-1	1.31163e-1	-4.24651e1	5.15600e1	1.10677e2	9.0956687e-5	1.3480186e-3	1.2025238e1	1.0415979	
2022-02-16	15:28:25	3.65255e-1	1.30780e-1	-4.24926e1	5.15634e1	1.10675e2	1.2141466e-4	1.3440847e-3	1.2026077e1	1.0415498	
2022-02-16	15:28:25	1.65694e-1	1.30893e-1	-4.24848e1	5.15600e1	1.10672e2	5.5074691e-5	1.3452172e-3	1.2030273e1	1.0414195	
2022-02-16	15:28:26	2.35104e-1	1.32256e-1	-4.23877e1	5.15600e1	1.10676e2	7.8141689e-5	1.3591051e-3	1.2028595e1	1.0412080	
2022-02-16	15:28:26	5.56685e-1	1.33035e-1	-4.23329e1	5.15634e1	1.10673e2	1.8495321e-4	1.3669729e-3	1.2036149e1	1.0411927	
2022-02-16	15:28:27	5.56685e-1	1.33035e-1	-4.23329e1	5.15634e1	1.10673e2	1.8495321e-4	1.3669729e-3	1.2036149e1	1.0411927	
2022-02-16	15:28:27	4.45504e-1	1.30771e-1	-4.24935e1	5.15634e1	1.10672e2	1.4805793e-4	1.3439655e-3	1.2026077e1	1.0412433	
2022-02-16	15:28:28	4.02587e-1	1.28897e-1	-4.26277e1	5.15600e1	1.10678e2	1.3381242e-4	1.3250112e-3	1.2026077e1	1.0410999	
2022-02-16	15:28:28	5.90203e-1	1.30689e-1	-4.24993e1	5.15634e1	1.10672e2	1.9609928e-4	1.3431310e-3	1.2030273e1	1.0411093	
2022-02-16	15:28:29	5.20509e-1	1.32529e-1	-4.23685e1	5.15634e1	1.10674e2	1.7297267e-4	1.3618469e-3	1.2027755e1	1.0411010	
2022-02-16	15:28:29	4.38499e-1	1.32583e-1	-4.23649e1	5.15600e1	1.10672e2	1.4573335e-4	1.3623833e-3	1.2031953e1	1.0410635	
2022-02-16	15:28:30	4.38499e-1	1.32583e-1	-4.23649e1	5.15600e1	1.10672e2	1.4573335e-4	1.3623833e-3	1.2031953e1	1.0410635	
2022-02-16	15:28:30	4.65465e-1	1.27483e-1	-4.27313e1	5.15600e1	1.10669e2	1.5467405e-4	1.3105273e-3	1.2036149e1	1.0412456	
2022-02-16	15:28:31	2.89939e-1	1.37610e-1	-4.20166e1	5.15634e1	1.10668e2	9.6380710e-5	1.4133453e-3	1.2027755e1	1.0410858	
2022-02-16	15:28:31	4.57169e-1	1.34944e-1	-4.22001e1	5.15600e1	1.10667e2	1.5193223e-4	1.3862848e-3	1.2030273e1	1.0410435	
2022-02-16	15:28:32	3.69663e-1	1.34476e-1	-4.22323e1	5.15634e1	1.10670e2	1.2284517e-4	1.3815760e-3	1.2025238e1	1.0411093	
2022-02-16	15:28:32	2.83327e-1	1.33701e-1	-4.22868e1	5.15634e1	1.10666e2	9.4175338e-5	1.3736486e-3	1.2026916e1	1.0411128	
2022-02-16	15:28:33	2.83327e-1	1.33701e-1	-4.22868e1	5.15634e1	1.10666e2	9.4175338e-5	1.3736486e-3	1.2026916e1	1.0411128	
2022-02-16	15:28:33	2.98749e-1	1.28102e-1	-4.26864e1	5.15600e1	1.10666e2	9.9301338e-5	1.3167858e-3	1.2026077e1	1.0409131	
2022-02-16	15:28:34	2.98749e-1	1.28102e-1	-4.26864e1	5.15600e1	1.10666e2	9.9301338e-5	1.3167858e-3	1.2026077e1	1.0409131	
2022-02-16	15:28:34	2.00498e-1	1.33800e-1	-4.22802e1	5.15634e1	1.10662e2	6.6637992e-5	1.3746023e-3	1.2026916e1	1.0409260	
2022-02-16	15:28:35	2.37761e-1	1.34283e-1	-4.22463e1	5.15600e1	1.10664e2	7.9035758e-5	1.3795495e-3	1.2029434e1	1.0408849	
2022-02-16	15:28:35	3.24611e-1	1.33485e-1	-4.23021e1	5.15601e1	1.10664e2	1.0788440e-4	1.3714432e-3	1.2030273e1	1.0408966	
2022-02-16	15:28:36	2.29533e-1	1.32211e-1	-4.23917e1	5.15634e1	1.10666e2	7.6293945e-5	1.3585090e-3	1.2024399e1	1.0406439	
2022-02-16	15:28:36	2.29533e-1	1.32211e-1	-4.23917e1	5.15634e1	1.10666e2	7.6293945e-5	1.3585090e-3	1.2024399e1	1.0406439	
2022-02-16	15:28:37	3.55986e-1	1.31481e-1	-4.24437e1	5.15634e1	1.10662e2	1.1831521e-4	1.3510584e-3	1.2026077e1	1.0408849	
2022-02-16	15:28:37	9.23394e-2	1.34881e-1	-4.22048e1	5.15667e1	1.10662e2	3.0696392e-5	1.3855695e-3	1.2022720e1	1.0407251	
2022-02-16	15:28:38	3.03027e-1	1.31049e-1	-4.24743e1	5.15600e1	1.10664e2	1.0073184e-4	1.3467073e-3	1.2026916e1	1.0403488	
2022-02-16	15:28:38	3.34985e-1	1.31750e-1	-4.24249e1	5.15634e1	1.10658e2	1.1134147e-4	1.3537406e-3	1.2032792e1	1.0406980	
2022-02-16	15:28:39	4.61392e-1	1.33116e-1	-4.23287e1	5.15667e1	1.10655e2	1.5330314e-4	1.3675689e-3	1.2026916e1	1.0405404	
2022-02-16	15:28:39	4.61392e-1	1.33116e-1	-4.23287e1	5.15667e1	1.10655e2	1.5330314e-4	1.3675689e-3	1.2026916e1	1.0405404	
2022-02-16	15:28:40	4.52047e-1	1.32552e-1	-4.23686e1	5.15600e1	1.10654e2	1.5020370e-4	1.3618469e-3	1.2025238e1	1.0404911	
2022-02-16	15:28:40	3.84053e-1	1.34479e-1	-4.22335e1	5.15634e1	1.10654e2	1.2761354e-4	1.3813972e-3	1.2026916e1	1.0404428	
2022-02-16	15:28:41	2.97003e-1	1.31055e-1	-4.24750e1	5.15634e1	1.10650e2	9.8705291e-5	1.3465881e-3	1.2028595e1	1.0402358	
2022-02-16	15:28:41	5.55836e-1	1.33200e-1	-4.23231e1	5.15600e1	1.10652e2	1.8465518e-4	1.3684034e-3	1.2026077e1	1.0404981	
2022-02-16	15:28:42	6.18213e-1	1.36211e-1	-4.21140e1	5.15634e1	1.10650e2	2.0533800e-4	1.3989210e-3	1.2026916e1	1.0402100	
2022-02-16	15:28:42	6.18213e-1	1.36211e-1	-4.21140e1	5.15634e1	1.10650e2	2.0533800e-4	1.3989210e-3	1.2026916e1	1.0402100	
2022-02-16	15:28:43	2.15402e-1	1.31400e-1	-4.24509e1	5.15600e1	1.10645e2	7.1585178e-5	1.3500452e-3	1.2036988e1	1.0401264	
2022-02-16	15:28:43	7.36146e-1	1.31500e-1	-4.24434e1	5.15600e1	1.10650e2	2.4449825e-4	1.3511180e-3	1.2022720e1	1.0402653	
2022-02-16	15:28:44	4.17108e-1	1.34187e-1	-4.22549e1	5.15600e1	1.10642e2	1.3858079e-4	1.3782978e-3	1.2029434e1	1.0401899	
2022-02-16	15:28:44	1.30503e-1	1.33676e-1	-4.22904e1	5.15534e1	1.10645e2	4.3392181e-5	1.3731718e-3	1.2026916e1	1.0401005	
2022-02-16	15:28:45	3.56436e-1	1.34027e-1	-4.22659e1	5.15600e1	1.10643e2	1.1843442e-4	1.3766884e-3	1.2039506e1	1.0401735	
2022-02-16	15:28:45	3.56436e-1	1.34027e-1	-4.22659e1	5.15600e1	1.10643e2	1.1843442e-4	1.3766884e-3	1.2039506e1	1.0401735	
2022-02-16	15:28:46	3.01148e-1	1.30620e-1	-4.25065e1	5.15600e1	1.10645e2	1.0007619e-4	1.3421177e-3	1.2028595e1	1.0402216	
2022-02-16	15:28:46	4.14256e-1	1.35443e-1	-4.21672e1	5.15600e1	1.10647e2	1.3762712e-4	1.3911128e-3	1.2026916e1	1.0399394	
2022-02-16	15:28:47	4.17496e-1	1.30449e-1	-4.25187e1	5.15600e1	1.10645e2	1.3870000e-4	1.3403892e-3	1.2028595e1	1.0400511	
2022-02-16	15:28:47	4.27155e-1	1.32790e-1	-4.23528e1	5.15600e1	1.10641e2	1.4191865e-4	1.3641119e-3	1.2028595e1	1.0400511	
2022-02-16	15:28:48	5.91624e-1	1.35020e-1	-4.21973e1	5.15600e1	1.10637e2	1.9651651e-4	1.3867020e-3	1.2030273e1	1.0399851	
2022-02-16	15:28:48	5.91624e-1	1.35020e-1	-4.21973e1	5.15600e1	1.10637e2	1.9651651e-4	1.3867020e-3	1.2030273e1	1.0399851	
2022-02-16	15:28:49	-3.89927e-1	1.30502e-1	-4.25153e1	5.15600e1	1.10641e2	-1.2969970e-4	1.3408660e-3	1.2028595e1	1.0399134	
2022-02-16	15:28:49	4.64595e-2	1.46202e-1	-4.14491e1	5.15600e1	1.10637e2	1.5437602e-5	1.5000700e-3	1.2029434e1	1.0398851	
2022-02-16	15:28:50	8.57282e-2	1.45484e-1	-4.14956e1	5.15600e1	1.10637e2	2.8491020e-5	1.4927983e-3	1.2035310e1	1.0397698	
2022-02-16	15:28:50	1.38994e-1	1.25536e-1	-4.28771e1	5.15600e1	1.10639e2	4.6193599e-5	1.2903809e-3	1.2022720e1	1.0398746	
2022-02-16	15:28:51	2.83064e-1	1.27951e-1	-4.26996e1	5.15600e1	1.10640e2	9.4056129e-5	1.3149380e-3	1.2024399e1	1.0396804	
2022-02-16	15:28:51	2.83064e-1	1.27951e-1	-4.26996e1	5.15600e1	1.10640e2	9.4056129e-5	1.3149380e-3	1.2024399e1	1.0396804	
2022-02-16	15:28:52	3.32648e-1	1.33407e-1	-4.23099e1	5.15600e1	1.10636e2	1.1050701e-4	1.3703107e-3	1.2028595e1	1.0394154	
2022-02-16	15:28:52	3.63307e-1	1.32607e-1	-4.23669e1	5.15600e1	1.10628e2	1.2069940e-4	1.3620853e-3	1.2031953e1	1.0395507	
2022-02-16	15:28:53	4.18793e-1	1.33248e-1	-4.23219e1	5.15600e1	1.10627e2	1.3911724e-4	1.3685822e-3	1.2036149e1	1.0396848	
2022-02-16	15:28:53	3.01926e-1	1.32248e-1	-4.23922e1	5.15600e1	1.10628e2	1.0031461e-4	1.3584494e-3	1.2021881e1	1.0396413	
2022-02-16	15:28:54	3.91697e-1	1.30055e-1	-4.25481e1	5.15600e1	1.10632e2	1.3011693e-4	1.3362169e-3	1.2026077e1	1.0394483	
2022-02-16	15:28:54	3.18781e-1	1.32459e-1	-4.23772e1	5.15634e1	1.10630e2	1.0591745e-4	1.3605952e-3	1.2025238e1	1.0395036	
2022-02-16	15:28:55	2.83810e-2	1.33040e-1	-4.23366e1	5.15634e1	1.10626e2	9.4175338e-6	1.3664364e-3	1.2026077e1	1.0394847	
2022-02-16	15:28:55	2.78596e-1	1.32907e-1	-4.23461e1	5.15634e1	1.10624e2	9.2566013e-5	1.3650655e-3	1.2031953e1	1.0394847	
2022-02-16	15:28:56	4.37467e-1	1.34700e-1	-4.22204e1	5.15634e1	1.10627e2	1.4531612e-4	1.3833045e-3	1.2034471e1	1.0392246	
2022-02-16	15:28:56	5.52789e-1	1.31293e-1	-4.24600e1	5.15600e1	1.10627e2	1.8358230e-4	1.3487339e-3	1.2023559e1	1.0394506	
2022-02-16	15:28:57	5.99792e-1	1.29619e-1	-4.25798e1	5.15600e1	1.10628e2	1.9919872e-4	1.3317465e-3	1.2029434e1	1.0392658	
2022-02-16	15:28:57	3.30639e-1	1.34659e-1	-4.22230e1	5.15600e1	1.10631e2	1.0985136e-4	1.3829469e-3	1.2028595e1	1.0391975	
2022-02-16	15:28:58	2.79889e-1	1.33880e-1	-4.22778e1	5.15600e1	1.10624e2	9.2983245e-5	1.3749599e-3	1.2026077e1	1.0392657	
2022-02-16	15:28:58	2.13455e-1	1.32945e-1	-4.23434e1	5.15567e1	1.10624e2	7.0929527e-5	1.3654828e-3	1.2026916e1	1.0392469	
2022-02-16	15:28:59	1.23765e-1	1.32692e-1	-4.23612e1	5.15567e1	1.10625e2	4.1127204e-5	1.3629198e-3	1.2031114e1	1.0392162	
2022-02-16	15:28:59	2.37891e-1	1.30275e-1	-4.25330e1	5.15600e1	1.10625e2	7.9035758e-5	1.3383626e-3	1.2025238e1	1.0392080	
2022-02-16	15:29:00	2.28169e-1	1.30101e-1	-4.25456e1	5.15600e1	1.10623e2	7.5817108e-5	1.3365745e-3	1.2026916e1	1.0394035	
2022-02-16	15:29:00	1.36727e-1	1.31145e-1	-4.24713e1	5.15600e1	1.10618e2	4.5418739e-5	1.3471245e-3	1.2023559e1	1.0389170	
2022-02-16	15:29:01	3.39130e-1	1.30942e-1	-4.24856e1	5.15600e1	1.10621e2	1.1265277e-4	1.3450980e-3	1.2026077e1	1.0388664	
2022-02-16	15:29:01	4.06088e-1	1.30450e-1	-4.25204e1	5.15600e1	1.10625e2	1.3488531e-4	1.3401508e-3	1.2026077e1	1.0391491	
2022-02-16	15:29:02	2.85077e-1	1.34419e-1	-4.22400e1	5.15634e1	1.10626e2	9.4711780e-5	1.3804435e-3	1.2031953e1	1.0392292	
2022-02-16	15:29:02	4.22752e-1	1.34433e-1	-4.22392e1	5.15634e1	1.10625e2	1.4042854e-4	1.3805627e-3	1.2025238e1	1.0391703	
2022-02-16	15:29:03	4.22752e-1	1.34433e-1	-4.22392e1	5.15634e1	1.10625e2	1.4042854e-4	1.3805627e-3	1.2025238e1	1.0391703	
2022-02-16	15:29:03	5.61347e-1	1.33296e-1	-4.23186e1	5.15600e1	1.10627e2	1.8644332e-4	1.3690590e-3	1.2035310e1	1.0390573	
2022-02-16	15:29:04	4.16325e-1	1.32293e-1	-4.23894e1	5.15567e1	1.10625e2	1.3828277e-4	1.3588666e-3	1.2026077e1	1.0390478	
2022-02-16	15:29:04	2.45797e-1	1.27413e-1	-4.27403e1	5.15600e1	1.10624e2	8.1658363e-5	1.3092756e-3	1.2026916e1	1.0390149	
2022-02-16	15:29:05	3.30836e-1	1.29770e-1	-4.25695e1	5.15634e1	1.10621e2	1.0991096e-4	1.3331770e-3	1.2026077e1	1.0388181	
2022-02-16	15:29:05	3.23253e-1	1.33176e-1	-4.23271e1	5.15634e1	1.10625e2	1.0740756e-4	1.3678073e-3	1.2025238e1	1.0388677	
2022-02-16	15:29:06	3.23253e-1	1.33176e-1	-4.23271e1	5.15634e1	1.10625e2	1.0740756e-4	1.3678073e-3	1.2025238e1	1.0388677	
2022-02-16	15:29:06	2.32708e-1	1.32101e-1	-4.24033e1	5.15634e1	1.10620e2	7.7307224e-5	1.3568401e-3	1.2024399e1	1.0390219	
2022-02-16	15:29:07	3.08540e-1	1.33812e-1	-4.22831e1	5.15634e1	1.10618e2	1.0251998e-4	1.3741850e-3	1.2027755e1	1.0388994	
2022-02-16	15:29:07	4.04014e-1	1.32978e-1	-4.23412e1	5.15600e1	1.10623e2	1.3422966e-4	1.3657808e-3	1.2026077e1	1.0389159	
2022-02-16	15:29:08	2.64075e-1	1.35047e-1	-4.21972e1	5.15600e1	1.10616e2	8.7738037e-5	1.3867020e-3	1.2028595e1	1.0387861	
2022-02-16	15:29:08	2.92790e-1	1.32699e-1	-4.23614e1	5.15634e1	1.10616e2	9.7274780e-5	1.3628602e-3	1.2024399e1	1.0386801	
2022-02-16	15:29:09	2.92790e-1	1.32699e-1	-4.23614e1	5.15634e1	1.10616e2	9.7274780e-5	1.3628602e-3	1.2024399e1	1.0386801	
2022-02-16	15:29:09	2.51372e-1	1.32339e-1	-4.23864e1	5.15600e1	1.10621e2	8.3506107e-5	1.3592839e-3	1.2024399e1	1.0388664	
2022-02-16	15:29:10	3.06398e-1	1.31847e-1	-4.24217e1	5.15601e1	1.10616e2	1.0180473e-4	1.3542175e-3	1.2027755e1	1.0387214	
2022-02-16	15:29:10	2.64661e-1	1.33663e-1	-4.22937e1	5.15634e1	1.10615e2	8.7916851e-5	1.3726353e-3	1.2035310e1	1.0387048	
2022-02-16	15:29:11	3.71603e-1	1.30689e-1	-4.25040e1	5.15600e1	1.10617e2	1.2344121e-4	1.3424754e-3	1.2033631e1	1.0385941	
2022-02-16	15:29:11	1.17673e-1	1.31220e-1	-4.24664e1	5.15567e1	1.10614e2	3.9100646e-5	1.3478398e-3	1.2029434e1	1.0384668	
2022-02-16	15:29:12	1.17673e-1	1.31220e-1	-4.24664e1	5.15567e1	1.10614e2	3.9100646e-5	1.3478398e-3	1.2029434e1	1.0384668	
2022-02-16	15:29:12	2.53313e-1	1.30273e-1	-4.25339e1	5.15567e1	1.10615e2	8.4161758e-5	1.3382434e-3	1.2022720e1	1.0384055	
2022-02-16	15:29:13	1.75091e-1	1.30906e-1	-4.24893e1	5.15600e1	1.10607e2	5.8174133e-5	1.3445615e-3	1.2036149e1	1.0384514	
2022-02-16	15:29:13	2.17216e-1	1.31952e-1	-4.24146e1	5.15600e1	1.10611e2	7.2181224e-5	1.3552308e-3	1.2026077e1	1.0382157	
2022-02-16	15:29:14	2.17216e-1	1.31952e-1	-4.24146e1	5.15600e1	1.10611e2	7.2181224e-5	1.3552308e-3	1.2026077e1	1.0382157	
2022-02-16	15:29:14	4.21131e-1	1.34128e-1	-4.22617e1	5.15634e1	1.10609e2	1.3989210e-4	1.3772845e-3	1.2029434e1	1.0382510	
2022-02-16	15:29:15	3.16318e-1	1.31164e-1	-4.24708e1	5.15634e1	1.10609e2	1.0508298e-4	1.3471841e-3	1.2026077e1	1.0382828	
2022-02-16	15:29:15	3.16318e-1	1.31164e-1	-4.24708e1	5.15634e1	1.10609e2	1.0508298e-4	1.3471841e-3	1.2026077e1	1.0382828	
2022-02-16	15:29:16	2.65241e-1	1.34272e-1	-4.22520e1	5.15600e1	1.10607e2	8.8095664e-5	1.3787150e-3	1.2025238e1	1.0382179	
2022-02-16	15:29:16	5.18364e-1	1.29384e-1	-4.25988e1	5.15600e1	1.10604e2	1.7213821e-4	1.3290643e-3	1.2027755e1	1.0381542	
2022-02-16	15:29:17	6.42906e-1	1.28154e-1	-4.26880e1	5.15600e1	1.10602e2	2.1344423e-4	1.3165473e-3	1.2027755e1	1.0381164	
2022-02-16	15:29:17	2.48452e-1	1.29683e-1	-4.25769e1	5.15567e1	1.10608e2	8.2552433e-5	1.3321638e-3	1.2026077e1	1.0381095	
2022-02-16	15:29:18	6.41475e-3	1.34402e-1	-4.22430e1	5.15600e1	1.10606e2	2.1457672e-6	1.3800263e-3	1.2036988e1	1.0381660	
2022-02-16	15:29:18	6.41475e-3	1.34402e-1	-4.22430e1	5.15600e1	1.10606e2	2.1457672e-6	1.3800263e-3	1.2036988e1	1.0381660	
2022-02-16	15:29:19	2.40027e-1	1.32458e-1	-4.23794e1	5.15567e1	1.10605e2	7.9751014e-5	1.3602972e-3	1.2031114e1	1.0382167	
2022-02-16	15:29:19	4.40245e-1	1.31992e-1	-4.24122e1	5.15567e1	1.10607e2	1.4621019e-4	1.3555884e-3	1.2026916e1	1.0381047	
2022-02-16	15:29:20	2.56038e-1	1.28777e-1	-4.26425e1	5.15600e1	1.10606e2	8.5055828e-5	1.3229250e-3	1.2026077e1	1.0379478	
2022-02-16	15:29:20	4.30249e-2	1.29230e-1	-4.26098e1	5.15600e1	1.10605e2	1.4305114e-5	1.3275146e-3	1.2030273e1	1.0380835	
2022-02-16	15:29:21	2.64334e-1	1.33096e-1	-4.23346e1	5.15600e1	1.10602e2	8.7797641e-5	1.3667345e-3	1.2027755e1	1.0378499	
2022-02-16	15:29:21	2.64334e-1	1.33096e-1	-4.23346e1	5.15600e1	1.10602e2	8.7797641e-5	1.3667345e-3	1.2027755e1	1.0378499	
2022-02-16	15:29:22	2.33616e-1	1.32804e-1	-4.23556e1	5.15634e1	1.10598e2	7.7605247e-5	1.3636946e-3	1.2025238e1	1.0377601	
2022-02-16	15:29:22	-3.49251e-1	1.33296e-1	-4.23214e1	5.15600e1	1.10593e2	-1.1610984e-4	1.3686418e-3	1.2026916e1	1.0378308	
2022-02-16	15:29:23	2.08858e-1	1.46768e-1	-4.14165e1	5.15601e1	1.10592e2	6.9379806e-5	1.5051960e-3	1.2031114e1	1.0376527	
2022-02-16	15:29:23	2.67188e-1	1.49059e-1	-4.12701e1	5.15600e1	1.10592e2	8.8751316e-5	1.5283823e-3	1.2018524e1	1.0374356	
2022-02-16	15:29:24	3.36148e-1	1.30912e-1	-4.24906e1	5.15600e1	1.10588e2	1.1163949e-4	1.3443827e-3	1.2024399e1	1.0375416	
2022-02-16	15:29:24	3.36148e-1	1.30912e-1	-4.24906e1	5.15600e1	1.10588e2	1.1163949e-4	1.3443827e-3	1.2024399e1	1.0375416	
2022-02-16	15:29:25	1.02123e-1	1.35489e-1	-4.21690e1	5.15634e1	1.10588e2	3.3915042e-5	1.3908147e-3	1.2031953e1	1.0375900	
2022-02-16	15:29:25	-7.06251e-2	1.33941e-1	-4.22765e1	5.15634e1	1.10590e2	-2.3484230e-5	1.3751387e-3	1.2029434e1	1.0374367	
2022-02-16	15:29:26	5.68276e-2	1.33444e-1	-4.23114e1	5.15634e1	1.10588e2	1.8894672e-5	1.3700723e-3	1.2026916e1	1.0374921	
2022-02-16	15:29:26	4.74317e-2	1.34047e-1	-4.22691e1	5.15634e1	1.10590e2	1.5735626e-5	1.3762116e-3	1.2027755e1	1.0373541	
2022-02-16	15:29:27	1.49623e-1	1.31697e-1	-4.24346e1	5.15600e1	1.10589e2	4.9710273e-5	1.3523697e-3	1.2027755e1	1.0372537	
2022-02-16	15:29:27	4.01550e-1	1.32039e-1	-4.24104e1	5.15600e1	1.10588e2	1.3333559e-4	1.3558268e-3	1.2026916e1	1.0372489	
2022-02-16	15:29:28	4.42843e-1	1.35331e-1	-4.21801e1	5.15600e1	1.10586e2	1.4704465e-4	1.3892054e-3	1.2025238e1	1.0373055	
2022-02-16	15:29:28	2.69717e-1	1.37111e-1	-4.20575e1	5.15634e1	1.10588e2	8.9585781e-5	1.4072656e-3	1.2026916e1	1.0373811	
2022-02-16	15:29:29	1.99913e-1	1.33811e-1	-4.22856e1	5.15600e1	1.10590e2	6.6399574e-5	1.3738274e-3	1.2038667e1	1.0372596	
2022-02-16	15:29:29	2.87666e-1	1.31971e-1	-4.24154e1	5.15601e1	1.10585e2	9.5546245e-5	1.3551115e-3	1.2028595e1	1.0372973	
2022-02-16	15:29:30	2.97910e-1	1.32924e-1	-4.23481e1	5.15634e1	1.10585e2	9.8943710e-5	1.3647675e-3	1.2029434e1	1.0372123	
2022-02-16	15:29:30	2.24542e-1	1.33660e-1	-4.22966e1	5.15634e1	1.10584e2	7.4565410e-5	1.3722181e-3	1.2039506e1	1.0372076	
2022-02-16	15:29:31	2.24084e-1	1.34443e-1	-4.22418e1	5.15567e1	1.10585e2	7.4446201e-5	1.3802051e-3	1.2037827e1	1.0371474	
2022-02-16	15:29:31	4.17172e-1	1.31133e-1	-4.24751e1	5.15600e1	1.10584e2	1.3852119e-4	1.3465881e-3	1.2023559e1	1.0370754	
2022-02-16	15:29:32	3.13718e-1	1.29673e-1	-4.25798e1	5.15567e1	1.10582e2	1.0418891e-4	1.3317465e-3	1.2031953e1	1.0372854	
2022-02-16	15:29:32	3.15141e-1	1.28796e-1	-4.26431e1	5.15534e1	1.10583e2	1.0466575e-4	1.3228654e-3	1.2028595e1	1.0370268	
2022-02-16	15:29:33	3.15141e-1	1.28796e-1	-4.26431e1	5.15534e1	1.10583e2	1.0466575e-4	1.3228654e-3	1.2028595e1	1.0370268	
2022-02-16	15:29:33	4.36878e-1	1.31493e-1	-4.24492e1	5.15600e1	1.10588e2	1.4507770e-4	1.3502836e-3	1.2028595e1	1.0370942	
2022-02-16	15:29:34	4.65466e-1	1.33603e-1	-4.23008e1	5.15600e1	1.10581e2	1.5455484e-4	1.3716220e-3	1.2029434e1	1.0370044	
2022-02-16	15:29:34	4.38694e-1	1.33005e-1	-4.23429e1	5.15600e1	1.10581e2	1.4567375e-4	1.3655424e-3	1.2033631e1	1.0368651	
2022-02-16	15:29:35	4.38369e-1	1.30305e-1	-4.25346e1	5.15600e1	1.10580e2	1.4555454e-4	1.3381242e-3	1.2026916e1	1.0369949	
2022-02-16	15:29:35	3.56108e-1	1.30193e-1	-4.25427e1	5.15567e1	1.10579e2	1.1825561e-4	1.3369917e-3	1.2026916e1	1.0368862	
2022-02-16	15:29:36	3.56108e-1	1.30193e-1	-4.25427e1	5.15567e1	1.10579e2	1.1825561e-4	1.3369917e-3	1.2026916e1	1.0368862	
2022-02-16	15:29:36	4.47574e-1	1.31885e-1	-4.24216e1	5.15600e1	1.10584e2	1.4859437e-4	1.3542175e-3	1.2038667e1	1.0368616	
2022-02-16	15:29:37	3.46454e-1	1.33296e-1	-4.23226e1	5.15600e1	1.10578e2	1.1503696e-4	1.3684630e-3	1.2029434e1	1.0369629	
2022-02-16	15:29:37	5.16744e-1	1.31630e-1	-4.24404e1	5.15600e1	1.10577e2	1.7154216e-4	1.3515353e-3	1.2036988e1	1.0368566	
2022-02-16	15:29:38	4.85108e-1	1.30623e-1	-4.25119e1	5.15600e1	1.10579e2	1.6105175e-4	1.3413429e-3	1.2026077e1	1.0369051	
2022-02-16	15:29:38	3.35183e-1	1.32806e-1	-4.23571e1	5.15667e1	1.10577e2	1.1128187e-4	1.3634562e-3	1.2024399e1	1.0368165	
2022-02-16	15:29:39	3.35183e-1	1.32806e-1	-4.23571e1	5.15667e1	1.10577e2	1.1128187e-4	1.3634562e-3	1.2024399e1	1.0368165	
2022-02-16	15:29:39	2.07108e-1	1.32461e-1	-4.23817e1	5.15634e1	1.10575e2	6.8783760e-5	1.3599395e-3	1.2028595e1	1.0367798	
2022-02-16	15:29:40	3.02120e-1	1.29375e-1	-4.26017e1	5.15600e1	1.10577e2	1.0031461e-4	1.3286471e-3	1.2031953e1	1.0367138	
2022-02-16	15:29:40	1.94406e-1	1.33472e-1	-4.23110e1	5.15634e1	1.10570e2	6.4551830e-5	1.3701319e-3	1.2025238e1	1.0365765	
2022-02-16	15:29:41	3.58316e-1	1.33054e-1	-4.23400e1	5.15600e1	1.10574e2	1.1897087e-4	1.3659596e-3	1.2037827e1	1.0365271	
2022-02-16	15:29:41	3.39130e-1	1.32191e-1	-4.24008e1	5.15600e1	1.10574e2	1.1259317e-4	1.3571977e-3	1.2028595e1	1.0365955	
2022-02-16	15:29:42	3.39130e-1	1.32191e-1	-4.24008e1	5.15600e1	1.10574e2	1.1259317e-4	1.3571977e-3	1.2028595e1	1.0365955	
2022-02-16	15:29:42	4.04277e-1	1.30386e-1	-4.25295e1	5.15634e1	1.10572e2	1.3422966e-4	1.3388395e-3	1.2024399e1	1.0366817	
2022-02-16	15:29:43	1.14500e-1	1.31410e-1	-4.24566e1	5.15634e1	1.10570e2	3.8027763e-5	1.3492107e-3	1.2028595e1	1.0365765	
2022-02-16	15:29:43	3.97860e-1	1.33460e-1	-4.23122e1	5.15634e1	1.10565e2	1.3208389e-4	1.3699531e-3	1.2025238e1	1.0364782	
2022-02-16	15:29:44	4.46023e-1	1.31662e-1	-4.24386e1	5.15634e1	1.10570e2	1.4805793e-4	1.3517737e-3	1.2026916e1	1.0364809	
2022-02-16	15:29:44	3.80224e-1	1.28216e-1	-4.26863e1	5.15601e1	1.10569e2	1.2624263e-4	1.3167858e-3	1.2038667e1	1.0362421	
2022-02-16	15:29:45	3.80224e-1	1.28216e-1	-4.26863e1	5.15601e1	1.10569e2	1.2624263e-4	1.3167858e-3	1.2038667e1	1.0362421	
2022-02-16	15:29:45	3.89364e-1	1.29479e-1	-4.25949e1	5.15600e1	1.10568e2	1.2928247e-4	1.3296008e-3	1.2021042e1	1.0363590	
2022-02-16	15:29:46	3.92804e-1	1.35280e-1	-4.21857e1	5.15634e1	1.10562e2	1.3041496e-4	1.3883709e-3	1.2024399e1	1.0360858	
2022-02-16	15:29:46	3.55658e-1	1.32463e-1	-4.23826e1	5.15600e1	1.10563e2	1.1807680e-4	1.3598203e-3	1.2038667e1	1.0362052	
2022-02-16	15:29:47	1.69583e-1	1.33117e-1	-4.23362e1	5.15600e1	1.10566e2	5.6326389e-5	1.3664960e-3	1.2024399e1	1.0361250	
2022-02-16	15:29:47	3.45421e-1	1.32233e-1	-4.23991e1	5.15634e1	1.10560e2	1.1467933e-4	1.3574361e-3	1.2035310e1	1.0359617	
2022-02-16	15:29:48	3.45421e-1	1.32233e-1	-4.23991e1	5.15634e1	1.10560e2	1.1467933e-4	1.3574361e-3	1.2035310e1	1.0359617	
2022-02-16	15:29:48	3.45421e-1	1.32233e-1	-4.23991e1	5.15634e1	1.10560e2	1.1467933e-4	1.3574361e-3	1.2035310e1	1.0359617	
2022-02-16	15:29:49	3.91179e-1	1.30916e-1	-4.24926e1	5.15600e1	1.10559e2	1.2987852e-4	1.3440847e-3	1.2024399e1	1.0360881	
2022-02-16	15:29:49	3.61950e-1	1.34658e-1	-4.22289e1	5.15634e1	1.10561e2	1.2016296e-4	1.3820528e-3	1.2024399e1	1.0360538	
2022-02-16	15:29:50	4.83752e-1	1.33018e-1	-4.23440e1	5.15634e1	1.10557e2	1.6057491e-4	1.3653635e-3	1.2022720e1	1.0361199	
2022-02-16	15:29:50	5.49747e-1	1.29779e-1	-4.25741e1	5.15634e1	1.10559e2	1.8244981e-4	1.3325214e-3	1.2038667e1	1.0359002	
2022-02-16	15:29:51	3.68949e-1	1.29146e-1	-4.26198e1	5.15634e1	1.10558e2	1.2248754e-4	1.3260841e-3	1.2023559e1	1.0359699	
2022-02-16	15:29:51	3.68949e-1	1.29146e-1	-4.26198e1	5.15634e1	1.10558e2	1.2248754e-4	1.3260841e-3	1.2023559e1	1.0359699	
2022-02-16	15:29:52	1.80018e-1	1.30218e-1	-4.25425e1	5.15634e1	1.10560e2	5.9783458e-5	1.3369917e-3	1.2025238e1	1.0360101	
2022-02-16	15:29:52	2.43011e-1	1.31745e-1	-4.24337e1	5.15600e1	1.10559e2	8.0704689e-5	1.3524889e-3	1.2024399e1	1.0359274	
2022-02-16	15:29:53	4.36295e-1	1.32306e-1	-4.23942e1	5.15600e1	1.10557e2	1.4483928e-4	1.3581514e-3	1.2028595e1	1.0357878	
2022-02-16	15:29:53	3.65384e-1	1.29583e-1	-4.25885e1	5.15634e1	1.10556e2	1.2129545e-4	1.3304948e-3	1.2021042e1	1.0358386	
2022-02-16	15:29:54	4.16589e-1	1.31257e-1	-4.24688e1	5.15600e1	1.10555e2	1.3828277e-4	1.3474822e-3	1.2026916e1	1.0358066	
2022-02-16	15:29:54	4.16589e-1	1.31257e-1	-4.24688e1	5.15600e1	1.10555e2	1.3828277e-4	1.3474822e-3	1.2026916e1	1.0358066	
2022-02-16	15:29:55	7.35368e-1	1.31858e-1	-4.24258e1	5.15600e1	1.10558e2	2.4402141e-4	1.3536214e-3	1.2025238e1	1.0356885	
2022-02-16	15:29:55	4.95221e-1	1.30345e-1	-4.25338e1	5.15600e1	1.10556e2	1.6438961e-4	1.3382434e-3	1.2024399e1	1.0356801	
2022-02-16	15:29:56	-6.20719e-2	1.30969e-1	-4.24893e1	5.15600e1	1.10555e2	-2.0623207e-5	1.3445615e-3	1.2025238e1	1.0357037	
2022-02-16	15:29:56	1.50272e-1	1.43807e-1	-4.16121e1	5.15600e1	1.10553e2	4.9889087e-5	1.4746785e-3	1.2029434e1	1.0357120	
2022-02-16	15:29:57	4.46929e-1	1.46645e-1	-4.14278e1	5.15600e1	1.10552e2	1.4835596e-4	1.5034079e-3	1.2024399e1	1.0354683	
2022-02-16	15:29:57	4.46929e-1	1.46645e-1	-4.14278e1	5.15600e1	1.10552e2	1.4835596e-4	1.5034079e-3	1.2024399e1	1.0354683	
2022-02-16	15:29:58	3.07175e-1	1.27004e-1	-4.27763e1	5.15600e1	1.10552e2	1.0198354e-4	1.3042688e-3	1.2023559e1	1.0355001	
2022-02-16	15:29:58	2.40875e-1	1.35792e-1	-4.21511e1	5.15634e1	1.10552e2	7.9989433e-5	1.3934373e-3	1.2026916e1	1.0355664	
2022-02-16	15:29:59	2.30116e-1	1.33499e-1	-4.23106e1	5.15634e1	1.10552e2	7.6413154e-5	1.3701915e-3	1.2027755e1	1.0353736	
2022-02-16	15:29:59	1.53318e-1	1.31118e-1	-4.24783e1	5.15634e1	1.10558e2	5.0902366e-5	1.3461112e-3	1.2032792e1	1.0354012	
2022-02-16	15:30:00	5.13373e-1	1.31415e-1	-4.24575e1	5.15600e1	1.10555e2	1.7040967e-4	1.3490915e-3	1.2030273e1	1.0355144	
2022-02-16	15:30:00	5.13373e-1	1.31415e-1	-4.24575e1	5.15600e1	1.10555e2	1.7040967e-4	1.3490915e-3	1.2030273e1	1.0355144	
2022-02-16	15:30:01	1.22084e-1	1.30131e-1	-4.25496e1	5.15667e1	1.10550e2	4.0531158e-5	1.3359785e-3	1.2026077e1	1.0354598	
2022-02-16	15:30:01	2.19617e-1	1.30658e-1	-4.25122e1	5.15634e1	1.10546e2	7.2896480e-5	1.3412833e-3	1.2031114e1	1.0352811	
2022-02-16	15:30:02	4.09399e-1	1.35465e-1	-4.21739e1	5.15634e1	1.10550e2	1.3589859e-4	1.3900995e-3	1.2025238e1	1.0354315	
2022-02-16	15:30:02	4.74089e-1	1.35860e-1	-4.21468e1	5.15601e1	1.10548e2	1.5735626e-4	1.3940930e-3	1.2026916e1	1.0352977	
2022-02-16	15:30:03	3.51056e-1	1.30070e-1	-4.25540e1	5.15600e1	1.10550e2	1.1652708e-4	1.3353824e-3	1.2026077e1	1.0352150	
2022-02-16	15:30:03	3.51056e-1	1.30070e-1	-4.25540e1	5.15600e1	1.10550e2	1.1652708e-4	1.3353824e-3	1.2026077e1	1.0352150	
2022-02-16	15:30:04	4.68907e-1	1.36171e-1	-4.21256e1	5.15634e1	1.10545e2	1.5562772e-4	1.3971924e-3	1.2025238e1	1.0352940	
2022-02-16	15:30:04	3.11000e-1	1.34346e-1	-4.22519e1	5.15600e1	1.10545e2	1.0323524e-4	1.3787150e-3	1.2027755e1	1.0351592	
2022-02-16	15:30:05	2.91947e-1	1.31122e-1	-4.24791e1	5.15634e1	1.10546e2	9.6917152e-5	1.3459920e-3	1.2038667e1	1.0353000	
2022-02-16	15:30:05	3.00762e-1	1.32713e-1	-4.23663e1	5.15634e1	1.10546e2	9.9837779e-5	1.3621449e-3	1.2022720e1	1.0352208	
2022-02-16	15:30:06	2.61744e-1	1.30944e-1	-4.24921e1	5.15634e1	1.10543e2	8.6903572e-5	1.3441443e-3	1.2024399e1	1.0350407	
2022-02-16	15:30:06	2.61744e-1	1.30944e-1	-4.24921e1	5.15634e1	1.10543e2	8.6903572e-5	1.3441443e-3	1.2024399e1	1.0350407	
2022-02-16	15:30:07	2.55131e-1	1.32611e-1	-4.23739e1	5.15600e1	1.10543e2	8.4698200e-5	1.3610720e-3	1.2027755e1	1.0352112	
2022-02-16	15:30:07	4.57548e-1	1.31736e-1	-4.24355e1	5.15534e1	1.10544e2	1.5187263e-4	1.3522505e-3	1.2024399e1	1.0352774	
2022-02-16	15:30:08	2.06649e-1	1.33207e-1	-4.23319e1	5.15534e1	1.10543e2	6.8604946e-5	1.3671517e-3	1.2030273e1	1.0351141	
2022-02-16	15:30:08	4.29225e-1	1.33922e-1	-4.22815e1	5.15567e1	1.10546e2	1.4245510e-4	1.3744235e-3	1.2025238e1	1.0351580	
2022-02-16	15:30:09	5.58435e-1	1.31520e-1	-4.24511e1	5.15634e1	1.10542e2	1.8531084e-4	1.3499855e-3	1.2025238e1	1.0349969	
2022-02-16	15:30:09	2.94478e-1	1.30621e-1	-4.25151e1	5.15667e1	1.10543e2	9.7751617e-5	1.3408660e-3	1.2026916e1	1.0349153	
2022-02-16	15:30:10	2.69521e-1	1.31526e-1	-4.24511e1	5.15634e1	1.10537e2	8.9466571e-5	1.3499855e-3	1.2024399e1	1.0349707	
2022-02-16	15:30:10	2.85466e-1	1.32571e-1	-4.23771e1	5.15634e1	1.10538e2	9.4771385e-5	1.3605952e-3	1.2026077e1	1.0348641	
2022-02-16	15:30:11	4.93541e-1	1.35196e-1	-4.21934e1	5.15634e1	1.10539e2	1.6379356e-4	1.3872385e-3	1.2026916e1	1.0348844	
2022-02-16	15:30:11	3.24157e-1	1.33934e-1	-4.22814e1	5.15600e1	1.10537e2	1.0758638e-4	1.3744235e-3	1.2021042e1	1.0346807	
2022-02-16	15:30:12	2.45476e-1	1.32330e-1	-4.23941e1	5.15634e1	1.10538e2	8.1479549e-5	1.3581514e-3	1.2023559e1	1.0349198	
2022-02-16	15:30:12	3.01155e-1	1.36772e-1	-4.20851e1	5.15667e1	1.10536e2	9.9956989e-5	1.4031529e-3	1.2025238e1	1.0346179	
2022-02-16	15:30:13	2.71142e-1	1.35047e-1	-4.22036e1	5.15634e1	1.10541e2	9.0003013e-5	1.3857483e-3	1.2026077e1	1.0346986	
2022-02-16	15:30:13	3.24870e-1	1.30676e-1	-4.25119e1	5.15600e1	1.10535e2	1.0782480e-4	1.3413429e-3	1.2030273e1	1.0347267	
2022-02-16	15:30:14	4.00323e-1	1.32786e-1	-4.23622e1	5.15634e1	1.10535e2	1.3285875e-4	1.3627409e-3	1.2031953e1	1.0346995	
2022-02-16	15:30:14	5.22319e-1	1.32459e-1	-4.23855e1	5.15600e1	1.10532e2	1.7333030e-4	1.3594031e-3	1.2031953e1	1.0346248	
2022-02-16	15:30:15	4.32345e-1	1.32699e-1	-4.23688e1	5.15634e1	1.10529e2	1.4346837e-4	1.3617873e-3	1.2025238e1	1.0345464	
2022-02-16	15:30:15	3.17877e-1	1.35921e-1	-4.21441e1	5.15667e1	1.10529e2	1.0550022e-4	1.3944506e-3	1.2026916e1	1.0346850	
2022-02-16	15:30:16	3.67585e-1	1.33221e-1	-4.23317e1	5.15600e1	1.10534e2	1.2201070e-4	1.3671517e-3	1.2026916e1	1.0344473	
2022-02-16	15:30:16	4.86010e-1	1.31082e-1	-4.24831e1	5.15567e1	1.10532e2	1.6129016e-4	1.3454556e-3	1.2021042e1	1.0344543	
2022-02-16	15:30:17	4.82844e-1	1.32717e-1	-4.23675e1	5.15634e1	1.10529e2	1.6021728e-4	1.3619661e-3	1.2021042e1	1.0343676	
2022-02-16	15:30:17	3.16058e-1	1.30624e-1	-4.25160e1	5.15634e1	1.10529e2	1.0490417e-4	1.3407468e-3	1.2030273e1	1.0343345	
2022-02-16	15:30:18	3.16058e-1	1.30624e-1	-4.25160e1	5.15634e1	1.10529e2	1.0490417e-4	1.3407468e-3	1.2030273e1	1.0343345	
2022-02-16	15:30:18	2.06718e-1	1.33047e-1	-4.23441e1	5.15600e1	1.10531e2	6.8604946e-5	1.3653635e-3	1.2035310e1	1.0342304	
2022-02-16	15:30:19	2.97713e-1	1.33401e-1	-4.23193e1	5.15600e1	1.10530e2	9.8824501e-5	1.3689398e-3	1.2028595e1	1.0342836	
2022-02-16	15:30:19	3.03481e-1	1.34288e-1	-4.22572e1	5.15600e1	1.10530e2	1.0073184e-4	1.3779401e-3	1.2026077e1	1.0342540	
2022-02-16	15:30:20	4.06606e-1	1.31194e-1	-4.24754e1	5.15601e1	1.10529e2	1.3494491e-4	1.3465285e-3	1.2024399e1	1.0343202	
2022-02-16	15:30:20	4.02851e-1	1.33079e-1	-4.23423e1	5.15634e1	1.10526e2	1.3369321e-4	1.3656020e-3	1.2024399e1	1.0344184	
2022-02-16	15:30:21	4.02851e-1	1.33079e-1	-4.23423e1	5.15634e1	1.10526e2	1.3369321e-4	1.3656020e-3	1.2024399e1	1.0344184	
2022-02-16	15:30:21	5.10914e-1	1.31156e-1	-4.24783e1	5.15634e1	1.10527e2	1.6951560e-4	1.3461112e-3	1.2021881e1	1.0339778	
2022-02-16	15:30:22	4.99564e-1	1.29618e-1	-4.25881e1	5.15600e1	1.10530e2	1.6576051e-4	1.3305544e-3	1.2032792e1	1.0341711	
2022-02-16	15:30:22	3.45158e-1	1.33514e-1	-4.23119e1	5.15600e1	1.10524e2	1.1456012e-4	1.3700127e-3	1.2030273e1	1.0340653	
2022-02-16	15:30:23	2.27910e-1	1.34015e-1	-4.22765e1	5.15600e1	1.10529e2	7.5638294e-5	1.3751387e-3	1.2024399e1	1.0340549	
2022-02-16	15:30:23	4.13477e-1	1.30438e-1	-4.25295e1	5.15600e1	1.10527e2	1.3720989e-4	1.3388395e-3	1.2023559e1	1.0342326	
2022-02-16	15:30:24	4.13477e-1	1.30438e-1	-4.25295e1	5.15600e1	1.10527e2	1.3720989e-4	1.3388395e-3	1.2023559e1	1.0342326	
2022-02-16	15:30:24	4.58598e-1	1.28409e-1	-4.26763e1	5.15634e1	1.10520e2	1.5217065e-4	1.3181567e-3	1.2035310e1	1.0341788	
2022-02-16	15:30:25	3.26886e-1	1.30693e-1	-4.25117e1	5.15667e1	1.10522e2	1.0848045e-4	1.3413429e-3	1.2038667e1	1.0340949	
2022-02-16	15:30:25	1.50856e-1	1.32517e-1	-4.23824e1	5.15634e1	1.10519e2	5.0067901e-5	1.3598203e-3	1.2036149e1	1.0341385	
2022-02-16	15:30:26	4.20548e-1	1.33922e-1	-4.22838e1	5.15634e1	1.10519e2	1.3953447e-4	1.3740658e-3	1.2033631e1	1.0340816	
2022-02-16	15:30:26	6.87328e-1	1.32010e-1	-4.24182e1	5.15634e1	1.10520e2	2.2798776e-4	1.3546943e-3	1.2026916e1	1.0339134	
2022-02-16	15:30:27	6.87328e-1	1.32010e-1	-4.24182e1	5.15634e1	1.10520e2	2.2798776e-4	1.3546943e-3	1.2026916e1	1.0339134	
2022-02-16	15:30:27	3.06595e-1	1.28456e-1	-4.26729e1	5.15634e1	1.10521e2	1.0174512e-4	1.3186335e-3	1.2022720e1	1.0338081	
2022-02-16	15:30:28	7.66564e-2	1.29681e-1	-4.25847e1	5.15634e1	1.10518e2	2.5451183e-5	1.3310313e-3	1.2031114e1	1.0341420	
2022-02-16	15:30:28	8.49052e-1	1.32841e-1	-4.23597e1	5.15634e1	1.10519e2	2.8157234e-4	1.3630986e-3	1.2031114e1	1.0339299	
2022-02-16	15:30:29	4.91017e-1	1.30967e-1	-4.24924e1	5.15667e1	1.10519e2	1.6289949e-4	1.3440847e-3	1.2026916e1	1.0338518	
2022-02-16	15:30:29	3.16970e-1	1.39944e-1	-4.18711e1	5.15667e1	1.10520e2	1.0520219e-4	1.4351010e-3	1.2027755e1	1.0338672	
2022-02-16	15:30:30	3.16970e-1	1.39944e-1	-4.18711e1	5.15667e1	1.10520e2	1.0520219e-4	1.4351010e-3	1.2027755e1	1.0338672	
2022-02-16	15:30:30	2.35300e-1	1.45921e-1	-4.14775e1	5.15600e1	1.10517e2	7.8082084e-5	1.4955997e-3	1.2025238e1	1.0338433	
2022-02-16	15:30:31	2.00433e-1	1.29448e-1	-4.26011e1	5.15634e1	1.10521e2	6.6518783e-5	1.3287067e-3	1.2026077e1	1.0337678	
2022-02-16	15:30:31	1.84166e-1	1.34314e-1	-4.22567e1	5.15634e1	1.10515e2	6.1154365e-5	1.3779997e-3	1.2024399e1	1.0338231	
2022-02-16	15:30:32	1.12751e-1	1.33041e-1	-4.23456e1	5.15634e1	1.10519e2	3.7431716e-5	1.3651251e-3	1.2026916e1	1.0336645	
2022-02-16	15:30:32	4.64592e-2	1.33376e-1	-4.23222e1	5.15600e1	1.10517e2	1.5437602e-5	1.3685226e-3	1.2024399e1	1.0336905	
2022-02-16	15:30:33	4.64592e-2	1.33376e-1	-4.23222e1	5.15600e1	1.10517e2	1.5437602e-5	1.3685226e-3	1.2024399e1	1.0336905	
2022-02-16	15:30:33	6.68068e-2	1.32509e-1	-4.23833e1	5.15634e1	1.10516e2	2.2172927e-5	1.3597011e-3	1.2020202e1	1.0338208	
2022-02-16	15:30:34	3.88323e-1	1.32069e-1	-4.24146e1	5.15567e1	1.10513e2	1.2886524e-4	1.3552308e-3	1.2035310e1	1.0337767	
2022-02-16	15:30:34	3.27787e-1	1.34274e-1	-4.22597e1	5.15600e1	1.10513e2	1.0877847e-4	1.3775825e-3	1.2028595e1	1.0336143	
2022-02-16	15:30:35	3.25843e-1	1.34837e-1	-4.22204e1	5.15600e1	1.10514e2	1.0812282e-4	1.3833045e-3	1.2026916e1	1.0334758	
2022-02-16	15:30:35	3.25843e-1	1.34837e-1	-4.22204e1	5.15600e1	1.10514e2	1.0812282e-4	1.3833045e-3	1.2026916e1	1.0334758	
2022-02-16	15:30:36	4.87377e-1	1.33406e-1	-4.23205e1	5.15600e1	1.10512e2	1.6170740e-4	1.3687610e-3	1.2029434e1	1.0336878	
2022-02-16	15:30:36	4.87377e-1	1.33406e-1	-4.23205e1	5.15600e1	1.10512e2	1.6170740e-4	1.3687610e-3	1.2029434e1	1.0336878	
2022-02-16	15:30:37	5.68815e-1	1.34674e-1	-4.22320e1	5.15667e1	1.10511e2	1.8870830e-4	1.3815760e-3	1.2022720e1	1.0335028	
2022-02-16	15:30:37	3.16448e-1	1.33334e-1	-4.23258e1	5.15634e1	1.10509e2	1.0502338e-4	1.3679862e-3	1.2032792e1	1.0334813	
2022-02-16	15:30:38	3.54363e-1	1.36453e-1	-4.21087e1	5.15600e1	1.10515e2	1.1759996e-4	1.3996958e-3	1.2036149e1	1.0333952	
2022-02-16	15:30:38	3.34272e-1	1.34589e-1	-4.22379e1	5.15634e1	1.10512e2	1.1092424e-4	1.3807415e-3	1.2029434e1	1.0334116	
2022-02-16	15:30:39	4.07976e-1	1.31840e-1	-4.24310e1	5.15667e1	1.10511e2	1.3536214e-4	1.3528466e-3	1.2026077e1	1.0337091	
2022-02-16	15:30:39	4.07976e-1	1.31840e-1	-4.24310e1	5.15667e1	1.10511e2	1.3536214e-4	1.3528466e-3	1.2026077e1	1.0337091	
2022-02-16	15:30:40	1.10480e-1	1.34911e-1	-4.22160e1	5.15567e1	1.10506e2	3.6656856e-5	1.3839602e-3	1.2027755e1	1.0333544	
2022-02-16	15:30:40	3.00370e-1	1.34305e-1	-4.22580e1	5.15600e1	1.10508e2	9.9658966e-5	1.3778209e-3	1.2026077e1	1.0333651	
2022-02-16	15:30:41	3.81006e-1	1.31802e-1	-4.24340e1	5.15634e1	1.10508e2	1.2642145e-4	1.3524293e-3	1.2028595e1	1.0333830	
2022-02-16	15:30:41	4.27414e-1	1.29753e-1	-4.25805e1	5.15600e1	1.10505e2	1.4179944e-4	1.3316273e-3	1.2035310e1	1.0333969	
2022-02-16	15:30:42	3.84567e-1	1.30696e-1	-4.25127e1	5.15600e1	1.10508e2	1.2761354e-4	1.3412237e-3	1.2022720e1	1.0333284	
2022-02-16	15:30:42	3.84567e-1	1.30696e-1	-4.25127e1	5.15600e1	1.10508e2	1.2761354e-4	1.3412237e-3	1.2022720e1	1.0333284	
2022-02-16	15:30:43	2.72762e-1	1.33417e-1	-4.23200e1	5.15634e1	1.10509e2	9.0539455e-5	1.3688206e-3	1.2024399e1	1.0331494	
2022-02-16	15:30:43	2.50208e-1	1.34285e-1	-4.22596e1	5.15634e1	1.10505e2	8.3029270e-5	1.3775825e-3	1.2026916e1	1.0333093	
2022-02-16	15:30:44	2.70491e-1	1.34214e-1	-4.22642e1	5.15600e1	1.10510e2	8.9764595e-5	1.3769268e-3	1.2028595e1	1.0330723	
2022-02-16	15:30:44	2.18186e-1	1.32986e-1	-4.23503e1	5.15567e1	1.10509e2	7.2419643e-5	1.3644695e-3	1.2034471e1	1.0332003	
2022-02-16	15:30:45	5.20633e-1	1.31223e-1	-4.24750e1	5.15600e1	1.10509e2	1.7273426e-4	1.3465881e-3	1.2022720e1	1.0331126	
2022-02-16	15:30:45	5.20633e-1	1.31223e-1	-4.24750e1	5.15600e1	1.10509e2	1.7273426e-4	1.3465881e-3	1.2022720e1	1.0331126	
2022-02-16	15:30:46	3.76854e-1	1.29508e-1	-4.25983e1	5.15600e1	1.10504e2	1.2505054e-4	1.3291239e-3	1.2037827e1	1.0332689	
2022-02-16	15:30:46	3.59810e-1	1.30141e-1	-4.25526e1	5.15634e1	1.10506e2	1.1938810e-4	1.3355612e-3	1.2026077e1	1.0333899	
2022-02-16	15:30:47	4.69815e-1	1.36480e-1	-4.21078e1	5.15634e1	1.10505e2	1.5586614e-4	1.3998150e-3	1.2033631e1	1.0333127	
2022-02-16	15:30:47	2.45153e-1	1.35785e-1	-4.21556e1	5.15634e1	1.10505e2	8.1360340e-5	1.3927817e-3	1.2025238e1	1.0331408	
2022-02-16	15:30:48	1.00372e-1	1.29360e-1	-4.26089e1	5.15600e1	1.10505e2	3.3318996e-5	1.3276338e-3	1.2027755e1	1.0330733	
2022-02-16	15:30:48	1.00372e-1	1.29360e-1	-4.26089e1	5.15600e1	1.10505e2	3.3318996e-5	1.3276338e-3	1.2027755e1	1.0330733	
2022-02-16	15:30:49	1.45281e-1	1.33646e-1	-4.23044e1	5.15600e1	1.10503e2	4.8220157e-5	1.3710856e-3	1.2028595e1	1.0329604	
2022-02-16	15:30:49	3.77049e-1	1.32937e-1	-4.23544e1	5.15600e1	1.10501e2	1.2511014e-4	1.3638734e-3	1.2022720e1	1.0328820	
2022-02-16	15:30:50	2.10867e-1	1.32695e-1	-4.23716e1	5.15634e1	1.10499e2	6.9975852e-5	1.3613700e-3	1.2024399e1	1.0329803	
2022-02-16	15:30:50	2.91364e-1	1.34264e-1	-4.22616e1	5.15634e1	1.10499e2	9.6678733e-5	1.3772845e-3	1.2026916e1	1.0329685	
2022-02-16	15:30:51	3.13463e-1	1.36445e-1	-4.21103e1	5.15600e1	1.10503e2	1.0401010e-4	1.3994574e-3	1.2025238e1	1.0327622	
2022-02-16	15:30:51	2.26355e-1	1.34794e-1	-4.22245e1	5.15600e1	1.10502e2	7.5101852e-5	1.3827085e-3	1.2024399e1	1.0329378	
2022-02-16	15:30:52	3.57866e-1	1.31753e-1	-4.24381e1	5.15634e1	1.10500e2	1.1873245e-4	1.3518333e-3	1.2026916e1	1.0328036	
2022-02-16	15:30:52	4.77399e-1	1.31476e-1	-4.24577e1	5.15634e1	1.10501e2	1.5836954e-4	1.3490319e-3	1.2025238e1	1.0327633	
2022-02-16	15:30:53	4.47903e-1	1.33118e-1	-4.23415e1	5.15634e1	1.10503e2	1.4859437e-4	1.3657212e-3	1.2026916e1	1.0329118	
2022-02-16	15:30:53	3.23704e-1	1.33871e-1	-4.22888e1	5.15600e1	1.10502e2	1.0740756e-4	1.3733506e-3	1.2026077e1	1.0329651	
2022-02-16	15:30:54	3.19750e-1	1.32560e-1	-4.23809e1	5.15600e1	1.10502e2	1.0609626e-4	1.3600587e-3	1.2022720e1	1.0328702	
2022-02-16	15:30:54	4.25080e-1	1.29701e-1	-4.25847e1	5.15600e1	1.10500e2	1.4102458e-4	1.3310313e-3	1.2024399e1	1.0328712	
2022-02-16	15:30:55	4.91207e-1	1.33316e-1	-4.23278e1	5.15634e1	1.10500e2	1.6295909e-4	1.3676881e-3	1.2026916e1	1.0326993	
2022-02-16	15:30:55	1.79954e-1	1.34206e-1	-4.22657e1	5.15634e1	1.10499e2	5.9723854e-5	1.3766884e-3	1.2025238e1	1.0327917	
2022-02-16	15:30:56	1.94471e-1	1.30793e-1	-4.25067e1	5.15634e1	1.10496e2	6.4551830e-5	1.3420581e-3	1.2026916e1	1.0327737	
2022-02-16	15:30:56	4.65022e-1	1.33008e-1	-4.23496e1	5.15667e1	1.10498e2	1.5425682e-4	1.3645291e-3	1.2024399e1	1.0327371	
2022-02-16	15:30:57	4.34554e-1	1.31979e-1	-4.24222e1	5.15667e1	1.10499e2	1.4418363e-4	1.3540983e-3	1.2028595e1	1.0326398	
2022-02-16	15:30:57	3.23901e-1	1.31481e-1	-4.24573e1	5.15634e1	1.10501e2	1.0746717e-4	1.3490915e-3	1.2026077e1	1.0325140	
2022-02-16	15:30:58	1.43142e-1	1.32995e-1	-4.23506e1	5.15600e1	1.10497e2	4.7504901e-5	1.3644099e-3	1.2034471e1	1.0323987	
2022-02-16	15:30:58	3.50671e-1	1.34004e-1	-4.22801e1	5.15634e1	1.10495e2	1.1634826e-4	1.3746023e-3	1.2026077e1	1.0326265	
2022-02-16	15:30:59	3.49767e-1	1.30839e-1	-4.25037e1	5.15667e1	1.10494e2	1.1605024e-4	1.3424754e-3	1.2027755e1	1.0324329	
2022-02-16	15:30:59	2.49106e-1	1.33036e-1	-4.23476e1	5.15634e1	1.10498e2	8.2671642e-5	1.3648271e-3	1.2031114e1	1.0325554	
2022-02-16	15:31:00	2.49106e-1	1.33036e-1	-4.23476e1	5.15634e1	1.10498e2	8.2671642e-5	1.3648271e-3	1.2031114e1	1.0325554	
2022-02-16	15:31:00	3.67582e-1	1.34559e-1	-4.22417e1	5.15567e1	1.10491e2	1.2195110e-4	1.3802051e-3	1.2018524e1	1.0324279	
2022-02-16	15:31:01	2.21883e-1	1.31221e-1	-4.24766e1	5.15600e1	1.10491e2	7.3611736e-5	1.3463497e-3	1.2032792e1	1.0324742	
2022-02-16	15:31:01	1.10481e-1	1.29968e-1	-4.25666e1	5.15600e1	1.10488e2	3.6656856e-5	1.3335943e-3	1.2024399e1	1.0323375	
2022-02-16	15:31:02	1.08948	1.32279e-1	-4.24019e1	5.15634e1	1.10488e2	3.6108493e-4	1.3570189e-3	1.2022720e1	1.0323196	
2022-02-16	15:31:02	2.50464e-1	1.31087e-1	-4.24863e1	5.15600e1	1.10490e2	8.3088874e-5	1.3449788e-3	1.2029434e1	1.0322617	
2022-02-16	15:31:03	2.50464e-1	1.31087e-1	-4.24863e1	5.15600e1	1.10490e2	8.3088874e-5	1.3449788e-3	1.2029434e1	1.0322617	
2022-02-16	15:31:03	-2.77160e-1	1.46146e-1	-4.14656e1	5.15634e1	1.10486e2	-9.2029571e-5	1.4974474e-3	1.2028595e1	1.0321842	
2022-02-16	15:31:04	-5.38446e-2	1.59971e-1	-4.06088e1	5.15634e1	1.10488e2	-1.7881393e-5	1.6371607e-3	1.2032792e1	1.0320715	
2022-02-16	15:31:04	1.51632e-1	1.31824e-1	-4.24345e1	5.15600e1	1.10483e2	5.0306320e-5	1.3523697e-3	1.2027755e1	1.0319987	
2022-02-16	15:31:05	2.48782e-1	1.34618e-1	-4.22379e1	5.15634e1	1.10489e2	8.2552433e-5	1.3807415e-3	1.2031114e1	1.0321630	
2022-02-16	15:31:05	3.43537e-1	1.31639e-1	-4.24474e1	5.15600e1	1.10486e2	1.1396408e-4	1.3505220e-3	1.2041184e1	1.0320049	
2022-02-16	15:31:06	3.43537e-1	1.31639e-1	-4.24474e1	5.15600e1	1.10486e2	1.1396408e-4	1.3505220e-3	1.2041184e1	1.0320049	
2022-02-16	15:31:06	3.77113e-1	1.28669e-1	-4.26606e1	5.15600e1	1.10484e2	1.2511014e-4	1.3203620e-3	1.2036988e1	1.0319406	
2022-02-16	15:31:07	4.24951e-1	1.30967e-1	-4.24951e1	5.15600e1	1.10488e2	1.4096498e-4	1.3437271e-3	1.2028595e1	1.0321012	
2022-02-16	15:31:07	3.40825e-2	1.30453e-1	-4.25321e1	5.15567e1	1.10484e2	1.1324882e-5	1.3384819e-3	1.2029434e1	1.0318931	
2022-02-16	15:31:08	1.63815e-1	1.29565e-1	-4.25957e1	5.15601e1	1.10485e2	5.4359436e-5	1.3294816e-3	1.2026077e1	1.0320844	
2022-02-16	15:31:08	4.63591e-1	1.32587e-1	-4.23808e1	5.15634e1	1.10481e2	1.5377998e-4	1.3600587e-3	1.2028595e1	1.0317147	
2022-02-16	15:31:09	4.63591e-1	1.32587e-1	-4.23808e1	5.15634e1	1.10481e2	1.5377998e-4	1.3600587e-3	1.2028595e1	1.0317147	
2022-02-16	15:31:09	5.47737e-1	1.30341e-1	-4.25403e1	5.15634e1	1.10481e2	1.8167495e-4	1.3372898e-3	1.2025238e1	1.0316470	
2022-02-16	15:31:10	7.73044e-2	1.32409e-1	-4.23932e1	5.15634e1	1.10482e2	2.5629997e-5	1.3582706e-3	1.2026077e1	1.0317575	
2022-02-16	15:31:10	-6.09086e-3	1.32443e-1	-4.23910e1	5.15667e1	1.10479e2	-2.0265579e-6	1.3585686e-3	1.2029434e1	1.0316838	
