"2022-03-02 at 11:6"
System_Date_(Y-M-D)	System_Time_(h:m:s)	CO₂_(µmol_mol⁻¹)	H₂O_(mmol_mol⁻¹)	H₂O_(°C)	Cell_Temperature_(°C)	Cell_Pressure_(kPa)	CO₂_Absorption	H₂O_Absorption	Input_Voltage_(V)	Flow_Rate_(L_min⁻¹)	
2022-03-02	11:6:12	7.10869e-1	1.42907e-1	-4.14797e1	5.15634e1	1.12822e2	2.4116039e-4	1.4955997e-3	1.2078111e1	1.0835310	
2022-03-02	11:6:12	8.34335e-1	1.42803e-1	-4.14865e1	5.15634e1	1.12822e2	2.8300285e-4	1.4945268e-3	1.2073915e1	1.0835322	
2022-03-02	11:6:13	7.74229e-1	1.42675e-1	-4.14952e1	5.15667e1	1.12820e2	2.6261806e-4	1.4931559e-3	1.2079789e1	1.0835430	
2022-03-02	11:6:13	8.44331e-1	1.43549e-1	-4.14378e1	5.15667e1	1.12818e2	2.8634071e-4	1.5021562e-3	1.2078111e1	1.0835537	
2022-03-02	11:6:14	9.45243e-1	1.42343e-1	-4.15173e1	5.15667e1	1.12818e2	3.2055377e-4	1.4896988e-3	1.2082307e1	1.0835514	
2022-03-02	11:6:14	9.17420e-1	1.42971e-1	-4.14758e1	5.15667e1	1.12818e2	3.1113624e-4	1.4961957e-3	1.2092378e1	1.0835514	
2022-03-02	11:6:15	9.18642e-1	1.40505e-1	-4.16397e1	5.15634e1	1.12820e2	3.1155347e-4	1.4707446e-3	1.2079789e1	1.0835430	
2022-03-02	11:6:15	8.80952e-1	1.38191e-1	-4.17959e1	5.15600e1	1.12821e2	2.9879808e-4	1.4468431e-3	1.2082307e1	1.0835346	
2022-03-02	11:6:16	9.49311e-1	1.43941e-1	-4.14118e1	5.15600e1	1.12819e2	3.2192468e-4	1.5062689e-3	1.2076432e1	1.0835442	
2022-03-02	11:6:16	1.06723	1.40798e-1	-4.16203e1	5.15634e1	1.12816e2	3.6185979e-4	1.4737248e-3	1.2074754e1	1.0835598	
2022-03-02	11:6:17	9.33224e-1	1.39028e-1	-4.17392e1	5.15600e1	1.12820e2	3.1650066e-4	1.4554858e-3	1.2080628e1	1.0835430	
2022-03-02	11:6:17	7.55344e-1	1.43664e-1	-4.14300e1	5.15600e1	1.12819e2	2.5624036e-4	1.5034079e-3	1.2080628e1	1.0835442	
2022-03-02	11:6:18	7.75251e-1	1.43953e-1	-4.14111e1	5.15600e1	1.12819e2	2.6297569e-4	1.5063881e-3	1.2078950e1	1.0835454	
2022-03-02	11:6:18	7.75324e-1	1.44569e-1	-4.13709e1	5.15634e1	1.12817e2	2.6297569e-4	1.5127062e-3	1.2080628e1	1.0835573	
2022-03-02	11:6:19	7.17419e-1	1.45070e-1	-4.13382e1	5.15634e1	1.12818e2	2.4336576e-4	1.5178918e-3	1.2083985e1	1.0835514	
2022-03-02	11:6:19	6.45511e-1	1.43630e-1	-4.14322e1	5.15634e1	1.12820e2	2.1898746e-4	1.5030503e-3	1.2078950e1	1.0835406	
2022-03-02	11:6:20	6.95437e-1	1.44100e-1	-4.14015e1	5.15634e1	1.12819e2	2.3591518e-4	1.5078783e-3	1.2075593e1	1.0835490	
2022-03-02	11:6:20	9.37971e-1	1.44113e-1	-4.14004e1	5.15634e1	1.12822e2	3.1810998e-4	1.5080571e-3	1.2079789e1	1.0835322	
2022-03-02	11:6:21	9.63198e-1	1.39380e-1	-4.17153e1	5.15634e1	1.12821e2	3.2663345e-4	1.4591217e-3	1.2078111e1	1.0835357	
2022-03-02	11:6:21	1.00036	1.41032e-1	-4.16042e1	5.15634e1	1.12823e2	3.3921003e-4	1.4762282e-3	1.2076432e1	1.0835286	
2022-03-02	11:6:22	1.02916	1.44289e-1	-4.13890e1	5.15634e1	1.12819e2	3.4898519e-4	1.5098452e-3	1.2078950e1	1.0835442	
2022-03-02	11:6:22	8.88216e-1	1.40177e-1	-4.16618e1	5.15600e1	1.12819e2	3.0124187e-4	1.4673471e-3	1.2078950e1	1.0835490	
2022-03-02	11:6:23	8.80824e-1	1.42031e-1	-4.15378e1	5.15600e1	1.12820e2	2.9873847e-4	1.4865398e-3	1.2078950e1	1.0835394	
2022-03-02	11:6:23	8.86987e-1	1.47315e-1	-4.11927e1	5.15600e1	1.12821e2	3.0082464e-4	1.5411376e-3	1.2081468e1	1.0835381	
2022-03-02	11:6:24	1.07217	1.41724e-1	-4.15583e1	5.15667e1	1.12819e2	3.6352872e-4	1.4833211e-3	1.2090699e1	1.0835442	
2022-03-02	11:6:24	9.35570e-1	1.43040e-1	-4.14713e1	5.15634e1	1.12818e2	3.1727552e-4	1.4969110e-3	1.2083146e1	1.0835537	
2022-03-02	11:6:25	8.34012e-1	1.45660e-1	-4.12996e1	5.15634e1	1.12821e2	2.8288364e-4	1.5240311e-3	1.2089021e1	1.0835369	
2022-03-02	11:6:25	1.00647	1.42457e-1	-4.15093e1	5.15667e1	1.12823e2	3.4129619e-4	1.4909505e-3	1.2076432e1	1.0835274	
2022-03-02	11:6:26	1.11070	1.45239e-1	-4.13268e1	5.15667e1	1.12822e2	3.7658214e-4	1.5196800e-3	1.2078950e1	1.0835310	
2022-03-02	11:6:26	1.02151	1.42775e-1	-4.14887e1	5.15667e1	1.12818e2	3.4636259e-4	1.4941692e-3	1.2083146e1	1.0835502	
2022-03-02	11:6:27	7.35516e-1	1.41293e-1	-4.15871e1	5.15667e1	1.12819e2	2.4950504e-4	1.4788508e-3	1.2076432e1	1.0835490	
2022-03-02	11:6:27	8.74089e-1	1.42988e-1	-4.14743e1	5.15634e1	1.12822e2	2.9647350e-4	1.4964342e-3	1.2088181e1	1.0835322	
2022-03-02	11:6:28	9.22525e-1	1.42587e-1	-4.15007e1	5.15600e1	1.12823e2	3.1286478e-4	1.4923214e-3	1.2086503e1	1.0835262	
2022-03-02	11:6:28	7.64293e-1	1.44323e-1	-4.13865e1	5.15600e1	1.12823e2	2.5928020e-4	1.5102624e-3	1.2094056e1	1.0835250	
2022-03-02	11:6:29	8.15586e-1	1.45082e-1	-4.13372e1	5.15600e1	1.12820e2	2.7662515e-4	1.5180706e-3	1.2080628e1	1.0835394	
2022-03-02	11:6:29	8.75572e-1	1.44644e-1	-4.13658e1	5.15600e1	1.12820e2	2.9695034e-4	1.5135407e-3	1.2076432e1	1.0835394	
2022-03-02	11:6:30	7.54176e-1	1.41517e-1	-4.15719e1	5.15600e1	1.12821e2	2.5582313e-4	1.4812350e-3	1.2078950e1	1.0835381	
2022-03-02	11:6:30	7.32908e-1	1.41773e-1	-4.15551e1	5.15600e1	1.12819e2	2.4861097e-4	1.4838576e-3	1.2082307e1	1.0835454	
2022-03-02	11:6:31	1.05582	1.44354e-1	-4.13845e1	5.15634e1	1.12822e2	3.5798549e-4	1.5105605e-3	1.2089021e1	1.0835298	
2022-03-02	11:6:31	1.03850	1.43220e-1	-4.14591e1	5.15634e1	1.12821e2	3.5214424e-4	1.4988183e-3	1.2081468e1	1.0835357	
2022-03-02	11:6:32	8.03209e-1	1.47234e-1	-4.11978e1	5.15634e1	1.12822e2	2.7245283e-4	1.5403032e-3	1.2079789e1	1.0835310	
2022-03-02	11:6:32	9.54574e-1	1.43904e-1	-4.14140e1	5.15634e1	1.12823e2	3.2371282e-4	1.5059113e-3	1.2085664e1	1.0835274	
2022-03-02	11:6:33	8.19224e-1	1.38886e-1	-4.17488e1	5.15634e1	1.12819e2	2.7787685e-4	1.4539957e-3	1.2078111e1	1.0835442	
2022-03-02	11:6:33	8.49834e-1	1.40936e-1	-4.16103e1	5.15634e1	1.12826e2	2.8824806e-4	1.4752745e-3	1.2083146e1	1.0835130	
2022-03-02	11:6:34	9.46076e-1	1.39641e-1	-4.16974e1	5.15634e1	1.12824e2	3.2085180e-4	1.4618635e-3	1.2078111e1	1.0835225	
2022-03-02	11:6:34	9.10211e-1	1.41005e-1	-4.16061e1	5.15634e1	1.12821e2	3.0869245e-4	1.4759302e-3	1.2079789e1	1.0835369	
2022-03-02	11:6:35	8.60655e-1	1.41880e-1	-4.15478e1	5.15600e1	1.12821e2	2.9188394e-4	1.4849901e-3	1.2087342e1	1.0835357	
2022-03-02	11:6:35	7.63521e-1	1.40139e-1	-4.16640e1	5.15634e1	1.12822e2	2.5898218e-4	1.4669895e-3	1.2077271e1	1.0835310	
2022-03-02	11:6:36	7.82456e-1	1.39681e-1	-4.16951e1	5.15634e1	1.12820e2	2.6541948e-4	1.4622211e-3	1.2088181e1	1.0835418	
2022-03-02	11:6:36	7.01791e-1	1.42068e-1	-4.15354e1	5.15634e1	1.12819e2	2.3806095e-4	1.4868974e-3	1.2080628e1	1.0835442	
2022-03-02	11:6:37	8.46860e-1	1.43446e-1	-4.14442e1	5.15667e1	1.12821e2	2.8723478e-4	1.5011429e-3	1.2080628e1	1.0835346	
2022-03-02	11:6:37	1.07970	1.41198e-1	-4.15929e1	5.15667e1	1.12825e2	3.6609172e-4	1.4779567e-3	1.2080628e1	1.0835165	
2022-03-02	11:6:38	1.32088	1.43324e-1	-4.14519e1	5.15634e1	1.12825e2	4.4775009e-4	1.4999508e-3	1.2077271e1	1.0835177	
2022-03-02	11:6:38	1.32088	1.43324e-1	-4.14519e1	5.15634e1	1.12825e2	4.4775009e-4	1.4999508e-3	1.2077271e1	1.0835177	
2022-03-02	11:6:39	6.45251e-1	1.41026e-1	-4.16042e1	5.15634e1	1.12828e2	2.1892786e-4	1.4762282e-3	1.2089860e1	1.0835058	
2022-03-02	11:6:39	2.21177e-1	1.56619e-1	-4.06160e1	5.15667e1	1.12767e2	7.5042247e-5	1.6363263e-3	1.2082307e1	1.0837975	
2022-03-02	11:6:40	7.01780e-2	1.60264e-1	-4.03822e1	5.15667e1	1.12940e2	2.3841857e-5	1.6764402e-3	1.2075593e1	1.0829684	
2022-03-02	11:6:40	1.09759	1.35007e-1	-4.20007e1	5.15634e1	1.12992e2	3.7276744e-4	1.4160275e-3	1.2076432e1	1.0827498	
2022-03-02	11:6:41	1.15908	1.35801e-1	-4.19441e1	5.15634e1	1.13011e2	3.9368867e-4	1.4244914e-3	1.2078111e1	1.0826458	
2022-03-02	11:6:41	7.05098e-1	1.41174e-1	-4.15782e1	5.15634e1	1.13021e2	2.3967027e-4	1.4802813e-3	1.2082307e1	1.0825791	
2022-03-02	11:6:42	7.05098e-1	1.41174e-1	-4.15782e1	5.15634e1	1.13021e2	2.3967027e-4	1.4802813e-3	1.2082307e1	1.0825791	
2022-03-02	11:6:42	4.72016e-1	1.46777e-1	-4.12096e1	5.15600e1	1.13032e2	1.6051530e-4	1.5384554e-3	1.2082307e1	1.0825252	
2022-03-02	11:6:43	6.47139e-1	1.45511e-1	-4.12918e1	5.15667e1	1.13029e2	2.2000074e-4	1.5252828e-3	1.2078111e1	1.0825371	
2022-03-02	11:6:43	7.70331e-1	1.43807e-1	-4.14032e1	5.15634e1	1.13028e2	2.6184320e-4	1.5076398e-3	1.2090699e1	1.0825455	
2022-03-02	11:6:44	9.31410e-1	1.41892e-1	-4.15296e1	5.15600e1	1.13029e2	3.1650066e-4	1.4878511e-3	1.2078950e1	1.0825371	
2022-03-02	11:6:44	9.22793e-1	1.40856e-1	-4.15982e1	5.15634e1	1.13035e2	3.1358003e-4	1.4771819e-3	1.2078950e1	1.0825108	
2022-03-02	11:6:45	9.22793e-1	1.40856e-1	-4.15982e1	5.15634e1	1.13035e2	3.1358003e-4	1.4771819e-3	1.2078950e1	1.0825108	
2022-03-02	11:6:45	9.01337e-1	1.45183e-1	-4.13131e1	5.15667e1	1.13029e2	3.0630826e-4	1.5218853e-3	1.2073915e1	1.0825383	
2022-03-02	11:6:46	8.08266e-1	1.43527e-1	-4.14218e1	5.15634e1	1.13026e2	2.7471780e-4	1.5047192e-3	1.2092378e1	1.0825527	
2022-03-02	11:6:46	9.76041e-1	1.41548e-1	-4.15529e1	5.15634e1	1.13025e2	3.3164024e-4	1.4842152e-3	1.2089860e1	1.0825587	
2022-03-02	11:6:47	1.06224	1.44499e-1	-4.13580e1	5.15634e1	1.13027e2	3.6090612e-4	1.5147924e-3	1.2081468e1	1.0825480	
2022-03-02	11:6:47	1.12119	1.43499e-1	-4.14238e1	5.15600e1	1.13024e2	3.8087368e-4	1.5044212e-3	1.2078111e1	1.0825623	
2022-03-02	11:6:48	1.09533	1.40849e-1	-4.15996e1	5.15667e1	1.13024e2	3.7211179e-4	1.4769434e-3	1.2079789e1	1.0825635	
2022-03-02	11:6:48	9.54897e-1	1.42041e-1	-4.15207e1	5.15634e1	1.13017e2	3.2442808e-4	1.4892220e-3	1.2078950e1	1.0825958	
2022-03-02	11:6:49	9.03920e-1	1.40170e-1	-4.16456e1	5.15634e1	1.13018e2	3.0714273e-4	1.4698505e-3	1.2080628e1	1.0825910	
2022-03-02	11:6:49	8.91792e-1	1.38870e-1	-4.17334e1	5.15634e1	1.13017e2	3.0303001e-4	1.4563798e-3	1.2080628e1	1.0825958	
2022-03-02	11:6:50	8.12221e-1	1.41006e-1	-4.15897e1	5.15634e1	1.13017e2	2.7602910e-4	1.4784932e-3	1.2082307e1	1.0825970	
2022-03-02	11:6:50	6.89018e-1	1.43942e-1	-4.13953e1	5.15634e1	1.13016e2	2.3418664e-4	1.5088915e-3	1.2091538e1	1.0825994	
2022-03-02	11:6:51	7.02182e-1	1.46721e-1	-4.12147e1	5.15634e1	1.13015e2	2.3865699e-4	1.5376210e-3	1.2090699e1	1.0826066	
2022-03-02	11:6:51	7.56909e-1	1.46853e-1	-4.12062e1	5.15634e1	1.13015e2	2.5725364e-4	1.5389919e-3	1.2085664e1	1.0826078	
2022-03-02	11:6:52	8.40950e-1	1.43709e-1	-4.14111e1	5.15634e1	1.13010e2	2.8574466e-4	1.5063881e-3	1.2077271e1	1.0826293	
2022-03-02	11:6:52	9.23302e-1	1.40586e-1	-4.16183e1	5.15600e1	1.13011e2	3.1369924e-4	1.4740824e-3	1.2079789e1	1.0826245	
2022-03-02	11:6:53	-2.17112	1.60468e-1	-4.03639e1	5.15600e1	1.13013e2	-7.4076652e-4	1.6796588e-3	1.2079789e1	1.0826185	
2022-03-02	11:6:53	-3.71727e1	-4.86089e-2	-2.73149e2	5.15667e1	1.14219e2	-1.3479709e-2	-5.2392482e-4	1.2078950e1	1.0768867	
2022-03-02	11:6:54	2.07324e2	9.10487e-1	-2.22765e1	5.15667e1	1.13342e2	5.6126713e-2	9.0036983e-3	1.2079789e1	1.0810438	
2022-03-02	11:6:54	2.99825e2	1.28959	-1.82747e1	5.15667e1	1.13165e2	7.4766159e-2	1.2397468e-2	1.2078111e1	1.0818901	
2022-03-02	11:6:55	2.19715	2.13954e-1	-3.75752e1	5.15634e1	1.13078e2	7.4571371e-4	2.2304654e-3	1.2088181e1	1.0823026	
2022-03-02	11:6:55	-2.25152e1	7.44599e-2	-4.74312e1	5.15600e1	1.13028e2	-7.9025030e-3	7.8541040e-4	1.2093217e1	1.0825467	
2022-03-02	11:6:56	-9.69246	1.08319e-1	-4.40454e1	5.15567e1	1.13011e2	-3.3410787e-3	1.1389851e-3	1.2081468e1	1.0826270	
2022-03-02	11:6:56	-9.69246	1.08319e-1	-4.40454e1	5.15567e1	1.13011e2	-3.3410787e-3	1.1389851e-3	1.2081468e1	1.0826270	
2022-03-02	11:6:57	-2.47406	1.32537e-1	-4.21734e1	5.15567e1	1.12998e2	-8.4435939e-4	1.3905167e-3	1.2092378e1	1.0826880	
2022-03-02	11:6:57	6.78432e-2	1.43061e-1	-4.14548e1	5.15600e1	1.12997e2	2.3066997e-5	1.4995336e-3	1.2094056e1	1.0826904	
2022-03-02	11:6:58	6.76050e-1	1.44412e-1	-4.13666e1	5.15634e1	1.12992e2	2.2971630e-4	1.5134215e-3	1.2078950e1	1.0827192	
2022-03-02	11:6:58	9.58086e-1	1.44293e-1	-4.13744e1	5.15667e1	1.12992e2	3.2544136e-4	1.5121698e-3	1.2078111e1	1.0827192	
2022-03-02	11:6:59	1.30895	1.47468e-1	-4.11687e1	5.15634e1	1.12990e2	4.4441223e-4	1.5450119e-3	1.2079789e1	1.0827263	
2022-03-02	11:6:59	1.33899	1.46657e-1	-4.12206e1	5.15634e1	1.12993e2	4.5460462e-4	1.5366673e-3	1.2080628e1	1.0827120	
2022-03-02	11:7:00	1.20664	1.45354e-1	-4.13053e1	5.15634e1	1.12989e2	4.0972232e-4	1.5231370e-3	1.2083146e1	1.0827287	
2022-03-02	11:7:00	1.07352	1.43112e-1	-4.14521e1	5.15634e1	1.12990e2	3.6460161e-4	1.4999508e-3	1.2090699e1	1.0827239	
2022-03-02	11:7:01	1.07075	1.43567e-1	-4.14220e1	5.15667e1	1.12991e2	3.6364793e-4	1.5046596e-3	1.2090699e1	1.0827203	
2022-03-02	11:7:01	1.17784	1.44246e-1	-4.13778e1	5.15667e1	1.12988e2	3.9994716e-4	1.5116333e-3	1.2078950e1	1.0827372	
2022-03-02	11:7:02	1.20879	1.45179e-1	-4.13169e1	5.15667e1	1.12988e2	4.1043758e-4	1.5212893e-3	1.2077271e1	1.0827372	
2022-03-02	11:7:02	1.02203	1.45776e-1	-4.12779e1	5.15667e1	1.12989e2	3.4713745e-4	1.5274882e-3	1.2083985e1	1.0827299	
2022-03-02	11:7:03	7.93490e-1	1.45421e-1	-4.13011e1	5.15667e1	1.12987e2	2.6959180e-4	1.5237927e-3	1.2078111e1	1.0827383	
2022-03-02	11:7:03	8.39080e-1	1.47719e-1	-4.11531e1	5.15667e1	1.12985e2	2.8502941e-4	1.5475153e-3	1.2083985e1	1.0827527	
2022-03-02	11:7:04	9.22138e-1	1.48007e-1	-4.11348e1	5.15600e1	1.12982e2	3.1322240e-4	1.5504956e-3	1.2077271e1	1.0827647	
2022-03-02	11:7:04	1.03920	1.44481e-1	-4.13629e1	5.15600e1	1.12982e2	3.5291910e-4	1.5140175e-3	1.2079789e1	1.0827659	
2022-03-02	11:7:05	9.71047e-1	1.43652e-1	-4.14172e1	5.15634e1	1.12982e2	3.2979249e-4	1.5054345e-3	1.2084825e1	1.0827635	
2022-03-02	11:7:05	8.83864e-1	1.44116e-1	-4.13868e1	5.15567e1	1.12982e2	3.0022859e-4	1.5102624e-3	1.2079789e1	1.0827647	
2022-03-02	11:7:06	8.33614e-1	1.45046e-1	-4.13257e1	5.15600e1	1.12986e2	2.8318166e-4	1.5199184e-3	1.2083985e1	1.0827467	
2022-03-02	11:7:06	6.97643e-1	1.46984e-1	-4.12006e1	5.15634e1	1.12981e2	2.3704767e-4	1.5398859e-3	1.2087342e1	1.0827683	
2022-03-02	11:7:07	9.70086e-1	1.46307e-1	-4.12440e1	5.15667e1	1.12985e2	3.2949447e-4	1.5329122e-3	1.2082307e1	1.0827527	
2022-03-02	11:7:07	9.72735e-1	1.46281e-1	-4.12459e1	5.15634e1	1.12981e2	3.3038854e-4	1.5326142e-3	1.2094895e1	1.0827683	
2022-03-02	11:7:08	8.59627e-1	1.44625e-1	-4.13534e1	5.15634e1	1.12983e2	2.9200315e-4	1.5155076e-3	1.2091538e1	1.0827599	
2022-03-02	11:7:08	9.87531e-1	1.41429e-1	-4.15642e1	5.15667e1	1.12984e2	3.3539533e-4	1.4824271e-3	1.2076432e1	1.0827562	
2022-03-02	11:7:09	9.85131e-1	1.42163e-1	-4.15156e1	5.15667e1	1.12982e2	3.3456087e-4	1.4899969e-3	1.2078950e1	1.0827659	
2022-03-02	11:7:09	9.56066e-1	1.44218e-1	-4.13801e1	5.15634e1	1.12982e2	3.2472610e-4	1.5112757e-3	1.2076432e1	1.0827671	
2022-03-02	11:7:10	1.10466	1.43024e-1	-4.14589e1	5.15634e1	1.12978e2	3.7509202e-4	1.4988780e-3	1.2081468e1	1.0827839	
2022-03-02	11:7:10	1.48160	1.39729e-1	-4.16862e1	5.15634e1	1.12887e2	5.0240755e-4	1.4635920e-3	1.2082307e1	1.0832202	
2022-03-02	11:7:11	7.82651e-1	1.42314e-1	-4.15288e1	5.15634e1	1.12704e2	2.6518106e-4	1.4879107e-3	1.2077271e1	1.0841016	
2022-03-02	11:7:11	1.41525e-1	1.50227e-1	-4.10196e1	5.15634e1	1.12674e2	4.7981739e-5	1.5691518e-3	1.2078111e1	1.0842412	
2022-03-02	11:7:12	1.10089	1.46091e-1	-4.12831e1	5.15600e1	1.12685e2	3.7276744e-4	1.5266537e-3	1.2081468e1	1.0841907	
2022-03-02	11:7:12	8.51907e-1	1.37038e-1	-4.18843e1	5.15634e1	1.12705e2	2.8860569e-4	1.4334321e-3	1.2078950e1	1.0840933	
2022-03-02	11:7:13	3.15346e-1	1.38326e-1	-4.17949e1	5.15634e1	1.12723e2	1.0693073e-4	1.4469623e-3	1.2076432e1	1.0840091	
2022-03-02	11:7:13	7.70594e-1	1.54990e-1	-4.07182e1	5.15634e1	1.12735e2	2.6118755e-4	1.6191005e-3	1.2082307e1	1.0839477	
2022-03-02	11:7:14	7.64356e-1	1.39729e-1	-4.16978e1	5.15600e1	1.12748e2	2.5910139e-4	1.4618039e-3	1.2074754e1	1.0838966	
2022-03-02	11:7:14	8.36922e-1	1.22773e-1	-4.29075e1	5.15634e1	1.12760e2	2.8371810e-4	1.2864470e-3	1.2088181e1	1.0838731	
