"2022-03-02 at 18:17"
System_Date_(Y-M-D)	System_Time_(h:m:s)	CO₂_(µmol_mol⁻¹)	H₂O_(mmol_mol⁻¹)	H₂O_(°C)	Cell_Temperature_(°C)	Cell_Pressure_(kPa)	CO₂_Absorption	H₂O_Absorption	Input_Voltage_(V)	Flow_Rate_(L_min⁻¹)	
2022-03-02	18:17:11	8.93210e-1	1.17559e-1	-4.32490e1	5.15634e1	1.13508e2	3.0493736e-4	1.2405514e-3	1.2020202e1	1.0802606	
2022-03-02	18:17:12	7.71221e-1	1.15270e-1	-4.34312e1	5.15600e1	1.13508e2	2.6333332e-4	1.2166500e-3	1.2004257e1	1.0802606	
2022-03-02	18:17:12	1.09653	1.25488e-1	-4.26424e1	5.15600e1	1.13506e2	3.7425756e-4	1.3232827e-3	1.2002578e1	1.0802789	
2022-03-02	18:17:13	1.09537	1.14084e-1	-4.35272e1	5.15634e1	1.13504e2	3.7384033e-4	1.2041926e-3	1.2007614e1	1.0803185	
2022-03-02	18:17:13	1.17478	1.20170e-1	-4.30453e1	5.15667e1	1.13508e2	4.0090084e-4	1.2677907e-3	1.2002578e1	1.0802706	
2022-03-02	18:17:14	1.16913	1.18234e-1	-4.31961e1	5.15634e1	1.13507e2	3.9899349e-4	1.2475848e-3	1.2005096e1	1.0802654	
2022-03-02	18:17:14	1.16913	1.18234e-1	-4.31961e1	5.15634e1	1.13507e2	3.9899349e-4	1.2475848e-3	1.2005096e1	1.0802654	
2022-03-02	18:17:15	1.13436	1.19292e-1	-4.31136e1	5.15634e1	1.13506e2	3.8713216e-4	1.2586116e-3	1.2009292e1	1.0802725	
2022-03-02	18:17:15	9.58972e-1	1.16926e-1	-4.32995e1	5.15634e1	1.13503e2	3.2734870e-4	1.2338757e-3	1.2005096e1	1.0802880	
2022-03-02	18:17:16	1.00165	1.20198e-1	-4.30432e1	5.15634e1	1.13507e2	3.4189224e-4	1.2680888e-3	1.2009292e1	1.0802665	
2022-03-02	18:17:16	1.09026	1.18465e-1	-4.31781e1	5.15667e1	1.13506e2	3.7211179e-4	1.2499690e-3	1.2005096e1	1.0802713	
2022-03-02	18:17:17	1.11788	1.16292e-1	-4.33494e1	5.15634e1	1.13508e2	3.8152933e-4	1.2273192e-3	1.2007614e1	1.0802606	
2022-03-02	18:17:17	1.11788	1.16292e-1	-4.33494e1	5.15634e1	1.13508e2	3.8152933e-4	1.2273192e-3	1.2007614e1	1.0802606	
2022-03-02	18:17:18	1.20079	1.22324e-1	-4.28798e1	5.15634e1	1.13511e2	4.0978193e-4	1.2903213e-3	1.2005096e1	1.0802488	
2022-03-02	18:17:18	1.02590	1.19598e-1	-4.30896e1	5.15634e1	1.13507e2	3.5017728e-4	1.2618303e-3	1.2000900e1	1.0802654	
2022-03-02	18:17:19	1.08519	1.18786e-1	-4.31527e1	5.15634e1	1.13509e2	3.7038326e-4	1.2533664e-3	1.2021042e1	1.0802559	
2022-03-02	18:17:19	1.07365	1.18826e-1	-4.31495e1	5.15667e1	1.13510e2	3.6644935e-4	1.2537837e-3	1.2013489e1	1.0802536	
2022-03-02	18:17:20	1.03693	1.18689e-1	-4.31603e1	5.15634e1	1.13509e2	3.5393238e-4	1.2523531e-3	1.2005096e1	1.0802594	
2022-03-02	18:17:20	1.03693	1.18689e-1	-4.31603e1	5.15634e1	1.13509e2	3.5393238e-4	1.2523531e-3	1.2005096e1	1.0802594	
2022-03-02	18:17:21	1.02777	1.18676e-1	-4.31613e1	5.15600e1	1.13509e2	3.5083293e-4	1.2522339e-3	1.2007614e1	1.0802559	
2022-03-02	18:17:21	1.23769	1.21506e-1	-4.29422e1	5.15600e1	1.13511e2	4.2235851e-4	1.2817978e-3	1.2004257e1	1.0802400	
2022-03-02	18:17:22	1.13883	1.20394e-1	-4.30277e1	5.15634e1	1.13511e2	3.8868188e-4	1.2701749e-3	1.2006775e1	1.0802476	
2022-03-02	18:17:22	1.36663	1.20776e-1	-4.29981e1	5.15667e1	1.13512e2	4.6628713e-4	1.2741684e-3	1.2015167e1	1.0802328	
2022-03-02	18:17:23	1.30311	1.21145e-1	-4.29696e1	5.15667e1	1.13514e2	4.4465065e-4	1.2780427e-3	1.2005096e1	1.0802321	
2022-03-02	18:17:23	1.30311	1.21145e-1	-4.29696e1	5.15667e1	1.13514e2	4.4465065e-4	1.2780427e-3	1.2005096e1	1.0802321	
2022-03-02	18:17:24	1.19876	1.21564e-1	-4.29374e1	5.15600e1	1.13515e2	4.0912628e-4	1.2824535e-3	1.2003418e1	1.0802261	
2022-03-02	18:17:24	1.21647	1.22702e-1	-4.28509e1	5.15600e1	1.13514e2	4.1514635e-4	1.2943148e-3	1.2000900e1	1.0802321	
2022-03-02	18:17:25	1.07610	1.17835e-1	-4.32271e1	5.15600e1	1.13511e2	3.6728382e-4	1.2434720e-3	1.2016845e1	1.0802476	
2022-03-02	18:17:25	1.23187	1.16162e-1	-4.33593e1	5.15667e1	1.13514e2	4.2039155e-4	1.2260079e-3	1.2005935e1	1.0802345	
2022-03-02	18:17:26	1.39556	1.17848e-1	-4.32260e1	5.15667e1	1.13512e2	4.7612190e-4	1.2435913e-3	1.2016006e1	1.0802428	
2022-03-02	18:17:26	1.39556	1.17848e-1	-4.32260e1	5.15667e1	1.13512e2	4.7612190e-4	1.2435913e-3	1.2016006e1	1.0802428	
2022-03-02	18:17:27	1.10705	1.15262e-1	-4.34315e1	5.15634e1	1.13511e2	3.7783384e-4	1.2165904e-3	1.2006775e1	1.0802464	
2022-03-02	18:17:27	1.02615	1.16424e-1	-4.33386e1	5.15600e1	1.13513e2	3.5029649e-4	1.2287497e-3	1.2001739e1	1.0802392	
2022-03-02	18:17:28	1.04575	1.18028e-1	-4.32117e1	5.15634e1	1.13513e2	3.5697221e-4	1.2454986e-3	1.2006775e1	1.0802369	
2022-03-02	18:17:28	1.09790	1.19876e-1	-4.30675e1	5.15634e1	1.13514e2	3.7473440e-4	1.2648105e-3	1.2004257e1	1.0802321	
2022-03-02	18:17:29	1.00482	1.21694e-1	-4.29273e1	5.15634e1	1.13518e2	3.4302473e-4	1.2838244e-3	1.2018524e1	1.0802154	
2022-03-02	18:17:29	1.00482	1.21694e-1	-4.29273e1	5.15634e1	1.13518e2	3.4302473e-4	1.2838244e-3	1.2018524e1	1.0802154	
2022-03-02	18:17:30	1.39788	1.16936e-1	-4.32977e1	5.15634e1	1.13515e2	4.7695636e-4	1.2341141e-3	1.2006775e1	1.0802273	
2022-03-02	18:17:30	1.18749	1.19174e-1	-4.31220e1	5.15634e1	1.13514e2	4.0525197e-4	1.2574791e-3	1.2005096e1	1.0802333	
2022-03-02	18:17:31	1.17051	1.20299e-1	-4.30276e1	5.15701e1	1.13602e2	3.9982795e-4	1.2701749e-3	1.2009292e1	1.0798137	
2022-03-02	18:17:31	1.08825	1.20388e-1	-4.30250e1	5.15667e1	1.13550e2	3.7157535e-4	1.2705326e-3	1.2018524e1	1.0800644	
2022-03-02	18:17:32	8.43082e-1	1.23184e-1	-4.27995e1	5.15634e1	1.13696e2	2.8836727e-4	1.3014078e-3	1.2016006e1	1.0793607	
2022-03-02	18:17:32	1.42780	1.20042e-1	-4.30332e1	5.15634e1	1.13776e2	4.8834085e-4	1.2694597e-3	1.2016845e1	1.0789865	
2022-03-02	18:17:33	1.63089	1.15639e-1	-4.33770e1	5.15600e1	1.13809e2	5.5783987e-4	1.2237429e-3	1.2005935e1	1.0788300	
2022-03-02	18:17:33	1.26579	1.15261e-1	-4.34061e1	5.15634e1	1.13824e2	4.3320655e-4	1.2199282e-3	1.2022720e1	1.0787601	
2022-03-02	18:17:34	1.10276	1.19344e-1	-4.30829e1	5.15600e1	1.13832e2	3.7753582e-4	1.2627840e-3	1.2005096e1	1.0787146	
2022-03-02	18:17:34	1.02829	1.19263e-1	-4.30891e1	5.15600e1	1.13832e2	3.5208463e-4	1.2619495e-3	1.2004257e1	1.0787122	
2022-03-02	18:17:35	9.26341e-1	1.17680e-1	-4.32130e1	5.15600e1	1.13833e2	3.1721591e-4	1.2453794e-3	1.2007614e1	1.0787162	
2022-03-02	18:17:35	1.04432	1.20231e-1	-4.30139e1	5.15634e1	1.13834e2	3.5756826e-4	1.2720823e-3	1.2008453e1	1.0787127	
2022-03-02	18:17:36	1.22518	1.19227e-1	-4.30921e1	5.15634e1	1.13831e2	4.1937828e-4	1.2615323e-3	1.2001739e1	1.0787205	
2022-03-02	18:17:36	1.23509	1.18574e-1	-4.31428e1	5.15600e1	1.13833e2	4.2277574e-4	1.2547373e-3	1.2014328e1	1.0787198	
2022-03-02	18:17:37	1.23588	1.19543e-1	-4.30677e1	5.15634e1	1.13828e2	4.2301416e-4	1.2648105e-3	1.2016006e1	1.0787435	
2022-03-02	18:17:37	1.13923	1.20478e-1	-4.29953e1	5.15667e1	1.13828e2	3.8999319e-4	1.2745857e-3	1.2005935e1	1.0787423	
2022-03-02	18:17:38	1.04192	1.19954e-1	-4.30359e1	5.15634e1	1.13827e2	3.5673379e-4	1.2691020e-3	1.2020202e1	1.0787471	
2022-03-02	18:17:38	1.12970	1.20210e-1	-4.30164e1	5.15667e1	1.13823e2	3.8671493e-4	1.2717247e-3	1.2000900e1	1.0787672	
2022-03-02	18:17:39	1.27359	1.18825e-1	-4.31239e1	5.15667e1	1.13824e2	4.3588876e-4	1.2572407e-3	1.2010971e1	1.0787613	
2022-03-02	18:17:39	1.42131	1.18534e-1	-4.31467e1	5.15634e1	1.13823e2	4.8637390e-4	1.2542009e-3	1.2009292e1	1.0787637	
2022-03-02	18:17:40	8.24795e-1	1.22759e-1	-4.28212e1	5.15634e1	1.13824e2	2.8246641e-4	1.2984275e-3	1.2013489e1	1.0787501	
2022-03-02	18:17:40	-1.35500e2	1.22004e-1	-4.28671e1	5.15667e1	1.13965e2	-5.7657837e-2	1.2921094e-3	1.2010971e1	1.0780949	
2022-03-02	18:17:41	3.99767e2	1.33148e-1	-4.20293e1	5.15667e1	1.14221e2	9.3173742e-2	1.4119148e-3	1.2008453e1	1.0768861	
2022-03-02	18:17:41	1.35776e4	1.43770e-1	-4.13064e1	5.15667e1	1.14221e2	4.7667226e-1	1.5231370e-3	1.2005096e1	1.0768837	
2022-03-02	18:17:42	-507899	1.29356e-1	-4.23047e1	5.15634e1	1.14165e2	6.0470256e-1	1.3715028e-3	1.2005935e1	1.0771490	
2022-03-02	18:17:42	9.95067e3	1.12773e-1	-4.35957e1	5.15634e1	1.13975e2	4.4480218e-1	1.1954307e-3	1.2008453e1	1.0780464	
2022-03-02	18:17:43	6.44274e3	1.16458e-1	-4.33053e1	5.15634e1	1.13888e2	3.9364047e-1	1.2331604e-3	1.2012649e1	1.0784581	
2022-03-02	18:17:43	1.99284e3	1.19090e-1	-4.31009e1	5.15667e1	1.13854e2	2.4332726e-1	1.2603402e-3	1.2013489e1	1.0786215	
2022-03-02	18:17:44	1.99284e3	1.19090e-1	-4.31009e1	5.15667e1	1.13854e2	2.4332726e-1	1.2603402e-3	1.2013489e1	1.0786215	
2022-03-02	18:17:44	4.49872e2	1.18660e-1	-4.31365e1	5.15634e1	1.13829e2	1.0090810e-1	1.2555718e-3	1.2016845e1	1.0787388	
2022-03-02	18:17:45	2.04096e2	1.27834e-1	-4.24436e1	5.15600e1	1.13821e2	5.5655837e-2	1.3514757e-3	1.2010132e1	1.0787755	
2022-03-02	18:17:45	1.50935e2	1.40480e-1	-4.15593e1	5.15634e1	1.13806e2	4.3350753e-2	1.4833211e-3	1.2002578e1	1.0788631	
2022-03-02	18:17:46	1.27327e2	1.26538e-1	-4.25398e1	5.15634e1	1.13808e2	3.7480890e-2	1.3377666e-3	1.2004257e1	1.0788824	
2022-03-02	18:17:46	1.05181e2	1.22599e-1	-4.28350e1	5.15634e1	1.13804e2	3.1712174e-2	1.2965202e-3	1.2015167e1	1.0788661	
2022-03-02	18:17:47	1.05181e2	1.22599e-1	-4.28350e1	5.15634e1	1.13804e2	3.1712174e-2	1.2965202e-3	1.2015167e1	1.0788661	
2022-03-02	18:17:47	8.55713e1	1.22932e-1	-4.28100e1	5.15600e1	1.13800e2	2.6373863e-2	1.2999773e-3	1.2006775e1	1.0788650	
2022-03-02	18:17:48	6.71331e1	1.19092e-1	-4.31050e1	5.15600e1	1.13801e2	2.1139562e-2	1.2598037e-3	1.2010132e1	1.0788726	
2022-03-02	18:17:48	4.42822e1	1.19224e-1	-4.30965e1	5.15600e1	1.13778e2	1.4331698e-2	1.2609362e-3	1.2003418e1	1.0789769	
2022-03-02	18:17:49	3.48366e1	1.18952e-1	-4.31186e1	5.15634e1	1.13767e2	1.1406898e-2	1.2579560e-3	1.2006775e1	1.0790226	
2022-03-02	18:17:49	2.69758e1	1.21330e-1	-4.29345e1	5.15634e1	1.13770e2	8.9218025e-3	1.2828707e-3	1.2020202e1	1.0790148	
2022-03-02	18:17:50	2.69758e1	1.21330e-1	-4.29345e1	5.15634e1	1.13770e2	8.9218025e-3	1.2828707e-3	1.2020202e1	1.0790148	
2022-03-02	18:17:50	1.97039e1	1.18767e-1	-4.31338e1	5.15634e1	1.13760e2	6.5773725e-3	1.2559294e-3	1.2001739e1	1.0790671	
2022-03-02	18:17:51	1.52679e1	1.06363e-1	-4.41521e1	5.15667e1	1.13761e2	5.1261186e-3	1.1259913e-3	1.2014328e1	1.0790623	
2022-03-02	18:17:51	3.50413	1.33883e-1	-4.20842e1	5.15600e1	1.12931e2	1.1855363e-3	1.4036297e-3	1.2003418e1	1.0830180	
2022-03-02	18:17:52	-1.26252	1.33766e-1	-4.20907e1	5.15600e1	1.12952e2	-4.2998790e-4	1.4026761e-3	1.2018524e1	1.0829173	
2022-03-02	18:17:52	4.77716e-1	1.21111e-1	-4.30159e1	5.15600e1	1.12982e2	1.6236305e-4	1.2717247e-3	1.2010132e1	1.0827723	
2022-03-02	18:17:53	4.77716e-1	1.21111e-1	-4.30159e1	5.15600e1	1.12982e2	1.6236305e-4	1.2717247e-3	1.2010132e1	1.0827723	
2022-03-02	18:17:53	4.77716e-1	1.21111e-1	-4.30159e1	5.15600e1	1.12982e2	1.6236305e-4	1.2717247e-3	1.2010132e1	1.0827723	
2022-03-02	18:17:54	2.41834	1.17855e-1	-4.32634e1	5.15667e1	1.13048e2	8.2027912e-4	1.2385845e-3	1.2005096e1	1.0824586	
2022-03-02	18:17:54	2.41834	1.17855e-1	-4.32634e1	5.15667e1	1.13048e2	8.2027912e-4	1.2385845e-3	1.2005096e1	1.0824586	
2022-03-02	18:17:55	2.04960	1.15089e-1	-4.34817e1	5.15634e1	1.13067e2	6.9570541e-4	1.2100338e-3	1.2005935e1	1.0823640	
2022-03-02	18:17:55	2.04960	1.15089e-1	-4.34817e1	5.15634e1	1.13067e2	6.9570541e-4	1.2100338e-3	1.2005935e1	1.0823640	
2022-03-02	18:17:56	1.90489	1.16922e-1	-4.33346e1	5.15634e1	1.13078e2	6.4677000e-4	1.2292265e-3	1.2005096e1	1.0823138	
2022-03-02	18:17:56	1.91028	1.20219e-1	-4.30755e1	5.15634e1	1.13092e2	6.4867734e-4	1.2636780e-3	1.2020202e1	1.0822367	
2022-03-02	18:17:57	1.91028	1.20219e-1	-4.30755e1	5.15634e1	1.13092e2	6.4867734e-4	1.2636780e-3	1.2020202e1	1.0822367	
2022-03-02	18:17:57	1.71405	1.20661e-1	-4.30411e1	5.15634e1	1.13097e2	5.8221817e-4	1.2683272e-3	1.2019363e1	1.0822153	
2022-03-02	18:17:58	1.59424	1.17127e-1	-4.33164e1	5.15634e1	1.13101e2	5.4162740e-4	1.2316107e-3	1.2009292e1	1.0822038	
2022-03-02	18:17:58	1.53216	1.20274e-1	-4.30706e1	5.15667e1	1.13101e2	5.2058696e-4	1.2643337e-3	1.2008453e1	1.0822026	
2022-03-02	18:17:59	1.65642	1.20274e-1	-4.30702e1	5.15634e1	1.13105e2	5.6272745e-4	1.2643933e-3	1.2005096e1	1.0821746	
2022-03-02	18:17:59	1.65642	1.20274e-1	-4.30702e1	5.15634e1	1.13105e2	5.6272745e-4	1.2643933e-3	1.2005096e1	1.0821746	
2022-03-02	18:18:00	1.57328	1.19922e-1	-4.30968e1	5.15634e1	1.13113e2	5.3459405e-4	1.2608170e-3	1.2010132e1	1.0821387	
2022-03-02	18:18:00	1.40385	1.18640e-1	-4.31962e1	5.15634e1	1.13117e2	4.7713518e-4	1.2475252e-3	1.2021042e1	1.0821272	
2022-03-02	18:18:01	1.34832	1.20366e-1	-4.30623e1	5.15634e1	1.13116e2	4.5830011e-4	1.2654662e-3	1.2009292e1	1.0821256	
2022-03-02	18:18:01	1.39644	1.19672e-1	-4.31160e1	5.15600e1	1.13116e2	4.7463178e-4	1.2582540e-3	1.2009292e1	1.0821256	
2022-03-02	18:18:02	1.34442	1.17145e-1	-4.33137e1	5.15634e1	1.13117e2	4.5698881e-4	1.2319684e-3	1.2009292e1	1.0821260	
2022-03-02	18:18:02	1.34442	1.17145e-1	-4.33137e1	5.15634e1	1.13117e2	4.5698881e-4	1.2319684e-3	1.2009292e1	1.0821260	
2022-03-02	18:18:03	1.25360	1.17142e-1	-4.33136e1	5.15667e1	1.13121e2	4.2617321e-4	1.2319684e-3	1.2003418e1	1.0821081	
2022-03-02	18:18:03	1.24329	1.17899e-1	-4.32540e1	5.15667e1	1.13120e2	4.2265653e-4	1.2398362e-3	1.2019363e1	1.0821129	
2022-03-02	18:18:04	1.29649	1.17422e-1	-4.32919e1	5.15667e1	1.13116e2	4.4071674e-4	1.2348294e-3	1.2016845e1	1.0821220	
2022-03-02	18:18:04	1.30347	1.17095e-1	-4.33175e1	5.15600e1	1.13120e2	4.4310092e-4	1.2314915e-3	1.2005935e1	1.0821141	
2022-03-02	18:18:05	1.22848	1.16701e-1	-4.33487e1	5.15634e1	1.13120e2	4.1764974e-4	1.2273788e-3	1.2019363e1	1.0821129	
2022-03-02	18:18:05	1.22848	1.16701e-1	-4.33487e1	5.15634e1	1.13120e2	4.1764974e-4	1.2273788e-3	1.2019363e1	1.0821129	
2022-03-02	18:18:06	1.19917	1.16594e-1	-4.33572e1	5.15667e1	1.13119e2	4.0769577e-4	1.2262463e-3	1.2005096e1	1.0821076	
2022-03-02	18:18:06	1.29453	1.16801e-1	-4.33409e1	5.15634e1	1.13118e2	4.4006109e-4	1.2283921e-3	1.2007614e1	1.0821249	
2022-03-02	18:18:07	1.19812	1.17664e-1	-4.32726e1	5.15634e1	1.13119e2	4.0733814e-4	1.2373924e-3	1.2005096e1	1.0821176	
2022-03-02	18:18:07	1.13610	1.16817e-1	-4.33392e1	5.15600e1	1.13123e2	3.8629770e-4	1.2286305e-3	1.2009292e1	1.0820998	
2022-03-02	18:18:08	1.18851	1.16621e-1	-4.33556e1	5.15600e1	1.13113e2	4.0405988e-4	1.2264847e-3	1.2009292e1	1.0821464	
2022-03-02	18:18:08	1.18851	1.16621e-1	-4.33556e1	5.15600e1	1.13113e2	4.0405988e-4	1.2264847e-3	1.2009292e1	1.0821464	
2022-03-02	18:18:09	1.07157	1.18711e-1	-4.31908e1	5.15634e1	1.13115e2	3.6436319e-4	1.2482404e-3	1.2005935e1	1.0821356	
2022-03-02	18:18:09	1.12754	1.16528e-1	-4.33628e1	5.15634e1	1.13116e2	3.8337707e-4	1.2255311e-3	1.2021881e1	1.0821256	
2022-03-02	18:18:10	1.20460	1.17170e-1	-4.33116e1	5.15600e1	1.13120e2	4.0954351e-4	1.2322664e-3	1.2003418e1	1.0821141	
2022-03-02	18:18:10	1.15822	1.19269e-1	-4.31472e1	5.15600e1	1.13117e2	3.9380788e-4	1.2540817e-3	1.2008453e1	1.0821272	
2022-03-02	18:18:11	1.31528	1.20254e-1	-4.30708e1	5.15601e1	1.13117e2	4.4709444e-4	1.2643337e-3	1.2005935e1	1.0821272	
2022-03-02	18:18:11	1.31528	1.20254e-1	-4.30708e1	5.15601e1	1.13117e2	4.4709444e-4	1.2643337e-3	1.2005935e1	1.0821272	
2022-03-02	18:18:12	1.07927	1.17346e-1	-4.32975e1	5.15600e1	1.13121e2	3.6698579e-4	1.2341141e-3	1.2015167e1	1.0821069	
2022-03-02	18:18:12	1.01124	1.17094e-1	-4.33174e1	5.15634e1	1.13122e2	3.4391880e-4	1.2314915e-3	1.2006775e1	1.0821033	
2022-03-02	18:18:13	9.66626e-1	1.17950e-1	-4.32501e1	5.15634e1	1.13120e2	3.2871961e-4	1.2403726e-3	1.2016006e1	1.0821141	
2022-03-02	18:18:13	1.21687	1.18358e-1	-4.32182e1	5.15634e1	1.13118e2	4.1371583e-4	1.2446045e-3	1.2019363e1	1.0821224	
2022-03-02	18:18:14	1.26132	1.16777e-1	-4.33427e1	5.15667e1	1.13120e2	4.2879581e-4	1.2281537e-3	1.2006775e1	1.0821141	
2022-03-02	18:18:14	1.26132	1.16777e-1	-4.33427e1	5.15667e1	1.13120e2	4.2879581e-4	1.2281537e-3	1.2006775e1	1.0821141	
2022-03-02	18:18:15	1.07675	1.17352e-1	-4.32970e1	5.15634e1	1.13122e2	3.6615133e-4	1.2341737e-3	1.2006775e1	1.0820945	
2022-03-02	18:18:15	1.12540	1.14657e-1	-4.35121e1	5.15634e1	1.13120e2	3.8266181e-4	1.2060999e-3	1.2007614e1	1.0821129	
2022-03-02	18:18:16	1.12002	1.14985e-1	-4.34859e1	5.15634e1	1.13119e2	3.8081407e-4	1.2094974e-3	1.2009292e1	1.0821100	
2022-03-02	18:18:16	1.18820	1.16227e-1	-4.33860e1	5.15634e1	1.13125e2	4.0400028e-4	1.2224912e-3	1.2010132e1	1.0820813	
2022-03-02	18:18:17	1.75100	1.17729e-1	-4.32671e1	5.15667e1	1.13124e2	5.9491395e-4	1.2381076e-3	1.2003418e1	1.0820938	
2022-03-02	18:18:17	1.49896	1.15271e-1	-4.34625e1	5.15600e1	1.13123e2	5.0944089e-4	1.2125372e-3	1.2009292e1	1.0820985	
2022-03-02	18:18:18	6.69745e-1	1.15745e-1	-4.34245e1	5.15600e1	1.13125e2	2.2786855e-4	1.2174844e-3	1.2010132e1	1.0820914	
2022-03-02	18:18:18	6.85443e-1	1.36891e-1	-4.18498e1	5.15600e1	1.13242e2	2.3347139e-4	1.4387369e-3	1.2011810e1	1.0815286	
2022-03-02	18:18:19	9.12809e-1	1.50950e-1	-4.09061e1	5.15634e1	1.13485e2	3.1155347e-4	1.5879273e-3	1.2008453e1	1.0803649	
2022-03-02	18:18:19	1.15928	1.29529e-1	-4.23363e1	5.15667e1	1.13628e2	3.9607286e-4	1.3668537e-3	1.2010971e1	1.0797154	
2022-03-02	18:18:20	1.67277	1.09450e-1	-4.38809e1	5.15634e1	1.13859e2	5.7238340e-4	1.1593699e-3	1.2007614e1	1.0786319	
2022-03-02	18:18:20	1.63770	1.07218e-1	-4.40658e1	5.15600e1	1.13917e2	5.6076049e-4	1.1365413e-3	1.2007614e1	1.0783284	
2022-03-02	18:18:21	1.14629	1.13133e-1	-4.35697e1	5.15634e1	1.13933e2	3.9279460e-4	1.1987686e-3	1.2005096e1	1.0782475	
2022-03-02	18:18:21	6.96403e-1	1.20864e-1	-4.29569e1	5.15634e1	1.13934e2	2.3877620e-4	1.2798309e-3	1.2007614e1	1.0782392	
2022-03-02	18:18:22	6.50230e-1	1.17750e-1	-4.31983e1	5.15600e1	1.13947e2	2.2298097e-4	1.2473464e-3	1.2005935e1	1.0781800	
2022-03-02	18:18:22	1.04186	1.14249e-1	-4.34773e1	5.15634e1	1.13953e2	3.5715103e-4	1.2106895e-3	1.2008453e1	1.0781505	
2022-03-02	18:18:23	1.05126	1.18106e-1	-4.31691e1	5.15634e1	1.13961e2	3.6036968e-4	1.2512207e-3	1.2010132e1	1.0781151	
2022-03-02	18:18:23	1.06416	1.17987e-1	-4.31786e1	5.15600e1	1.13959e2	3.6478042e-4	1.2499690e-3	1.2008453e1	1.0781121	
2022-03-02	18:18:24	1.02013	1.16232e-1	-4.33175e1	5.15634e1	1.13959e2	3.4970045e-4	1.2315511e-3	1.2010132e1	1.0781157	
2022-03-02	18:18:24	1.20844	1.15987e-1	-4.33370e1	5.15634e1	1.13960e2	4.1419267e-4	1.2289881e-3	1.2005935e1	1.0781097	
2022-03-02	18:18:25	1.18541	1.16434e-1	-4.33017e1	5.15634e1	1.13955e2	4.0626525e-4	1.2336373e-3	1.2007614e1	1.0781387	
2022-03-02	18:18:25	1.32548	1.19303e-1	-4.30762e1	5.15634e1	1.13952e2	4.5418739e-4	1.2636780e-3	1.2010971e1	1.0781452	
2022-03-02	18:18:26	1.32548	1.19303e-1	-4.30762e1	5.15634e1	1.13952e2	4.5418739e-4	1.2636780e-3	1.2010971e1	1.0781452	
2022-03-02	18:18:26	1.21635	1.21968e-1	-4.28706e1	5.15634e1	1.13955e2	4.1687488e-4	1.2916326e-3	1.2015167e1	1.0781334	
2022-03-02	18:18:27	1.14896	1.18265e-1	-4.31570e1	5.15667e1	1.13956e2	3.9380788e-4	1.2528300e-3	1.2007614e1	1.0781351	
2022-03-02	18:18:27	1.21268	1.19361e-1	-4.30720e1	5.15701e1	1.13948e2	4.1556358e-4	1.2642145e-3	1.2005935e1	1.0781730	
2022-03-02	18:18:28	1.39433	1.17968e-1	-4.31811e1	5.15667e1	1.13947e2	4.7767162e-4	1.2496113e-3	1.2010132e1	1.0781788	
2022-03-02	18:18:28	-4.88301	1.18382e-1	-4.31496e1	5.15600e1	1.13934e2	-1.6870498e-3	1.2538433e-3	1.2005935e1	1.0782392	
2022-03-02	18:18:29	-4.88301	1.18382e-1	-4.31496e1	5.15600e1	1.13934e2	-1.6870498e-3	1.2538433e-3	1.2005935e1	1.0782392	
2022-03-02	18:18:29	-3.43391	1.17026e-1	-4.32602e1	5.15600e1	1.13888e2	-1.1835098e-3	1.2391209e-3	1.2008453e1	1.0784581	
2022-03-02	18:18:30	-3.28857e1	1.22731e-1	-4.28136e1	5.15600e1	1.13943e2	-1.1819481e-2	1.2995004e-3	1.2001739e1	1.0781890	
2022-03-02	18:18:30	9.45479e3	1.29423e-1	-4.23076e1	5.15600e1	1.14071e2	4.3931884e-1	1.3710856e-3	1.2008453e1	1.0775839	
2022-03-02	18:18:31	1.74684e4	1.22023e-1	-4.28550e1	5.15667e1	1.14095e2	4.9860882e-1	1.2937784e-3	1.2005096e1	1.0774805	
2022-03-02	18:18:31	1.23641e4	1.15847e-1	-4.33330e1	5.15667e1	1.14147e2	4.6756796e-1	1.2295246e-3	1.2010132e1	1.0772362	
2022-03-02	18:18:32	1.23641e4	1.15847e-1	-4.33330e1	5.15667e1	1.14147e2	4.6756796e-1	1.2295246e-3	1.2010132e1	1.0772362	
2022-03-02	18:18:32	1.08474e4	1.17543e-1	-4.32001e1	5.15634e1	1.14125e2	4.5422687e-1	1.2471079e-3	1.2007614e1	1.0773301	
2022-03-02	18:18:33	1.08474e4	1.17543e-1	-4.32001e1	5.15634e1	1.14125e2	4.5422687e-1	1.2471079e-3	1.2007614e1	1.0773301	
2022-03-02	18:18:33	5.10148e3	1.13779e-1	-4.35201e1	5.15634e1	1.13895e2	3.6393756e-1	1.2051463e-3	1.2007614e1	1.0784174	
2022-03-02	18:18:34	1.14183e3	1.14250e-1	-4.34846e1	5.15634e1	1.13862e2	1.8116503e-1	1.2097358e-3	1.2014328e1	1.0785725	
2022-03-02	18:18:34	2.20543e2	1.19584e-1	-4.30633e1	5.15634e1	1.13843e2	5.9242367e-2	1.2654066e-3	1.2000900e1	1.0786613	
2022-03-02	18:18:35	8.33148e1	1.24645e-1	-4.26787e1	5.15634e1	1.13830e2	2.5751650e-2	1.3182163e-3	1.2016845e1	1.0787264	
2022-03-02	18:18:35	8.33148e1	1.24645e-1	-4.26787e1	5.15634e1	1.13830e2	2.5751650e-2	1.3182163e-3	1.2016845e1	1.0787264	
2022-03-02	18:18:36	4.79221e1	1.27123e-1	-4.24952e1	5.15667e1	1.13826e2	1.5446960e-2	1.3440847e-3	1.2003418e1	1.0787431	
2022-03-02	18:18:36	1.32093e1	1.25432e-1	-4.26205e1	5.15634e1	1.13823e2	4.4496655e-3	1.3263821e-3	1.2005096e1	1.0787560	
2022-03-02	18:18:37	5.83811	1.21466e-1	-4.29204e1	5.15701e1	1.13815e2	1.9857287e-3	1.2847781e-3	1.2006775e1	1.0787928	
2022-03-02	18:18:37	1.97119	1.18854e-1	-4.31226e1	5.15667e1	1.13813e2	6.7394971e-4	1.2574195e-3	1.2015167e1	1.0788034	
2022-03-02	18:18:38	1.16264	1.19167e-1	-4.30983e1	5.15634e1	1.13812e2	3.9792060e-4	1.2606978e-3	1.2005935e1	1.0788093	
2022-03-02	18:18:38	1.16264	1.19167e-1	-4.30983e1	5.15634e1	1.13812e2	3.9792060e-4	1.2606978e-3	1.2005935e1	1.0788093	
2022-03-02	18:18:39	1.25094	1.16503e-1	-4.33083e1	5.15667e1	1.13807e2	4.2808055e-4	1.2327432e-3	1.2007614e1	1.0788407	
2022-03-02	18:18:39	1.24193	1.18945e-1	-4.31172e1	5.15667e1	1.13791e2	4.2492151e-4	1.2581348e-3	1.2010132e1	1.0789089	
2022-03-02	18:18:40	1.57543	1.19425e-1	-4.30796e1	5.15634e1	1.13794e2	5.3882598e-4	1.2632012e-3	1.2008453e1	1.0789035	
2022-03-02	18:18:40	2.01896	1.17917e-1	-4.31976e1	5.15634e1	1.13794e2	6.9010257e-4	1.2474060e-3	1.2005096e1	1.0789059	
2022-03-02	18:18:41	2.19346	1.16957e-1	-4.32755e1	5.15600e1	1.13768e2	7.4940919e-4	1.2370944e-3	1.2007614e1	1.0790191	
2022-03-02	18:18:41	2.19346	1.16957e-1	-4.32755e1	5.15600e1	1.13768e2	7.4940919e-4	1.2370944e-3	1.2007614e1	1.0790191	
2022-03-02	18:18:42	2.18046	1.19483e-1	-4.30760e1	5.15667e1	1.13784e2	7.4505805e-4	1.2636780e-3	1.2006775e1	1.0789432	
2022-03-02	18:18:42	2.12550	1.17937e-1	-4.31989e1	5.15634e1	1.13758e2	7.2616338e-4	1.2472271e-3	1.2012649e1	1.0790665	
2022-03-02	18:18:43	1.93590	1.15418e-1	-4.34007e1	5.15600e1	1.13737e2	6.6143274e-4	1.2206435e-3	1.2008453e1	1.0791749	
2022-03-02	18:18:43	1.92514	1.15615e-1	-4.33851e1	5.15634e1	1.13735e2	6.5773725e-4	1.2226700e-3	1.2017685e1	1.0791845	
2022-03-02	18:18:44	2.10206	1.16424e-1	-4.33214e1	5.15634e1	1.13723e2	7.1793794e-4	1.2310147e-3	1.2006775e1	1.0792403	
2022-03-02	18:18:44	2.10206	1.16424e-1	-4.33214e1	5.15634e1	1.13723e2	7.1793794e-4	1.2310147e-3	1.2006775e1	1.0792403	
2022-03-02	18:18:45	1.99772	1.16282e-1	-4.33341e1	5.15634e1	1.13706e2	6.8229436e-4	1.2293457e-3	1.2023559e1	1.0793209	
2022-03-02	18:18:45	1.99872	1.18228e-1	-4.31880e1	5.15667e1	1.13612e2	6.8199634e-4	1.2486577e-3	1.2021042e1	1.0797597	
2022-03-02	18:18:46	1.40217	1.18257e-1	-4.31960e1	5.15634e1	1.13486e2	4.7826766e-4	1.2475848e-3	1.2009292e1	1.0803689	
2022-03-02	18:18:46	1.85802	1.15913e-1	-4.33808e1	5.15634e1	1.13495e2	6.3341856e-4	1.2232065e-3	1.2019363e1	1.0803260	
2022-03-02	18:18:47	1.83349	1.19280e-1	-4.31250e1	5.15634e1	1.13377e2	6.2435865e-4	1.2570619e-3	1.2005096e1	1.0808769	
2022-03-02	18:18:47	1.83349	1.19280e-1	-4.31250e1	5.15634e1	1.13377e2	6.2435865e-4	1.2570619e-3	1.2005096e1	1.0808769	
2022-03-02	18:18:48	1.80707	1.19614e-1	-4.30979e1	5.15634e1	1.13391e2	6.1547756e-4	1.2606978e-3	1.2007614e1	1.0808101	
2022-03-02	18:18:48	1.77091	1.19533e-1	-4.31024e1	5.15634e1	1.13413e2	6.0331821e-4	1.2601017e-3	1.2007614e1	1.0807065	
2022-03-02	18:18:49	1.68253	1.18277e-1	-4.31995e1	5.15667e1	1.13424e2	5.7333707e-4	1.2471079e-3	1.2004257e1	1.0806529	
2022-03-02	18:18:49	1.59340	1.16903e-1	-4.33072e1	5.15634e1	1.13432e2	5.4305791e-4	1.2328624e-3	1.2005935e1	1.0806249	
2022-03-02	18:18:50	1.48569	1.16460e-1	-4.33420e1	5.15667e1	1.13436e2	5.0646066e-4	1.2282729e-3	1.2005096e1	1.0806046	
2022-03-02	18:18:50	1.84330	1.13344e-1	-4.35920e1	5.15667e1	1.13446e2	6.2811374e-4	1.1958479e-3	1.2004257e1	1.0805558	
2022-03-02	18:18:51	1.75728	1.15828e-1	-4.33917e1	5.15634e1	1.13444e2	5.9884786e-4	1.2217760e-3	1.2006775e1	1.0805665	
2022-03-02	18:18:51	1.16874	1.16931e-1	-4.33036e1	5.15634e1	1.13449e2	3.9863586e-4	1.2333393e-3	1.2009292e1	1.0805362	
2022-03-02	18:18:52	1.11043	1.32572e-1	-4.21335e1	5.15634e1	1.13450e2	3.7878751e-4	1.3964176e-3	1.2007614e1	1.0805290	
2022-03-02	18:18:52	1.07877	1.44657e-1	-4.13119e1	5.15600e1	1.13455e2	3.6799907e-4	1.5221834e-3	1.2005096e1	1.0805130	
2022-03-02	18:18:53	9.96126e-1	1.18320e-1	-4.31934e1	5.15600e1	1.13457e2	3.3986568e-4	1.2479424e-3	1.2010132e1	1.0805311	
2022-03-02	18:18:53	1.12831	1.07789e-1	-4.40538e1	5.15600e1	1.13462e2	3.8492679e-4	1.1379718e-3	1.2009292e1	1.0805084	
2022-03-02	18:18:54	1.07956	1.17710e-1	-4.32408e1	5.15667e1	1.13463e2	3.6829710e-4	1.2416243e-3	1.2019363e1	1.0804748	
2022-03-02	18:18:54	9.57427e-1	1.18890e-1	-4.31481e1	5.15667e1	1.13466e2	3.2669305e-4	1.2539625e-3	1.2010132e1	1.0804618	
2022-03-02	18:18:55	1.17102	1.16293e-1	-4.33529e1	5.15667e1	1.13464e2	3.9947032e-4	1.2268424e-3	1.2003418e1	1.0804688	
2022-03-02	18:18:55	1.16374	1.15928e-1	-4.33821e1	5.15634e1	1.13463e2	3.9696693e-4	1.2230277e-3	1.2019363e1	1.0804672	
2022-03-02	18:18:56	1.06399	1.21347e-1	-4.29582e1	5.15667e1	1.13465e2	3.6299228e-4	1.2795925e-3	1.2006775e1	1.0804564	
2022-03-02	18:18:56	1.28293	1.19524e-1	-4.30988e1	5.15667e1	1.13466e2	4.3755769e-4	1.2605786e-3	1.2009292e1	1.0804641	
2022-03-02	18:18:57	1.02702	1.18297e-1	-4.31941e1	5.15667e1	1.13470e2	3.5041570e-4	1.2478232e-3	1.2005935e1	1.0804427	
2022-03-02	18:18:57	8.11046e-1	1.20994e-1	-4.29850e1	5.15634e1	1.13468e2	2.7680397e-4	1.2759566e-3	1.2009292e1	1.0804433	
2022-03-02	18:18:58	1.05393	1.19514e-1	-4.30992e1	5.15667e1	1.13469e2	3.5959482e-4	1.2605190e-3	1.2001739e1	1.0804463	
2022-03-02	18:18:58	1.15946	1.18585e-1	-4.31719e1	5.15634e1	1.13467e2	3.9553642e-4	1.2508034e-3	1.2019363e1	1.0804581	
2022-03-02	18:18:59	1.15946	1.18585e-1	-4.31719e1	5.15634e1	1.13467e2	3.9553642e-4	1.2508034e-3	1.2019363e1	1.0804581	
2022-03-02	18:18:59	1.06093	1.16779e-1	-4.33140e1	5.15634e1	1.13468e2	3.6197900e-4	1.2319684e-3	1.2016845e1	1.0804511	
2022-03-02	18:19:00	1.15954	1.15054e-1	-4.34520e1	5.15667e1	1.13465e2	3.9553642e-4	1.2139081e-3	1.2006775e1	1.0804564	
2022-03-02	18:19:00	1.01300	1.16977e-1	-4.32982e1	5.15634e1	1.13470e2	3.4564733e-4	1.2340545e-3	1.2005935e1	1.0804339	
2022-03-02	18:19:01	1.09795	1.14388e-1	-4.35051e1	5.15600e1	1.13472e2	3.7461519e-4	1.2070536e-3	1.2005935e1	1.0804244	
2022-03-02	18:19:01	1.33041	1.17257e-1	-4.32760e1	5.15634e1	1.13470e2	4.5377016e-4	1.2369751e-3	1.2004257e1	1.0804415	
2022-03-02	18:19:02	1.33041	1.17257e-1	-4.32760e1	5.15634e1	1.13470e2	4.5377016e-4	1.2369751e-3	1.2004257e1	1.0804415	
2022-03-02	18:19:02	1.07992	1.18761e-1	-4.31577e1	5.15600e1	1.13472e2	3.6847591e-4	1.2527108e-3	1.2004257e1	1.0804244	
2022-03-02	18:19:03	8.83862e-1	1.15952e-1	-4.33795e1	5.15600e1	1.13472e2	3.0165910e-4	1.2233853e-3	1.2005935e1	1.0804344	
2022-03-02	18:19:03	9.95089e-1	1.18402e-1	-4.31858e1	5.15600e1	1.13472e2	3.3956766e-4	1.2489557e-3	1.2005096e1	1.0804268	
2022-03-02	18:19:04	9.98081e-1	1.15635e-1	-4.34045e1	5.15634e1	1.13476e2	3.4058094e-4	1.2201070e-3	1.2019363e1	1.0804141	
2022-03-02	18:19:04	1.11737	1.14501e-1	-4.34957e1	5.15667e1	1.13476e2	3.8123130e-4	1.2082457e-3	1.2005935e1	1.0804129	
2022-03-02	18:19:05	1.11737	1.14501e-1	-4.34957e1	5.15667e1	1.13476e2	3.8123130e-4	1.2082457e-3	1.2005935e1	1.0804129	
2022-03-02	18:19:05	9.94782e-1	1.12882e-1	-4.36274e1	5.15667e1	1.13475e2	3.3944845e-4	1.1913180e-3	1.2004257e1	1.0804189	
2022-03-02	18:19:06	9.60981e-1	1.13049e-1	-4.36140e1	5.15634e1	1.13472e2	3.2794475e-4	1.1930465e-3	1.2007614e1	1.0804232	
2022-03-02	18:19:06	1.12203	1.18985e-1	-4.31398e1	5.15634e1	1.13477e2	3.8284063e-4	1.2550950e-3	1.2008453e1	1.0803981	
2022-03-02	18:19:07	1.17703	1.15405e-1	-4.34233e1	5.15600e1	1.13471e2	4.0155649e-4	1.2176632e-3	1.2002578e1	1.0804380	
2022-03-02	18:19:07	1.44188	1.16891e-1	-4.33045e1	5.15634e1	1.13476e2	4.9173831e-4	1.2332201e-3	1.2006775e1	1.0804077	
2022-03-02	18:19:08	1.44188	1.16891e-1	-4.33045e1	5.15634e1	1.13476e2	4.9173831e-4	1.2332201e-3	1.2006775e1	1.0804077	
2022-03-02	18:19:08	1.28869	1.15402e-1	-4.34233e1	5.15634e1	1.13475e2	4.3958425e-4	1.2176632e-3	1.2004257e1	1.0804177	
2022-03-02	18:19:09	1.09095	1.18086e-1	-4.32105e1	5.15600e1	1.13473e2	3.7223100e-4	1.2456774e-3	1.2005935e1	1.0804296	
2022-03-02	18:19:09	1.00832	1.16235e-1	-4.33567e1	5.15634e1	1.13475e2	3.4409761e-4	1.2263655e-3	1.2016845e1	1.0804089	
2022-03-02	18:19:10	1.07852	1.15196e-1	-4.34396e1	5.15667e1	1.13477e2	3.6799907e-4	1.2155175e-3	1.2006775e1	1.0804105	
2022-03-02	18:19:10	1.07852	1.15196e-1	-4.34396e1	5.15667e1	1.13477e2	3.6799907e-4	1.2155175e-3	1.2006775e1	1.0804105	
2022-03-02	18:19:11	1.14662	1.16733e-1	-4.33167e1	5.15634e1	1.13479e2	3.9118528e-4	1.2316107e-3	1.2019363e1	1.0803898	
2022-03-02	18:19:11	1.14662	1.16733e-1	-4.33167e1	5.15634e1	1.13479e2	3.9118528e-4	1.2316107e-3	1.2019363e1	1.0803898	
2022-03-02	18:19:12	1.35006	1.15127e-1	-4.34448e1	5.15634e1	1.13481e2	4.6050548e-4	1.2148618e-3	1.2004257e1	1.0803791	
2022-03-02	18:19:12	1.05988	1.16882e-1	-4.33046e1	5.15600e1	1.13484e2	3.6168098e-4	1.2332201e-3	1.2005935e1	1.0803684	
2022-03-02	18:19:13	1.15738	1.14015e-1	-4.35346e1	5.15634e1	1.13481e2	3.9488077e-4	1.2032389e-3	1.2003418e1	1.0803815	
2022-03-02	18:19:13	1.25295	1.17118e-1	-4.32863e1	5.15667e1	1.13478e2	4.2742490e-4	1.2356042e-3	1.2004257e1	1.0804034	
2022-03-02	18:19:14	1.07721	1.17285e-1	-4.32729e1	5.15634e1	1.13481e2	3.6758184e-4	1.2373924e-3	1.2005096e1	1.0803892	
2022-03-02	18:19:14	1.07721	1.17285e-1	-4.32729e1	5.15634e1	1.13481e2	3.6758184e-4	1.2373924e-3	1.2005096e1	1.0803892	
2022-03-02	18:19:15	1.11062	1.19829e-1	-4.30736e1	5.15634e1	1.13484e2	3.7896633e-4	1.2639760e-3	1.2005935e1	1.0803697	
2022-03-02	18:19:15	1.13417	1.17289e-1	-4.32728e1	5.15667e1	1.13478e2	3.8695335e-4	1.2373924e-3	1.2006775e1	1.0804022	
2022-03-02	18:19:16	1.29701	1.19003e-1	-4.31379e1	5.15667e1	1.13483e2	4.4244527e-4	1.2553334e-3	1.2009292e1	1.0803819	
2022-03-02	18:19:16	1.23614	1.18554e-1	-4.31732e1	5.15634e1	1.13480e2	4.2170286e-4	1.2506246e-3	1.2008453e1	1.0803874	
2022-03-02	18:19:17	1.19475	1.17716e-1	-4.32387e1	5.15634e1	1.13484e2	4.0763616e-4	1.2419223e-3	1.2006775e1	1.0803661	
2022-03-02	18:19:17	1.19475	1.17716e-1	-4.32387e1	5.15634e1	1.13484e2	4.0763616e-4	1.2419223e-3	1.2006775e1	1.0803661	
2022-03-02	18:19:18	1.27798	1.16971e-1	-4.32977e1	5.15634e1	1.13481e2	4.3594837e-4	1.2341141e-3	1.2005096e1	1.0803791	
2022-03-02	18:19:18	1.31659	1.14953e-1	-4.34586e1	5.15634e1	1.13485e2	4.4912099e-4	1.2130737e-3	1.2011810e1	1.0803624	
2022-03-02	18:19:19	1.23452	1.16167e-1	-4.33612e1	5.15634e1	1.13486e2	4.2116641e-4	1.2257695e-3	1.2003418e1	1.0803666	
2022-03-02	18:19:19	1.16452	1.12888e-1	-4.36261e1	5.15634e1	1.13485e2	3.9732456e-4	1.1914968e-3	1.2006775e1	1.0803725	
2022-03-02	18:19:20	1.15842	1.16744e-1	-4.33154e1	5.15634e1	1.13485e2	3.9523839e-4	1.2317895e-3	1.2006775e1	1.0803701	
2022-03-02	18:19:20	1.15842	1.16744e-1	-4.33154e1	5.15634e1	1.13485e2	3.9523839e-4	1.2317895e-3	1.2006775e1	1.0803701	
2022-03-02	18:19:21	1.29938	1.16377e-1	-4.33445e1	5.15600e1	1.13486e2	4.4327974e-4	1.2279748e-3	1.2003418e1	1.0803666	
2022-03-02	18:19:21	1.33039	1.18913e-1	-4.31448e1	5.15600e1	1.13485e2	4.5382976e-4	1.2544393e-3	1.2005096e1	1.0803637	
2022-03-02	18:19:22	1.13864	1.16564e-1	-4.33299e1	5.15634e1	1.13483e2	3.8850307e-4	1.2298822e-3	1.2010132e1	1.0803707	
2022-03-02	18:19:22	1.02700	1.15032e-1	-4.34521e1	5.15634e1	1.13485e2	3.5047531e-4	1.2139081e-3	1.2010132e1	1.0803624	
2022-03-02	18:19:23	1.26494	1.14093e-1	-4.35277e1	5.15634e1	1.13489e2	4.3153762e-4	1.2041330e-3	1.2010132e1	1.0803523	
2022-03-02	18:19:23	1.26494	1.14093e-1	-4.35277e1	5.15634e1	1.13489e2	4.3153762e-4	1.2041330e-3	1.2010132e1	1.0803523	
2022-03-02	18:19:24	1.42145	1.18905e-1	-4.31455e1	5.15667e1	1.13484e2	4.8482418e-4	1.2543201e-3	1.2020202e1	1.0803749	
2022-03-02	18:19:24	1.20215	1.20778e-1	-4.30004e1	5.15634e1	1.13483e2	4.1013956e-4	1.2738704e-3	1.2005935e1	1.0803819	
2022-03-02	18:19:25	1.13233	1.17847e-1	-4.32280e1	5.15600e1	1.13489e2	3.8635730e-4	1.2433528e-3	1.2010971e1	1.0803523	
2022-03-02	18:19:25	1.10918	1.30181e-1	-4.23009e1	5.15600e1	1.13487e2	3.7848949e-4	1.3719797e-3	1.2005935e1	1.0803606	
2022-03-02	18:19:26	1.05868	1.32410e-1	-4.21419e1	5.15667e1	1.13487e2	3.6126375e-4	1.3951659e-3	1.2015167e1	1.0803630	
2022-03-02	18:19:26	1.05868	1.32410e-1	-4.21419e1	5.15667e1	1.13487e2	3.6126375e-4	1.3951659e-3	1.2015167e1	1.0803630	
2022-03-02	18:19:27	1.06422	1.13538e-1	-4.35727e1	5.15600e1	1.13489e2	3.6317110e-4	1.1983513e-3	1.2010132e1	1.0803711	
2022-03-02	18:19:27	8.17651e-1	1.18419e-1	-4.31832e1	5.15600e1	1.13487e2	2.7912855e-4	1.2493133e-3	1.2007614e1	1.0803594	
2022-03-02	18:19:28	8.66241e-1	1.17462e-1	-4.32584e1	5.15667e1	1.13488e2	2.9569864e-4	1.2392997e-3	1.2005096e1	1.0803470	
2022-03-02	18:19:28	9.48801e-1	1.19070e-1	-4.31321e1	5.15667e1	1.13490e2	3.2383203e-4	1.2561082e-3	1.2004257e1	1.0803475	
2022-03-02	18:19:29	1.21992	1.16444e-1	-4.33390e1	5.15634e1	1.13489e2	4.1621923e-4	1.2286901e-3	1.2006775e1	1.0803523	
2022-03-02	18:19:29	1.33871	1.16739e-1	-4.33154e1	5.15634e1	1.13491e2	4.5669078e-4	1.2317895e-3	1.2006775e1	1.0803439	
2022-03-02	18:19:30	1.23582	1.20020e-1	-4.30582e1	5.15634e1	1.13492e2	4.2164325e-4	1.2660622e-3	1.2005096e1	1.0803368	
2022-03-02	18:19:30	1.22808	1.19230e-1	-4.31194e1	5.15600e1	1.13493e2	4.1902065e-4	1.2578368e-3	1.2007614e1	1.0803256	
2022-03-02	18:19:31	1.14538	1.15563e-1	-4.34091e1	5.15634e1	1.13490e2	3.9082765e-4	1.2195110e-3	1.2006775e1	1.0803463	
2022-03-02	18:19:31	1.27077	1.15538e-1	-4.34110e1	5.15600e1	1.13491e2	4.3356418e-4	1.2192726e-3	1.2007614e1	1.0803327	
2022-03-02	18:19:32	1.26973	1.17681e-1	-4.32406e1	5.15600e1	1.13495e2	4.3320655e-4	1.2416839e-3	1.2005935e1	1.0803248	
2022-03-02	18:19:32	1.14589	1.19750e-1	-4.30790e1	5.15600e1	1.13492e2	3.9100646e-4	1.2632608e-3	1.2007614e1	1.0803291	
2022-03-02	18:19:33	1.22693	1.17796e-1	-4.32315e1	5.15634e1	1.13495e2	4.1860342e-4	1.2428760e-3	1.2006775e1	1.0803172	
2022-03-02	18:19:33	1.24809	1.15012e-1	-4.34530e1	5.15667e1	1.13495e2	4.2581558e-4	1.2137889e-3	1.2011810e1	1.0803238	
2022-03-02	18:19:34	1.23594	1.14049e-1	-4.35309e1	5.15634e1	1.13493e2	4.2170286e-4	1.2037158e-3	1.2006775e1	1.0803244	
2022-03-02	18:19:34	1.31457	1.13586e-1	-4.35684e1	5.15634e1	1.13494e2	4.4846534e-4	1.1988878e-3	1.2005935e1	1.0803308	
2022-03-02	18:19:35	1.31457	1.13586e-1	-4.35684e1	5.15634e1	1.13494e2	4.4846534e-4	1.1988878e-3	1.2005935e1	1.0803308	
2022-03-02	18:19:35	1.25294	1.15537e-1	-4.34109e1	5.15634e1	1.13494e2	4.2748451e-4	1.2192726e-3	1.2014328e1	1.0803184	
2022-03-02	18:19:36	1.24867	1.20133e-1	-4.30497e1	5.15667e1	1.13489e2	4.2599439e-4	1.2671947e-3	1.2015167e1	1.0803523	
2022-03-02	18:19:36	1.25432	1.19612e-1	-4.30895e1	5.15667e1	1.13496e2	4.2796134e-4	1.2618303e-3	1.2002578e1	1.0803101	
2022-03-02	18:19:37	1.31437	1.17274e-1	-4.32725e1	5.15600e1	1.13496e2	4.4840574e-4	1.2374520e-3	1.2014328e1	1.0803201	
2022-03-02	18:19:37	1.34958	1.14447e-1	-4.34988e1	5.15567e1	1.13492e2	4.6038627e-4	1.2078881e-3	1.2007614e1	1.0803380	
2022-03-02	18:19:38	1.34958	1.14447e-1	-4.34988e1	5.15567e1	1.13492e2	4.6038627e-4	1.2078881e-3	1.2007614e1	1.0803380	
2022-03-02	18:19:38	1.22646	1.14302e-1	-4.35102e1	5.15601e1	1.13495e2	4.1848421e-4	1.2063980e-3	1.2011810e1	1.0803238	
2022-03-02	18:19:39	1.30517	1.12865e-1	-4.36275e1	5.15634e1	1.13491e2	4.4524669e-4	1.1913180e-3	1.2005935e1	1.0803439	
2022-03-02	18:19:39	1.27428	1.14315e-1	-4.35092e1	5.15634e1	1.13495e2	4.3475627e-4	1.2065172e-3	1.2011810e1	1.0803160	
2022-03-02	18:19:40	1.03283	1.13168e-1	-4.36024e1	5.15600e1	1.13494e2	3.5250186e-4	1.1945366e-3	1.2005096e1	1.0803208	
2022-03-02	18:19:40	9.36392e-1	1.15670e-1	-4.34005e1	5.15600e1	1.13491e2	3.1960010e-4	1.2206435e-3	1.2005096e1	1.0803327	
2022-03-02	18:19:41	9.36392e-1	1.15670e-1	-4.34005e1	5.15600e1	1.13491e2	3.1960010e-4	1.2206435e-3	1.2005096e1	1.0803327	
2022-03-02	18:19:41	1.11211	1.20835e-1	-4.29952e1	5.15634e1	1.13494e2	3.7950277e-4	1.2745857e-3	1.2004257e1	1.0803196	
2022-03-02	18:19:42	1.27975	1.19452e-1	-4.31019e1	5.15667e1	1.13495e2	4.3660402e-4	1.2601613e-3	1.2005935e1	1.0803124	
2022-03-02	18:19:42	1.22110	1.14143e-1	-4.35234e1	5.15667e1	1.13491e2	4.1663646e-4	1.2046694e-3	1.2013489e1	1.0803439	
