"2022-02-19 at 14:38"
System_Date_(Y-M-D)	System_Time_(h:m:s)	CO₂_(µmol_mol⁻¹)	H₂O_(mmol_mol⁻¹)	H₂O_(°C)	Cell_Temperature_(°C)	Cell_Pressure_(kPa)	CO₂_Absorption	H₂O_Absorption	Input_Voltage_(V)	Flow_Rate_(L_min⁻¹)	
2022-02-19	14:38:42	6.81094e-1	1.21761e-1	-4.31603e1	5.15600e1	1.10644e2	2.2619962e-4	1.2520551e-3	1.2053773e1	1.0292999	
2022-02-19	14:38:42	9.73624e-1	1.24442e-1	-4.29583e1	5.15600e1	1.10642e2	3.2323598e-4	1.2792944e-3	1.2054612e1	1.0293853	
2022-02-19	14:38:43	1.02558	1.25627e-1	-4.28701e1	5.15634e1	1.10642e2	3.4046173e-4	1.2913346e-3	1.2053773e1	1.0292521	
2022-02-19	14:38:43	7.76865e-1	1.21704e-1	-4.31648e1	5.15600e1	1.10643e2	2.5796890e-4	1.2514591e-3	1.2063004e1	1.0292867	
2022-02-19	14:38:44	5.91620e-1	1.20741e-1	-4.32383e1	5.15600e1	1.10645e2	1.9651651e-4	1.2416839e-3	1.2057130e1	1.0293439	
2022-02-19	14:38:44	5.29836e-1	1.20647e-1	-4.32455e1	5.15600e1	1.10646e2	1.7601251e-4	1.2407302e-3	1.2063844e1	1.0292453	
2022-02-19	14:38:45	8.62917e-1	1.20739e-1	-4.32388e1	5.15600e1	1.10641e2	2.8651952e-4	1.2416243e-3	1.2052934e1	1.0291616	
2022-02-19	14:38:45	9.19143e-1	1.20491e-1	-4.32572e1	5.15600e1	1.10648e2	3.0517578e-4	1.2391805e-3	1.2056291e1	1.0294239	
2022-02-19	14:38:46	8.96713e-1	1.20234e-1	-4.32774e1	5.15634e1	1.10643e2	2.9772520e-4	1.2364983e-3	1.2068040e1	1.0293034	
2022-02-19	14:38:46	9.46318e-1	1.23287e-1	-4.30449e1	5.15600e1	1.10642e2	3.1417608e-4	1.2675523e-3	1.2059648e1	1.0294317	
2022-02-19	14:38:47	6.04918e-1	1.21595e-1	-4.31732e1	5.15634e1	1.10642e2	2.0092725e-4	1.2503266e-3	1.2057130e1	1.0292735	
2022-02-19	14:38:47	6.52442e-1	1.20477e-1	-4.32585e1	5.15634e1	1.10646e2	2.1672248e-4	1.2390017e-3	1.2069718e1	1.0293191	
2022-02-19	14:38:48	9.39128e-1	1.21695e-1	-4.31656e1	5.15634e1	1.10642e2	3.1179189e-4	1.2513399e-3	1.2057130e1	1.0292830	
2022-02-19	14:38:48	1.00488	1.18344e-1	-4.34244e1	5.15600e1	1.10641e2	3.3360719e-4	1.2172460e-3	1.2057969e1	1.0292781	
2022-02-19	14:38:49	1.18229	1.18153e-1	-4.34389e1	5.15634e1	1.10646e2	3.9243698e-4	1.2153387e-3	1.2052094e1	1.0291396	
2022-02-19	14:38:49	8.05071e-1	1.17413e-1	-4.34974e1	5.15600e1	1.10641e2	2.6732683e-4	1.2077689e-3	1.2053773e1	1.0292592	
2022-02-19	14:38:50	4.89513e-1	1.17022e-1	-4.35283e1	5.15600e1	1.10640e2	1.6260147e-4	1.2037754e-3	1.2056291e1	1.0292840	
2022-02-19	14:38:50	6.66192e-1	1.35573e-1	-4.21589e1	5.15634e1	1.10638e2	2.2125244e-4	1.3923048e-3	1.2053773e1	1.0293457	
2022-02-19	14:38:51	5.77961e-1	1.31705e-1	-4.24297e1	5.15701e1	1.10640e2	1.9198656e-4	1.3530254e-3	1.2052934e1	1.0292650	
2022-02-19	14:38:51	6.41353e-1	1.12988e-1	-4.38518e1	5.15634e1	1.10643e2	2.1302700e-4	1.1627078e-3	1.2057969e1	1.0290299	
2022-02-19	14:38:52	7.36206e-1	1.17069e-1	-4.35246e1	5.15600e1	1.10640e2	2.4449825e-4	1.2042522e-3	1.2054612e1	1.0291663	
2022-02-19	14:38:52	6.45368e-1	1.19104e-1	-4.33650e1	5.15600e1	1.10642e2	2.1433830e-4	1.2249946e-3	1.2069718e1	1.0293092	
2022-02-19	14:38:53	6.70655e-1	1.21441e-1	-4.31849e1	5.15600e1	1.10642e2	2.2274255e-4	1.2487769e-3	1.2060487e1	1.0292712	
2022-02-19	14:38:53	6.70655e-1	1.21441e-1	-4.31849e1	5.15600e1	1.10642e2	2.2274255e-4	1.2487769e-3	1.2060487e1	1.0292712	
2022-02-19	14:38:54	9.56888e-1	1.19251e-1	-4.33536e1	5.15600e1	1.10641e2	3.1769275e-4	1.2264847e-3	1.2059648e1	1.0293222	
2022-02-19	14:38:54	9.78162e-1	1.20162e-1	-4.32834e1	5.15600e1	1.10639e2	3.2472610e-4	1.2357234e-3	1.2057130e1	1.0294563	
2022-02-19	14:38:55	7.57809e-1	1.23131e-1	-4.30567e1	5.15634e1	1.10641e2	2.5165081e-4	1.2659430e-3	1.2058808e1	1.0292651	
2022-02-19	14:38:55	8.83418e-1	1.18829e-1	-4.33863e1	5.15634e1	1.10643e2	2.9331445e-4	1.2221932e-3	1.2052934e1	1.0292558	
2022-02-19	14:38:56	8.76943e-1	1.20959e-1	-4.32219e1	5.15667e1	1.10641e2	2.9116868e-4	1.2438297e-3	1.2063004e1	1.0294196	
2022-02-19	14:38:56	8.00931e-1	1.22637e-1	-4.30939e1	5.15634e1	1.10643e2	2.6595592e-4	1.2609362e-3	1.2061326e1	1.0292582	
2022-02-19	14:38:57	8.22711e-1	1.22158e-1	-4.31296e1	5.15601e1	1.10651e2	2.7322769e-4	1.2561678e-3	1.2054612e1	1.0299043	
2022-02-19	14:38:57	7.12022e-1	1.22510e-1	-4.31020e1	5.15601e1	1.10661e2	2.3651123e-4	1.2598633e-3	1.2058808e1	1.0305809	
2022-02-19	14:38:58	1.23361	1.19598e-1	-4.33240e1	5.15634e1	1.10674e2	4.0954351e-4	1.2303590e-3	1.2057130e1	1.0278866	
2022-02-19	14:38:58	8.97871e-1	1.19923e-1	-4.33064e1	5.15600e1	1.10584e2	2.9796361e-4	1.2326836e-3	1.2070558e1	1.0296932	
2022-02-19	14:38:59	4.29941e-1	1.22839e-1	-4.30772e1	5.15600e1	1.10660e2	1.4287233e-4	1.2632012e-3	1.2054612e1	1.0307281	
2022-02-19	14:38:59	1.02544	1.23355e-1	-4.30357e1	5.15600e1	1.10692e2	3.4058094e-4	1.2688040e-3	1.2052934e1	1.0319383	
2022-02-19	14:39:00	1.05644	1.20876e-1	-4.32235e1	5.15600e1	1.10698e2	3.5089254e-4	1.2436509e-3	1.2060487e1	1.0319471	
2022-02-19	14:39:00	7.14811e-1	1.23788e-1	-4.30022e1	5.15600e1	1.10702e2	2.3752450e-4	1.2733340e-3	1.2053773e1	1.0320221	
2022-02-19	14:39:01	5.95770e-1	1.22420e-1	-4.31052e1	5.15600e1	1.10705e2	1.9800662e-4	1.2594461e-3	1.2054612e1	1.0320365	
2022-02-19	14:39:01	9.54490e-1	1.21766e-1	-4.31550e1	5.15600e1	1.10703e2	3.1709671e-4	1.2527704e-3	1.2053773e1	1.0321490	
2022-02-19	14:39:02	9.54490e-1	1.21766e-1	-4.31550e1	5.15600e1	1.10703e2	3.1709671e-4	1.2527704e-3	1.2053773e1	1.0321490	
2022-02-19	14:39:02	8.48075e-1	1.20340e-1	-4.32648e1	5.15634e1	1.10697e2	2.8175115e-4	1.2381672e-3	1.2055451e1	1.0320762	
2022-02-19	14:39:03	9.58715e-1	1.21109e-1	-4.32055e1	5.15634e1	1.10701e2	3.1846761e-4	1.2460350e-3	1.2050416e1	1.0319627	
2022-02-19	14:39:03	7.24861e-1	1.21575e-1	-4.31702e1	5.15600e1	1.10696e2	2.4086236e-4	1.2507438e-3	1.2057969e1	1.0319470	
2022-02-19	14:39:04	5.42284e-1	1.24077e-1	-4.29807e1	5.15600e1	1.10700e2	1.8024444e-4	1.2762546e-3	1.2068879e1	1.0318797	
2022-02-19	14:39:04	6.25276e-1	1.23808e-1	-4.30008e1	5.15634e1	1.10701e2	2.0778179e-4	1.2735128e-3	1.2052934e1	1.0319983	
2022-02-19	14:39:05	6.25276e-1	1.23808e-1	-4.30008e1	5.15634e1	1.10701e2	2.0778179e-4	1.2735128e-3	1.2052934e1	1.0319983	
2022-02-19	14:39:05	6.20542e-1	1.19005e-1	-4.33677e1	5.15634e1	1.10702e2	2.0623207e-4	1.2246370e-3	1.2056291e1	1.0318799	
2022-02-19	14:39:06	-2.34725e-1	1.29019e-1	-4.26171e1	5.15600e1	1.10700e2	-7.8082084e-5	1.3265013e-3	1.2053773e1	1.0568478	
2022-02-19	14:39:06	-2.39329e1	-1.29797e-1	-2.73149e2	5.15600e1	1.11594e2	-8.2999467e-3	-1.3772249e-3	1.2055451e1	1.0519660	
2022-02-19	14:39:07	7.31526e1	8.26492e-1	-2.36041e1	5.15634e1	1.10987e2	2.2272825e-2	8.0541973e-3	1.2054612e1	1.0397188	
2022-02-19	14:39:07	1.31040e2	1.43981	-1.72197e1	5.15634e1	1.10825e2	3.7375271e-2	1.3423085e-2	1.2057130e1	1.0350340	
2022-02-19	14:39:08	1.44088e1	3.53268e-1	-3.27495e1	5.15634e1	1.10739e2	4.7040581e-3	3.5647153e-3	1.2064683e1	1.0327012	
2022-02-19	14:39:08	-1.07755e1	5.98581e-2	-4.95312e1	5.15600e1	1.10706e2	-3.6370754e-3	6.1923265e-4	1.2055451e1	1.0317949	
2022-02-19	14:39:09	-4.81536	8.35116e-2	-4.65942e1	5.15600e1	1.10692e2	-1.6119480e-3	8.6200237e-4	1.2052094e1	1.0313501	
2022-02-19	14:39:09	-6.37837e-1	1.09278e-1	-4.41554e1	5.15634e1	1.10686e2	-2.1231174e-4	1.1253356e-3	1.2054612e1	1.0315003	
2022-02-19	14:39:10	8.13306e-1	1.17601e-1	-4.34790e1	5.15600e1	1.10684e2	2.7018785e-4	1.2101531e-3	1.2056291e1	1.0309960	
2022-02-19	14:39:10	1.29010	1.21149e-1	-4.32051e1	5.15600e1	1.10668e2	4.2825937e-4	1.2460947e-3	1.2056291e1	1.0297598	
2022-02-19	14:39:11	1.27032	1.24118e-1	-4.29824e1	5.15600e1	1.10643e2	4.2158365e-4	1.2760162e-3	1.2068040e1	1.0289609	
2022-02-19	14:39:11	1.13143	1.27704e-1	-4.27184e1	5.15600e1	1.10630e2	3.7550926e-4	1.3123154e-3	1.2057130e1	1.0286514	
2022-02-19	14:39:12	8.85552e-1	1.27842e-1	-4.27090e1	5.15600e1	1.10623e2	2.9397010e-4	1.3136267e-3	1.2052934e1	1.0283912	
2022-02-19	14:39:12	9.47746e-1	1.25810e-1	-4.28584e1	5.15600e1	1.10620e2	3.1459331e-4	1.2929439e-3	1.2057969e1	1.0283576	
2022-02-19	14:39:13	1.01753	1.27125e-1	-4.27617e1	5.15600e1	1.10619e2	3.3771991e-4	1.3062953e-3	1.2054612e1	1.0283695	
2022-02-19	14:39:13	8.81077e-1	1.25394e-1	-4.28893e1	5.15600e1	1.10619e2	2.9247999e-4	1.2887120e-3	1.2051255e1	1.0285016	
2022-02-19	14:39:14	9.51712e-1	1.25252e-1	-4.28996e1	5.15634e1	1.10622e2	3.1590461e-4	1.2872815e-3	1.2058808e1	1.0285589	
2022-02-19	14:39:14	1.00774	1.24641e-1	-4.29450e1	5.15634e1	1.10623e2	3.3450126e-4	1.2810826e-3	1.2056291e1	1.0287423	
2022-02-19	14:39:15	8.05535e-1	1.22867e-1	-4.30780e1	5.15634e1	1.10627e2	2.6744604e-4	1.2630820e-3	1.2052934e1	1.0286594	
2022-02-19	14:39:15	7.43544e-1	1.24364e-1	-4.29652e1	5.15634e1	1.10629e2	2.4688243e-4	1.2783408e-3	1.2058808e1	1.0287144	
2022-02-19	14:39:16	7.25323e-1	1.23760e-1	-4.30104e1	5.15634e1	1.10629e2	2.4086236e-4	1.2722015e-3	1.2051255e1	1.0288453	
2022-02-19	14:39:16	7.42369e-1	1.24110e-1	-4.29837e1	5.15600e1	1.10635e2	2.4652481e-4	1.2758374e-3	1.2054612e1	1.0288958	
2022-02-19	14:39:17	7.40237e-1	1.24844e-1	-4.29289e1	5.15634e1	1.10635e2	2.4580955e-4	1.2832880e-3	1.2059648e1	1.0290956	
2022-02-19	14:39:17	6.26709e-1	1.22881e-1	-4.30761e1	5.15667e1	1.10636e2	2.0813941e-4	1.2633204e-3	1.2053773e1	1.0289958	
2022-02-19	14:39:18	6.71245e-1	1.20501e-1	-4.32576e1	5.15634e1	1.10636e2	2.2292137e-4	1.2391209e-3	1.2065522e1	1.0290255	
2022-02-19	14:39:18	1.03738	1.21160e-1	-4.32072e1	5.15634e1	1.10633e2	3.4433603e-4	1.2457966e-3	1.2058808e1	1.0288302	
2022-02-19	14:39:19	9.62089e-1	1.23983e-1	-4.29937e1	5.15634e1	1.10629e2	3.1936168e-4	1.2744665e-3	1.2063004e1	1.0290843	
2022-02-19	14:39:19	7.24083e-1	1.22088e-1	-4.31363e1	5.15600e1	1.10635e2	2.4044513e-4	1.2552738e-3	1.2063004e1	1.0292562	
2022-02-19	14:39:20	9.13576e-1	1.21268e-1	-4.31983e1	5.15634e1	1.10641e2	3.0332803e-4	1.2469887e-3	1.2068040e1	1.0291736	
2022-02-19	14:39:20	9.40545e-1	1.21032e-1	-4.32163e1	5.15600e1	1.10642e2	3.1226873e-4	1.2446045e-3	1.2056291e1	1.0293115	
2022-02-19	14:39:21	7.20775e-1	1.20839e-1	-4.32311e1	5.15600e1	1.10641e2	2.3937225e-4	1.2426376e-3	1.2067201e1	1.0292484	
2022-02-19	14:39:21	8.63955e-1	1.22064e-1	-4.31376e1	5.15600e1	1.10641e2	2.8687715e-4	1.2550950e-3	1.2057130e1	1.0292317	
2022-02-19	14:39:22	1.08849	1.21192e-1	-4.32042e1	5.15600e1	1.10640e2	3.6132335e-4	1.2462139e-3	1.2055451e1	1.0289130	
2022-02-19	14:39:22	1.07318	1.23834e-1	-4.30039e1	5.15600e1	1.10641e2	3.5625696e-4	1.2730956e-3	1.2054612e1	1.0290701	
2022-02-19	14:39:23	6.51787e-1	1.20379e-1	-4.32667e1	5.15600e1	1.10639e2	2.1648406e-4	1.2379288e-3	1.2065522e1	1.0291067	
2022-02-19	14:39:23	2.94535e-1	1.18584e-1	-4.34061e1	5.15600e1	1.10636e2	9.7870826e-5	1.2196302e-3	1.2053773e1	1.0289578	
2022-02-19	14:39:24	6.77338e-1	1.39459e-1	-4.18936e1	5.15601e1	1.10640e2	2.2494792e-4	1.4317631e-3	1.2052934e1	1.0291093	
2022-02-19	14:39:24	7.41144e-1	1.21848e-1	-4.31544e1	5.15634e1	1.10636e2	2.4610757e-4	1.2528300e-3	1.2057969e1	1.0290993	
2022-02-19	14:39:25	6.90301e-1	9.99567e-2	-4.49749e1	5.15634e1	1.10637e2	2.2923946e-4	1.0297298e-3	1.2056291e1	1.0292016	
2022-02-19	14:39:25	8.12610e-1	1.17044e-1	-4.35268e1	5.15667e1	1.10638e2	2.6983022e-4	1.2039542e-3	1.2056291e1	1.0292826	
2022-02-19	14:39:26	6.21056e-1	1.24804e-1	-4.29316e1	5.15600e1	1.10638e2	2.0629167e-4	1.2829303e-3	1.2055451e1	1.0290615	
