"2022-02-19 at 13:58"
System_Date_(Y-M-D)	System_Time_(h:m:s)	CO₂_(µmol_mol⁻¹)	H₂O_(mmol_mol⁻¹)	H₂O_(°C)	Cell_Temperature_(°C)	Cell_Pressure_(kPa)	CO₂_Absorption	H₂O_Absorption	Input_Voltage_(V)	Flow_Rate_(L_min⁻¹)	
2022-02-19	13:58:27	5.02742e-1	1.37631e-1	-4.20020e1	5.15600e1	1.10822e2	1.6731023e-4	1.4155507e-3	1.2089021e1	1.0355931	
2022-02-19	13:58:27	4.91787e-1	1.40740e-1	-4.17921e1	5.15600e1	1.10823e2	1.6367435e-4	1.4471411e-3	1.2088181e1	1.0355354	
2022-02-19	13:58:28	5.75942e-1	1.39668e-1	-4.18644e1	5.15634e1	1.10818e2	1.9162893e-4	1.4361739e-3	1.2086503e1	1.0356909	
2022-02-19	13:58:28	3.67529e-1	1.37387e-1	-4.20190e1	5.15667e1	1.10818e2	1.2230873e-4	1.4129877e-3	1.2088181e1	1.0355658	
2022-02-19	13:58:29	3.30388e-1	1.41294e-1	-4.17554e1	5.15667e1	1.10819e2	1.0997056e-4	1.4526844e-3	1.2100770e1	1.0354113	
2022-02-19	13:58:29	5.30436e-1	1.42779e-1	-4.16574e1	5.15667e1	1.10815e2	1.7648935e-4	1.4677047e-3	1.2088181e1	1.0355539	
2022-02-19	13:58:30	6.25929e-1	1.39650e-1	-4.18656e1	5.15634e1	1.10818e2	2.0825862e-4	1.4359951e-3	1.2091538e1	1.0353581	
2022-02-19	13:58:30	5.45795e-1	1.41752e-1	-4.17251e1	5.15634e1	1.10818e2	1.8161535e-4	1.4573335e-3	1.2092378e1	1.0355116	
2022-02-19	13:58:31	3.88463e-1	1.42674e-1	-4.16641e1	5.15634e1	1.10818e2	1.2928247e-4	1.4666914e-3	1.2093217e1	1.0355504	
2022-02-19	13:58:31	4.75201e-1	1.39628e-1	-4.18671e1	5.15667e1	1.10818e2	1.5813112e-4	1.4357566e-3	1.2089860e1	1.0354715	
2022-02-19	13:58:32	3.80432e-1	1.40460e-1	-4.18110e1	5.15701e1	1.10820e2	1.2660026e-4	1.4442205e-3	1.2089021e1	1.0353571	
2022-02-19	13:58:32	4.13354e-1	1.40799e-1	-4.17884e1	5.15634e1	1.10819e2	1.3756752e-4	1.4476776e-3	1.2090699e1	1.0355340	
2022-02-19	13:58:33	4.50752e-1	1.39613e-1	-4.18680e1	5.15600e1	1.10818e2	1.5002489e-4	1.4356374e-3	1.2088181e1	1.0355281	
2022-02-19	13:58:33	3.76207e-1	1.40209e-1	-4.18282e1	5.15600e1	1.10816e2	1.2522935e-4	1.4416575e-3	1.2089860e1	1.0354536	
2022-02-19	13:58:34	4.70719e-1	1.41223e-1	-4.17603e1	5.15601e1	1.10817e2	1.5664100e-4	1.4519691e-3	1.2087342e1	1.0352873	
2022-02-19	13:58:34	4.13350e-1	1.41006e-1	-4.17748e1	5.15601e1	1.10817e2	1.3756752e-4	1.4497637e-3	1.2086503e1	1.0354030	
2022-02-19	13:58:35	4.80513e-1	1.43999e-1	-4.15772e1	5.15634e1	1.10815e2	1.5991926e-4	1.4801025e-3	1.2096574e1	1.0355917	
2022-02-19	13:58:35	5.45795e-1	1.40069e-1	-4.18376e1	5.15634e1	1.10816e2	1.8161535e-4	1.4402270e-3	1.2089021e1	1.0353109	
2022-02-19	13:58:36	5.11899e-1	1.37540e-1	-4.20085e1	5.15701e1	1.10818e2	1.7035007e-4	1.4145374e-3	1.2087342e1	1.0354514	
2022-02-19	13:58:36	3.06207e-1	1.36607e-1	-4.20726e1	5.15634e1	1.10817e2	1.0192394e-4	1.4050602e-3	1.2100770e1	1.0354100	
2022-02-19	13:58:37	3.06207e-1	1.36607e-1	-4.20726e1	5.15634e1	1.10817e2	1.0192394e-4	1.4050602e-3	1.2100770e1	1.0354100	
2022-02-19	13:58:37	7.57368e-1	1.39472e-1	-4.18777e1	5.15667e1	1.10817e2	2.5194883e-4	1.4341473e-3	1.2089860e1	1.0354796	
2022-02-19	13:58:38	1.06483	1.42967e-1	-4.16451e1	5.15634e1	1.10813e2	3.5405158e-4	1.4696121e-3	1.2089860e1	1.0353909	
2022-02-19	13:58:38	3.96496e-1	1.43329e-1	-4.16212e1	5.15600e1	1.10813e2	1.3196468e-4	1.4733076e-3	1.2100770e1	1.0352765	
2022-02-19	13:58:39	3.78803e-1	1.58891e-1	-4.06455e1	5.15600e1	1.10811e2	1.2606382e-4	1.6310214e-3	1.2089021e1	1.0353908	
2022-02-19	13:58:39	2.25578e-1	1.45767e-1	-4.14622e1	5.15600e1	1.10813e2	7.5101852e-5	1.4980435e-3	1.2091538e1	1.0351738	
2022-02-19	13:58:40	2.25578e-1	1.45767e-1	-4.14622e1	5.15600e1	1.10813e2	7.5101852e-5	1.4980435e-3	1.2091538e1	1.0351738	
2022-02-19	13:58:40	3.69598e-1	1.31887e-1	-4.24018e1	5.15634e1	1.10817e2	1.2302398e-4	1.3570785e-3	1.2089021e1	1.0351457	
2022-02-19	13:58:41	4.37528e-1	1.36953e-1	-4.20493e1	5.15600e1	1.10811e2	1.4561414e-4	1.4085173e-3	1.2089860e1	1.0351099	
2022-02-19	13:58:41	4.41687e-1	1.42869e-1	-4.16516e1	5.15667e1	1.10813e2	1.4698505e-4	1.4685988e-3	1.2098252e1	1.0349968	
2022-02-19	13:58:42	3.87360e-1	1.41216e-1	-4.17614e1	5.15634e1	1.10810e2	1.2892484e-4	1.4517903e-3	1.2091538e1	1.0352174	
2022-02-19	13:58:42	3.81457e-1	1.38456e-1	-4.19469e1	5.15600e1	1.10810e2	1.2695789e-4	1.4237761e-3	1.2094056e1	1.0351135	
2022-02-19	13:58:43	3.81457e-1	1.38456e-1	-4.19469e1	5.15600e1	1.10810e2	1.2695789e-4	1.4237761e-3	1.2094056e1	1.0351135	
2022-02-19	13:58:43	5.09625e-1	1.40438e-1	-4.18135e1	5.15667e1	1.10809e2	1.6957521e-4	1.4438629e-3	1.2089860e1	1.0352692	
2022-02-19	13:58:44	6.53614e-1	1.38056e-1	-4.19743e1	5.15634e1	1.10807e2	2.1743774e-4	1.4196634e-3	1.2100770e1	1.0352491	
2022-02-19	13:58:44	6.45510e-1	1.39501e-1	-4.18758e1	5.15634e1	1.10815e2	2.1475553e-4	1.4344453e-3	1.2086503e1	1.0320630	
2022-02-19	13:58:45	2.49496e-1	1.42089e-1	-4.17114e1	5.15634e1	1.10716e2	8.2969665e-5	1.4594197e-3	1.2099092e1	1.0331600	
2022-02-19	13:58:45	4.47095e-3	1.43002e-1	-4.16462e1	5.15634e1	1.10773e2	1.4901161e-6	1.4694333e-3	1.2093217e1	1.0343781	
2022-02-19	13:58:46	4.47095e-3	1.43002e-1	-4.16462e1	5.15634e1	1.10773e2	1.4901161e-6	1.4694333e-3	1.2093217e1	1.0343781	
2022-02-19	13:58:46	4.52831e-1	1.38094e-1	-4.19727e1	5.15634e1	1.10796e2	1.5068054e-4	1.4199018e-3	1.2089860e1	1.0349805	
2022-02-19	13:58:47	5.52792e-1	1.42187e-1	-4.16964e1	5.15600e1	1.10816e2	1.8393993e-4	1.4617443e-3	1.2094056e1	1.0355563	
2022-02-19	13:58:47	5.14028e-1	1.40624e-1	-4.18002e1	5.15634e1	1.10818e2	1.7106533e-4	1.4458894e-3	1.2089860e1	1.0355564	
2022-02-19	13:58:48	5.47416e-1	1.40359e-1	-4.18179e1	5.15634e1	1.10819e2	1.8215179e-4	1.4432072e-3	1.2088181e1	1.0355128	
2022-02-19	13:58:48	5.15913e-1	1.39253e-1	-4.18924e1	5.15667e1	1.10818e2	1.7166137e-4	1.4319419e-3	1.2100770e1	1.0353771	
2022-02-19	13:58:49	5.15913e-1	1.39253e-1	-4.18924e1	5.15667e1	1.10818e2	1.7166137e-4	1.4319419e-3	1.2100770e1	1.0353771	
2022-02-19	13:58:49	5.41964e-1	1.38950e-1	-4.19128e1	5.15600e1	1.10818e2	1.8036365e-4	1.4289021e-3	1.2099931e1	1.0353771	
2022-02-19	13:58:50	4.65861e-1	1.39445e-1	-4.18798e1	5.15634e1	1.10814e2	1.5503168e-4	1.4338493e-3	1.2090699e1	1.0352470	
2022-02-19	13:58:50	5.37231e-1	1.36291e-1	-4.20948e1	5.15600e1	1.10810e2	1.7875432e-4	1.4017820e-3	1.2099092e1	1.0349612	
2022-02-19	13:58:51	7.93147e-1	1.39534e-1	-4.18740e1	5.15600e1	1.10811e2	2.6381015e-4	1.4347434e-3	1.2091538e1	1.0349271	
2022-02-19	13:58:51	6.22240e-1	1.40773e-1	-4.17911e1	5.15667e1	1.10809e2	2.0700693e-4	1.4472603e-3	1.2089021e1	1.0350992	
2022-02-19	13:58:52	6.22240e-1	1.40773e-1	-4.17911e1	5.15667e1	1.10809e2	2.0700693e-4	1.4472603e-3	1.2089021e1	1.0350992	
2022-02-19	13:58:52	3.68242e-1	1.40436e-1	-4.18142e1	5.15667e1	1.10802e2	1.2254714e-4	1.4437437e-3	1.2092378e1	1.0349442	
2022-02-19	13:58:53	-7.93509e-1	1.48268e-1	-4.12426e1	5.15634e1	1.11506e2	-2.6631355e-4	1.5329122e-3	1.2085664e1	1.0645152	
2022-02-19	13:58:53	7.63704	1.34220e-1	-4.22078e1	5.15634e1	1.11171e2	2.5261640e-3	1.3852119e-3	1.2093217e1	1.0439344	
2022-02-19	13:58:54	1.06861e1	1.39593e-1	-4.18586e1	5.15634e1	1.10946e2	3.5127997e-3	1.4370679e-3	1.2089860e1	1.0384079	
2022-02-19	13:58:54	9.29481e-1	1.58825e-1	-4.06454e1	5.15634e1	1.10857e2	3.0922889e-4	1.6310214e-3	1.2092378e1	1.0359485	
2022-02-19	13:58:55	9.29481e-1	1.58825e-1	-4.06454e1	5.15634e1	1.10857e2	3.0922889e-4	1.6310214e-3	1.2092378e1	1.0359485	
2022-02-19	13:58:55	9.29481e-1	1.58825e-1	-4.06454e1	5.15634e1	1.10857e2	3.0922889e-4	1.6310214e-3	1.2092378e1	1.0359485	
2022-02-19	13:58:56	-1.59284	1.48288e-1	-4.12999e1	5.15600e1	1.10818e2	-5.3155422e-4	1.5236735e-3	1.2091538e1	1.0348601	
2022-02-19	13:58:56	4.77530e-1	1.40909e-1	-4.17841e1	5.15634e1	1.10784e2	1.5884637e-4	1.4483332e-3	1.2089021e1	1.0339876	
2022-02-19	13:58:57	5.34120e-1	1.40634e-1	-4.18026e1	5.15600e1	1.10782e2	1.7768144e-4	1.4455318e-3	1.2095735e1	1.0339757	
2022-02-19	13:58:57	6.32405e-1	1.36345e-1	-4.20932e1	5.15600e1	1.10786e2	2.1034479e-4	1.4020204e-3	1.2093217e1	1.0341662	
2022-02-19	13:58:58	6.71639e-1	1.38549e-1	-4.19428e1	5.15634e1	1.10784e2	2.2339820e-4	1.4243721e-3	1.2089021e1	1.0339308	
2022-02-19	13:58:58	6.71639e-1	1.38549e-1	-4.19428e1	5.15634e1	1.10784e2	2.2339820e-4	1.4243721e-3	1.2089021e1	1.0339308	
2022-02-19	13:58:59	6.57706e-1	1.38969e-1	-4.19137e1	5.15667e1	1.10792e2	2.1874904e-4	1.4287233e-3	1.2092378e1	1.0342149	
2022-02-19	13:58:59	6.91351e-1	1.39164e-1	-4.19008e1	5.15634e1	1.10790e2	2.2995471e-4	1.4306902e-3	1.2090699e1	1.0343873	
2022-02-19	13:59:00	4.10436e-1	1.37836e-1	-4.19911e1	5.15634e1	1.10787e2	1.3655424e-4	1.4171600e-3	1.2089860e1	1.0343624	
2022-02-19	13:59:00	4.21072e-1	1.37966e-1	-4.19822e1	5.15667e1	1.10787e2	1.4007091e-4	1.4184713e-3	1.2099092e1	1.0343624	
2022-02-19	13:59:01	5.43461e-1	1.39991e-1	-4.18450e1	5.15634e1	1.10790e2	1.8078088e-4	1.4390945e-3	1.2094056e1	1.0342338	
2022-02-19	13:59:01	5.43461e-1	1.39991e-1	-4.18450e1	5.15634e1	1.10790e2	1.8078088e-4	1.4390945e-3	1.2094056e1	1.0342338	
2022-02-19	13:59:02	6.65538e-1	1.38530e-1	-4.19437e1	5.15600e1	1.10789e2	2.2137165e-4	1.4242529e-3	1.2091538e1	1.0343530	
2022-02-19	13:59:02	4.69551e-1	1.39215e-1	-4.18973e1	5.15600e1	1.10790e2	1.5622377e-4	1.4312267e-3	1.2085664e1	1.0342633	
2022-02-19	13:59:03	4.91792e-1	1.39832e-1	-4.18561e1	5.15634e1	1.10786e2	1.6361474e-4	1.4374256e-3	1.2085664e1	1.0342713	
2022-02-19	13:59:03	6.24301e-1	1.36710e-1	-4.20678e1	5.15600e1	1.10790e2	2.0766258e-4	1.4057755e-3	1.2091538e1	1.0342928	
2022-02-19	13:59:04	6.07644e-1	1.35495e-1	-4.21514e1	5.15634e1	1.10791e2	2.0211935e-4	1.3934373e-3	1.2095735e1	1.0344654	
2022-02-19	13:59:04	6.07644e-1	1.35495e-1	-4.21514e1	5.15634e1	1.10791e2	2.0211935e-4	1.3934373e-3	1.2095735e1	1.0344654	
2022-02-19	13:59:05	3.70113e-1	1.34665e-1	-4.22092e1	5.15600e1	1.10788e2	1.2314319e-4	1.3849735e-3	1.2089021e1	1.0344027	
2022-02-19	13:59:05	3.25587e-1	1.36046e-1	-4.21133e1	5.15634e1	1.10792e2	1.0836124e-4	1.3990402e-3	1.2094056e1	1.0344891	
2022-02-19	13:59:06	3.53916e-1	1.37674e-1	-4.20018e1	5.15667e1	1.10791e2	1.1777877e-4	1.4155507e-3	1.2092378e1	1.0343626	
2022-02-19	13:59:06	3.24554e-1	1.39397e-1	-4.18848e1	5.15667e1	1.10792e2	1.0800361e-4	1.4330744e-3	1.2089021e1	1.0342988	
2022-02-19	13:59:07	4.68330e-1	1.40224e-1	-4.18292e1	5.15667e1	1.10792e2	1.5580654e-4	1.4414787e-3	1.2089860e1	1.0342788	
2022-02-19	13:59:07	5.44557e-1	1.37522e-1	-4.20124e1	5.15600e1	1.10788e2	1.8113851e-4	1.4140009e-3	1.2104966e1	1.0344889	
2022-02-19	13:59:08	5.08123e-1	1.35838e-1	-4.21279e1	5.15600e1	1.10788e2	1.6903877e-4	1.3968944e-3	1.2100770e1	1.0342904	
2022-02-19	13:59:08	5.02882e-1	1.34691e-1	-4.22074e1	5.15667e1	1.10789e2	1.6731023e-4	1.3852119e-3	1.2089860e1	1.0342030	
2022-02-19	13:59:09	5.15848e-1	1.35669e-1	-4.21395e1	5.15667e1	1.10790e2	1.7160177e-4	1.3951659e-3	1.2087342e1	1.0343295	
2022-02-19	13:59:09	4.59383e-1	1.37772e-1	-4.19954e1	5.15667e1	1.10787e2	1.5282630e-4	1.4165043e-3	1.2094895e1	1.0343044	
2022-02-19	13:59:10	3.75498e-1	1.37786e-1	-4.19947e1	5.15634e1	1.10785e2	1.2493133e-4	1.4166235e-3	1.2106645e1	1.0341271	
2022-02-19	13:59:10	4.84141e-1	1.34488e-1	-4.22214e1	5.15634e1	1.10790e2	1.6105175e-4	1.3831853e-3	1.2088181e1	1.0343567	
2022-02-19	13:59:11	9.97237e-1	1.35021e-1	-4.21848e1	5.15600e1	1.10784e2	3.3152103e-4	1.3885498e-3	1.2091538e1	1.0341566	
2022-02-19	13:59:11	6.36678e-1	1.38254e-1	-4.19625e1	5.15567e1	1.10788e2	2.1177530e-4	1.4214515e-3	1.2096574e1	1.0343376	
2022-02-19	13:59:12	1.14952e-1	1.36571e-1	-4.20780e1	5.15567e1	1.10782e2	3.8266181e-5	1.4042854e-3	1.2089860e1	1.0340915	
2022-02-19	13:59:12	2.52929e-1	1.47390e-1	-4.13600e1	5.15600e1	1.10786e2	8.4161758e-5	1.5141367e-3	1.2088181e1	1.0341567	
2022-02-19	13:59:13	4.60742e-1	1.47352e-1	-4.13625e1	5.15634e1	1.10785e2	1.5330314e-4	1.5137195e-3	1.2092378e1	1.0340858	
2022-02-19	13:59:13	5.61611e-1	1.28872e-1	-4.26204e1	5.15634e1	1.10785e2	1.8680095e-4	1.3260245e-3	1.2088181e1	1.0341804	
2022-02-19	13:59:14	3.91118e-1	1.31892e-1	-4.24043e1	5.15634e1	1.10784e2	1.3011693e-4	1.3567209e-3	1.2089860e1	1.0341471	
2022-02-19	13:59:14	4.09201e-1	1.43258e-1	-4.16282e1	5.15600e1	1.10787e2	1.3613700e-4	1.4722347e-3	1.2088181e1	1.0340198	
2022-02-19	13:59:15	4.40510e-1	1.38120e-1	-4.19720e1	5.15600e1	1.10784e2	1.4656782e-4	1.4200210e-3	1.2094895e1	1.0341589	
2022-02-19	13:59:15	3.79775e-1	1.34584e-1	-4.22152e1	5.15634e1	1.10783e2	1.2636184e-4	1.3840794e-3	1.2088181e1	1.0341235	
2022-02-19	13:59:16	3.79775e-1	1.34584e-1	-4.22152e1	5.15634e1	1.10783e2	1.2636184e-4	1.3840794e-3	1.2088181e1	1.0341235	
2022-02-19	13:59:16	4.00912e-1	1.38663e-1	-4.19356e1	5.15667e1	1.10779e2	1.3339519e-4	1.4254450e-3	1.2089021e1	1.0337934	
2022-02-19	13:59:17	5.15001e-1	1.40432e-1	-4.18167e1	5.15634e1	1.10776e2	1.7130374e-4	1.4433860e-3	1.2086503e1	1.0336478	
2022-02-19	13:59:17	4.84341e-1	1.37216e-1	-4.20338e1	5.15667e1	1.10782e2	1.6111135e-4	1.4107823e-3	1.2100770e1	1.0341967	
2022-02-19	13:59:18	6.97186e-1	1.38076e-1	-4.19747e1	5.15634e1	1.10787e2	2.3186206e-4	1.4196038e-3	1.2104127e1	1.0341343	
2022-02-19	13:59:18	5.71208e-1	1.37064e-1	-4.20440e1	5.15634e1	1.10785e2	1.9001960e-4	1.4092922e-3	1.2097413e1	1.0341826	
2022-02-19	13:59:19	5.71208e-1	1.37064e-1	-4.20440e1	5.15634e1	1.10785e2	1.9001960e-4	1.4092922e-3	1.2097413e1	1.0341826	
2022-02-19	13:59:19	4.01102e-1	1.37219e-1	-4.20327e1	5.15634e1	1.10792e2	1.3345479e-4	1.4109611e-3	1.2085664e1	1.0341771	
2022-02-19	13:59:20	3.84573e-1	1.39776e-1	-4.18596e1	5.15634e1	1.10789e2	1.2797117e-4	1.4368891e-3	1.2094056e1	1.0342124	
2022-02-19	13:59:20	5.71279e-1	1.37829e-1	-4.19918e1	5.15667e1	1.10784e2	1.9001960e-4	1.4170408e-3	1.2089860e1	1.0339592	
"2022-02-19 at 14:11"
System_Date_(Y-M-D)	System_Time_(h:m:s)	CO₂_(µmol_mol⁻¹)	H₂O_(mmol_mol⁻¹)	H₂O_(°C)	Cell_Temperature_(°C)	Cell_Pressure_(kPa)	CO₂_Absorption	H₂O_Absorption	Input_Voltage_(V)	Flow_Rate_(L_min⁻¹)	
2022-02-19	14:11:09	6.89922e-1	1.32668e-1	-4.23684e1	5.15634e1	1.10559e2	2.2894144e-4	1.3618469e-3	1.2087342e1	1.0233576	
2022-02-19	14:11:09	6.45573e-1	1.32621e-1	-4.23717e1	5.15634e1	1.10559e2	2.1421909e-4	1.3613700e-3	1.2104127e1	1.0232619	
2022-02-19	14:11:10	6.45573e-1	1.32621e-1	-4.23717e1	5.15634e1	1.10559e2	2.1421909e-4	1.3613700e-3	1.2104127e1	1.0232619	
2022-02-19	14:11:10	5.94099e-1	1.32650e-1	-4.23695e1	5.15667e1	1.10561e2	1.9717216e-4	1.3616681e-3	1.2091538e1	1.0232645	
2022-02-19	14:11:11	5.29261e-1	1.33321e-1	-4.23225e1	5.15634e1	1.10559e2	1.7565488e-4	1.3684630e-3	1.2088181e1	1.0233024	
2022-02-19	14:11:12	5.46954e-1	1.32623e-1	-4.23714e1	5.15600e1	1.10562e2	1.8155574e-4	1.3614296e-3	1.2099092e1	1.0230706	
2022-02-19	14:11:12	8.10207e-1	1.31078e-1	-4.24812e1	5.15634e1	1.10558e2	2.6881694e-4	1.3456940e-3	1.2092378e1	1.0233932	
2022-02-19	14:11:12	7.69744e-1	1.34996e-1	-4.22057e1	5.15634e1	1.10558e2	2.5540590e-4	1.3854503e-3	1.2086503e1	1.0231623	
2022-02-19	14:11:13	7.69744e-1	1.34996e-1	-4.22057e1	5.15634e1	1.10558e2	2.5540590e-4	1.3854503e-3	1.2086503e1	1.0231623	
2022-02-19	14:11:13	5.74320e-1	1.34533e-1	-4.22375e1	5.15634e1	1.10562e2	1.9061565e-4	1.3808012e-3	1.2090699e1	1.0233353	
2022-02-19	14:11:14	3.80297e-1	1.32596e-1	-4.23737e1	5.15667e1	1.10557e2	1.2624263e-4	1.3610720e-3	1.2088181e1	1.0232362	
2022-02-19	14:11:15	5.12864e-1	1.30945e-1	-4.24903e1	5.15667e1	1.10562e2	1.7023086e-4	1.3443827e-3	1.2090699e1	1.0232323	
2022-02-19	14:11:15	4.60021e-1	1.33269e-1	-4.23259e1	5.15600e1	1.10562e2	1.5270709e-4	1.3679862e-3	1.2070558e1	1.0318139	
2022-02-19	14:11:15	3.69989e-2	1.40918e-1	-4.17722e1	5.15600e1	1.10917e2	1.2338161e-5	1.4501810e-3	1.2077271e1	1.0522546	
2022-02-19	14:11:16	3.69989e-2	1.40918e-1	-4.17722e1	5.15600e1	1.10917e2	1.2338161e-5	1.4501810e-3	1.2077271e1	1.0522546	
2022-02-19	14:11:16	2.08168	1.20375e-1	-4.32091e1	5.15634e1	1.11332e2	6.9475173e-4	1.2456178e-3	1.2081468e1	1.0611207	
2022-02-19	14:11:17	1.21317	1.24514e-1	-4.28938e1	5.15600e1	1.11347e2	4.0543079e-4	1.2881755e-3	1.2090699e1	1.0575321	
2022-02-19	14:11:18	5.45397e-1	1.26931e-1	-4.27245e1	5.15600e1	1.11232e2	1.8221139e-4	1.3115406e-3	1.2079789e1	1.0501450	
2022-02-19	14:11:18	-2.75607e-1	1.35421e-1	-4.21345e1	5.15667e1	1.11052e2	-9.2029571e-5	1.3959407e-3	1.2077271e1	1.0456275	
2022-02-19	14:11:18	-4.43631e-1	1.38918e-1	-4.19004e1	5.15667e1	1.10990e2	-1.4805793e-4	1.4307498e-3	1.2079789e1	1.0442936	
2022-02-19	14:11:19	1.14436e-1	1.37028e-1	-4.20301e1	5.15634e1	1.10978e2	3.8146972e-5	1.4113783e-3	1.2079789e1	1.0444623	
2022-02-19	14:11:20	6.42137e-1	1.35871e-1	-4.21090e1	5.15634e1	1.10985e2	2.1398067e-4	1.3996958e-3	1.2080628e1	1.0451835	
2022-02-19	14:11:20	8.21945e-1	1.31432e-1	-4.24186e1	5.15634e1	1.11002e2	2.7388334e-4	1.3546943e-3	1.2079789e1	1.0464308	
2022-02-19	14:11:21	8.42364e-1	1.31634e-1	-4.24029e1	5.15600e1	1.11018e2	2.8073787e-4	1.3569593e-3	1.2078111e1	1.0472420	
2022-02-19	14:11:21	9.00860e-1	1.32688e-1	-4.23263e1	5.15600e1	1.11041e2	3.0028820e-4	1.3679862e-3	1.2082307e1	1.0482391	
2022-02-19	14:11:21	6.10366e-1	1.30065e-1	-4.25114e1	5.15634e1	1.11059e2	2.0354986e-4	1.3414621e-3	1.2085664e1	1.0490933	
2022-02-19	14:11:22	5.01125e-1	1.31928e-1	-4.23771e1	5.15634e1	1.11075e2	1.6719102e-4	1.3606548e-3	1.2078950e1	1.0498250	
2022-02-19	14:11:22	4.15626e-1	1.33325e-1	-4.22772e1	5.15667e1	1.11092e2	1.3870000e-4	1.3750791e-3	1.2078950e1	1.0506951	
2022-02-19	14:11:23	6.49340e-1	1.32034e-1	-4.23663e1	5.15667e1	1.11115e2	2.1666288e-4	1.3622045e-3	1.2087342e1	1.0513817	
2022-02-19	14:11:24	8.45151e-1	1.29234e-1	-4.25650e1	5.15600e1	1.11134e2	2.8198957e-4	1.3338923e-3	1.2081468e1	1.0519045	
2022-02-19	14:11:24	4.82908e-1	1.28791e-1	-4.25958e1	5.15634e1	1.11149e2	1.6123056e-4	1.3295412e-3	1.2086503e1	1.0524715	
2022-02-19	14:11:24	4.84400e-1	1.33466e-1	-4.22610e1	5.15634e1	1.11167e2	1.6176700e-4	1.3774633e-3	1.2078111e1	1.0527763	
2022-02-19	14:11:25	7.48662e-1	1.34146e-1	-4.22128e1	5.15601e1	1.11174e2	2.4992227e-4	1.3844966e-3	1.2093217e1	1.0530381	
2022-02-19	14:11:25	6.82647e-1	1.34408e-1	-4.21938e1	5.15567e1	1.11183e2	2.2792816e-4	1.3872981e-3	1.2082307e1	1.0534313	
2022-02-19	14:11:26	6.17693e-1	1.33623e-1	-4.22475e1	5.15634e1	1.11196e2	2.0629167e-4	1.3794302e-3	1.2079789e1	1.0541253	
2022-02-19	14:11:27	1.00495	1.29134e-1	-4.25684e1	5.15601e1	1.11178e2	3.3539533e-4	1.3334155e-3	1.2079789e1	1.0530999	
2022-02-19	14:11:27	5.07602e-1	1.29009e-1	-4.25769e1	5.15600e1	1.11186e2	1.6951560e-4	1.3322234e-3	1.2082307e1	1.0531408	
2022-02-19	14:11:27	5.07602e-1	1.29009e-1	-4.25769e1	5.15600e1	1.11186e2	1.6951560e-4	1.3322234e-3	1.2082307e1	1.0531408	
2022-02-19	14:11:28	1.07048e-1	1.30976e-1	-4.24358e1	5.15634e1	1.11183e2	3.5762786e-5	1.3522505e-3	1.2077271e1	1.0531342	
2022-02-19	14:11:28	5.92217e-1	1.47518e-1	-4.13182e1	5.15634e1	1.11181e2	1.9776821e-4	1.5208125e-3	1.2090699e1	1.0533576	
2022-02-19	14:11:29	6.67025e-1	1.26221e-1	-4.27798e1	5.15600e1	1.11195e2	2.2274255e-4	1.3038516e-3	1.2074754e1	1.0536795	
2022-02-19	14:11:30	5.21935e-1	1.28858e-1	-4.25869e1	5.15634e1	1.11196e2	1.7434358e-4	1.3307929e-3	1.2075593e1	1.0538100	
2022-02-19	14:11:30	5.34123e-1	1.30332e-1	-4.24805e1	5.15634e1	1.11199e2	1.7839670e-4	1.3458728e-3	1.2078111e1	1.0539933	
2022-02-19	14:11:30	5.34123e-1	1.30332e-1	-4.24805e1	5.15634e1	1.11199e2	1.7839670e-4	1.3458728e-3	1.2078111e1	1.0539933	
2022-02-19	14:11:31	6.64310e-1	1.30566e-1	-4.24634e1	5.15634e1	1.11204e2	2.2184848e-4	1.3483166e-3	1.2079789e1	1.0541821	
2022-02-19	14:11:31	4.07709e-1	1.33640e-1	-4.22447e1	5.15600e1	1.11215e2	1.3619661e-4	1.3798475e-3	1.2077271e1	1.0544995	
2022-02-19	14:11:32	5.03843e-1	1.30614e-1	-4.24589e1	5.15600e1	1.11216e2	1.6832351e-4	1.3489723e-3	1.2079789e1	1.0546125	
2022-02-19	14:11:33	2.44696e-1	1.32716e-1	-4.23096e1	5.15600e1	1.11216e2	8.1777572e-5	1.3704299e-3	1.2084825e1	1.0544012	
2022-02-19	14:11:33	4.93865e-1	1.34674e-1	-4.21725e1	5.15634e1	1.11216e2	1.6498565e-4	1.3903975e-3	1.2078111e1	1.0544000	
2022-02-19	14:11:33	4.93865e-1	1.34674e-1	-4.21725e1	5.15634e1	1.11216e2	1.6498565e-4	1.3903975e-3	1.2078111e1	1.0544000	
2022-02-19	14:11:34	6.55234e-1	1.33110e-1	-4.22820e1	5.15634e1	1.11215e2	2.1886825e-4	1.3744235e-3	1.2080628e1	1.0542397	
2022-02-19	14:11:34	5.45475e-1	1.34166e-1	-4.22078e1	5.15667e1	1.11217e2	1.8221139e-4	1.3852119e-3	1.2081468e1	1.0542383	
2022-02-19	14:11:35	8.47756e-1	1.33753e-1	-4.22373e1	5.15634e1	1.11210e2	2.8306245e-4	1.3809204e-3	1.2078111e1	1.0541180	
2022-02-19	14:11:36	7.62335e-1	1.30317e-1	-4.24807e1	5.15567e1	1.11210e2	2.5457143e-4	1.3458728e-3	1.2078950e1	1.0541087	
2022-02-19	14:11:36	7.91912e-1	1.29999e-1	-4.25037e1	5.15600e1	1.11208e2	2.6446580e-4	1.3425946e-3	1.2076432e1	1.0541158	
2022-02-19	14:11:37	7.91912e-1	1.29999e-1	-4.25037e1	5.15600e1	1.11208e2	2.6446580e-4	1.3425946e-3	1.2076432e1	1.0541158	
2022-02-19	14:11:37	7.67920e-1	1.33754e-1	-4.22374e1	5.15600e1	1.11208e2	2.5641918e-4	1.3809204e-3	1.2077271e1	1.0542094	
2022-02-19	14:11:37	5.11563e-1	1.30716e-1	-4.24525e1	5.15634e1	1.11205e2	1.7088651e-4	1.3498663e-3	1.2075593e1	1.0542305	
2022-02-19	14:11:38	7.45167e-1	1.29551e-1	-4.25359e1	5.15634e1	1.11208e2	2.4884939e-4	1.3380050e-3	1.2080628e1	1.0539402	
2022-02-19	14:11:39	7.45167e-1	1.29551e-1	-4.25359e1	5.15634e1	1.11208e2	2.4884939e-4	1.3380050e-3	1.2080628e1	1.0539402	
2022-02-19	14:11:39	5.87999e-1	1.33618e-1	-4.22467e1	5.15634e1	1.11210e2	1.9639730e-4	1.3795495e-3	1.2094056e1	1.0539654	
2022-02-19	14:11:39	5.87999e-1	1.33618e-1	-4.22467e1	5.15634e1	1.11210e2	1.9639730e-4	1.3795495e-3	1.2094056e1	1.0539654	
2022-02-19	14:11:40	5.87999e-1	1.33618e-1	-4.22467e1	5.15634e1	1.11210e2	1.9639730e-4	1.3795495e-3	1.2094056e1	1.0539654	
2022-02-19	14:11:40	7.09634e-1	1.31656e-1	-4.23855e1	5.15634e1	1.11205e2	2.3698806e-4	1.3594627e-3	1.2080628e1	1.0540273	
2022-02-19	14:11:41	6.32858e-1	1.32953e-1	-4.22944e1	5.15600e1	1.11199e2	2.1135807e-4	1.3726353e-3	1.2074754e1	1.0540477	
2022-02-19	14:11:42	7.23697e-1	1.31531e-1	-4.23943e1	5.15600e1	1.11206e2	2.4169683e-4	1.3582110e-3	1.2076432e1	1.0538666	
2022-02-19	14:11:42	7.66638e-1	1.29603e-1	-4.25325e1	5.15667e1	1.11205e2	2.5600194e-4	1.3384819e-3	1.2077271e1	1.0539742	
2022-02-19	14:11:42	7.99256e-1	1.31817e-1	-4.23743e1	5.15667e1	1.11203e2	2.6684999e-4	1.3610720e-3	1.2078111e1	1.0538889	
2022-02-19	14:11:43	7.99256e-1	1.31817e-1	-4.23743e1	5.15667e1	1.11203e2	2.6684999e-4	1.3610720e-3	1.2078111e1	1.0538889	
2022-02-19	14:11:43	5.96946e-1	1.33943e-1	-4.22246e1	5.15634e1	1.11202e2	1.9937753e-4	1.3827681e-3	1.2086503e1	1.0540784	
2022-02-19	14:11:44	3.54362e-1	1.31489e-1	-4.23981e1	5.15600e1	1.11197e2	1.1837482e-4	1.3576745e-3	1.2073075e1	1.0537718	
2022-02-19	14:11:45	4.41934e-1	1.29687e-1	-4.25272e1	5.15600e1	1.11196e2	1.4764070e-4	1.3392567e-3	1.2075593e1	1.0536205	
2022-02-19	14:11:45	5.13826e-1	1.31391e-1	-4.24051e1	5.15600e1	1.11196e2	1.7160177e-4	1.3566613e-3	1.2089860e1	1.0536193	
2022-02-19	14:11:45	5.77950e-1	1.33455e-1	-4.22594e1	5.15634e1	1.11195e2	1.9299983e-4	1.3777017e-3	1.2078111e1	1.0535397	
2022-02-19	14:11:46	5.77950e-1	1.33455e-1	-4.22594e1	5.15634e1	1.11195e2	1.9299983e-4	1.3777017e-3	1.2078111e1	1.0535397	
2022-02-19	14:11:46	7.17795e-1	1.29033e-1	-4.25748e1	5.15600e1	1.11190e2	2.3967027e-4	1.3325214e-3	1.2085664e1	1.0532582	
2022-02-19	14:11:47	5.85918e-1	1.31954e-1	-4.23657e1	5.15600e1	1.11190e2	1.9568204e-4	1.3623237e-3	1.2076432e1	1.0532976	
2022-02-19	14:11:48	4.23465e-1	1.36405e-1	-4.20552e1	5.15634e1	1.11187e2	1.4144182e-4	1.4076828e-3	1.2076432e1	1.0532459	
2022-02-19	14:11:48	6.80514e-1	1.33426e-1	-4.22623e1	5.15600e1	1.11185e2	2.2721290e-4	1.3772845e-3	1.2083146e1	1.0530993	
2022-02-19	14:11:48	7.18177e-1	1.28990e-1	-4.25787e1	5.15567e1	1.11181e2	2.3978948e-4	1.3319849e-3	1.2080628e1	1.0529402	
2022-02-19	14:11:49	7.18177e-1	1.28990e-1	-4.25787e1	5.15567e1	1.11181e2	2.3978948e-4	1.3319849e-3	1.2080628e1	1.0529402	
2022-02-19	14:11:49	4.82775e-1	1.33971e-1	-4.22251e1	5.15600e1	1.11173e2	1.6123056e-4	1.3827085e-3	1.2074754e1	1.0528658	
2022-02-19	14:11:50	4.99755e-1	1.35157e-1	-4.21426e1	5.15567e1	1.11172e2	1.6689300e-4	1.3948082e-3	1.2075593e1	1.0524446	
2022-02-19	14:11:51	5.49618e-1	1.32417e-1	-4.23342e1	5.15634e1	1.11175e2	1.8352270e-4	1.3668537e-3	1.2079789e1	1.0525730	
2022-02-19	14:11:51	3.67783e-1	1.33994e-1	-4.22242e1	5.15634e1	1.11165e2	1.2284517e-4	1.3828277e-3	1.2082307e1	1.0525150	
2022-02-19	14:11:51	4.69879e-1	1.31780e-1	-4.23805e1	5.15634e1	1.11160e2	1.5687942e-4	1.3601779e-3	1.2077271e1	1.0525398	
2022-02-19	14:11:52	4.69879e-1	1.31780e-1	-4.23805e1	5.15634e1	1.11160e2	1.5687942e-4	1.3601779e-3	1.2077271e1	1.0525398	
2022-02-19	14:11:52	4.58216e-1	1.35081e-1	-4.21492e1	5.15667e1	1.11157e2	1.5300512e-4	1.3937950e-3	1.2089021e1	1.0521465	
2022-02-19	14:11:53	3.69343e-1	1.34556e-1	-4.21857e1	5.15667e1	1.11156e2	1.2332201e-4	1.3884305e-3	1.2078111e1	1.0520135	
2022-02-19	14:11:54	6.21713e-1	1.33116e-1	-4.22868e1	5.15634e1	1.11152e2	2.0754337e-4	1.3737082e-3	1.2073915e1	1.0521239	
2022-02-19	14:11:54	7.23114e-1	1.34195e-1	-4.22116e1	5.15600e1	1.11147e2	2.4133920e-4	1.3846755e-3	1.2074754e1	1.0518395	
2022-02-19	14:11:55	7.10276e-1	1.36965e-1	-4.20199e1	5.15600e1	1.11149e2	2.3704767e-4	1.4129281e-3	1.2079789e1	1.0516101	
2022-02-19	14:11:55	7.10276e-1	1.36965e-1	-4.20199e1	5.15600e1	1.11149e2	2.3704767e-4	1.4129281e-3	1.2079789e1	1.0516101	
2022-02-19	14:11:55	5.60376e-1	1.38374e-1	-4.19250e1	5.15600e1	1.11136e2	1.8703937e-4	1.4271140e-3	1.2088181e1	1.0515800	
2022-02-19	14:11:56	5.54800e-1	1.38294e-1	-4.19305e1	5.15600e1	1.11134e2	1.8519163e-4	1.4262795e-3	1.2078111e1	1.0513219	
2022-02-19	14:11:57	5.68738e-1	1.32903e-1	-4.23034e1	5.15600e1	1.11134e2	1.8984079e-4	1.3713240e-3	1.2079789e1	1.0512651	
2022-02-19	14:11:57	3.99541e-1	1.33613e-1	-4.22537e1	5.15600e1	1.11132e2	1.3339519e-4	1.3785362e-3	1.2075593e1	1.0513117	
2022-02-19	14:11:57	5.30618e-1	1.35384e-1	-4.21307e1	5.15600e1	1.11127e2	1.7708539e-4	1.3965368e-3	1.2081468e1	1.0511487	
2022-02-19	14:11:58	8.61179e-1	1.33380e-1	-4.22708e1	5.15634e1	1.11123e2	2.8729438e-4	1.3760328e-3	1.2075593e1	1.0512163	
2022-02-19	14:11:58	7.28828e-1	1.34869e-1	-4.21671e1	5.15634e1	1.11119e2	2.4318695e-4	1.3911724e-3	1.2088181e1	1.0509558	
2022-02-19	14:11:59	5.64913e-1	1.33161e-1	-4.22869e1	5.15600e1	1.11114e2	1.8852949e-4	1.3737082e-3	1.2074754e1	1.0508694	
2022-02-19	14:12:00	5.77496e-1	1.33040e-1	-4.22954e1	5.15634e1	1.11113e2	1.9270181e-4	1.3724565e-3	1.2089021e1	1.0508346	
2022-02-19	14:12:00	6.20734e-1	1.34457e-1	-4.21965e1	5.15600e1	1.11110e2	2.0712614e-4	1.3868808e-3	1.2078111e1	1.0507352	
2022-02-19	14:12:00	1.09830	1.34650e-1	-4.21833e1	5.15634e1	1.11107e2	3.6621093e-4	1.3887882e-3	1.2078950e1	1.0504479	
2022-02-19	14:12:01	7.22927e-1	1.35655e-1	-4.21140e1	5.15634e1	1.11103e2	2.4116039e-4	1.3989806e-3	1.2076432e1	1.0503902	
2022-02-19	14:12:01	7.54885e-2	1.33804e-1	-4.22427e1	5.15567e1	1.11103e2	2.5212764e-5	1.3801455e-3	1.2082307e1	1.0504181	
2022-02-19	14:12:02	4.71752e-1	1.45782e-1	-4.14371e1	5.15567e1	1.11097e2	1.5741586e-4	1.5020370e-3	1.2076432e1	1.0502352	
2022-02-19	14:12:03	5.96622e-1	1.56976e-1	-4.07364e1	5.15600e1	1.11096e2	1.9907951e-4	1.6157627e-3	1.2078111e1	1.0502029	
2022-02-19	14:12:03	4.78762e-1	1.40440e-1	-4.17895e1	5.15634e1	1.11091e2	1.5974044e-4	1.4475584e-3	1.2073915e1	1.0500408	
2022-02-19	14:12:03	4.96267e-1	1.27129e-1	-4.27216e1	5.15667e1	1.11092e2	1.6558170e-4	1.3118982e-3	1.2087342e1	1.0500326	
2022-02-19	14:12:04	4.94907e-1	1.32712e-1	-4.23208e1	5.15667e1	1.11086e2	1.6510486e-4	1.3687610e-3	1.2078950e1	1.0498392	
2022-02-19	14:12:04	5.33800e-1	1.33560e-1	-4.22609e1	5.15634e1	1.11090e2	1.7809867e-4	1.3774633e-3	1.2091538e1	1.0497286	
2022-02-19	14:12:05	4.74292e-1	1.33437e-1	-4.22698e1	5.15667e1	1.11086e2	1.5825033e-4	1.3761520e-3	1.2076432e1	1.0496058	
2022-02-19	14:12:06	6.45437e-1	1.35371e-1	-4.21355e1	5.15600e1	1.11081e2	2.1529197e-4	1.3958215e-3	1.2078111e1	1.0494194	
2022-02-19	14:12:06	6.84534e-1	1.32993e-1	-4.23017e1	5.15600e1	1.11079e2	2.2834539e-4	1.3715624e-3	1.2080628e1	1.0491871	
2022-02-19	14:12:06	6.84534e-1	1.32993e-1	-4.23017e1	5.15600e1	1.11079e2	2.2834539e-4	1.3715624e-3	1.2080628e1	1.0491871	
2022-02-19	14:12:07	7.11053e-1	1.31704e-1	-4.23926e1	5.15600e1	1.11081e2	2.3716688e-4	1.3584494e-3	1.2089860e1	1.0493252	
2022-02-19	14:12:07	4.83947e-1	1.36042e-1	-4.20897e1	5.15634e1	1.11074e2	1.6146898e-4	1.4025568e-3	1.2079789e1	1.0491353	
2022-02-19	14:12:08	5.17398e-1	1.35283e-1	-4.21423e1	5.15634e1	1.11072e2	1.7261505e-4	1.3948082e-3	1.2074754e1	1.0490576	
2022-02-19	14:12:09	6.78438e-1	1.31094e-1	-4.24371e1	5.15600e1	1.11068e2	2.2625923e-4	1.3520717e-3	1.2075593e1	1.0490032	
2022-02-19	14:12:09	6.76629e-1	1.28676e-1	-4.26109e1	5.15634e1	1.11067e2	2.2566318e-4	1.3273954e-3	1.2077271e1	1.0489441	
2022-02-19	14:12:09	5.26409e-1	1.31592e-1	-4.24016e1	5.15634e1	1.11068e2	1.7559528e-4	1.3571381e-3	1.2085664e1	1.0487149	
2022-02-19	14:12:10	3.80682e-1	1.32857e-1	-4.23127e1	5.15634e1	1.11061e2	1.2701749e-4	1.3699531e-3	1.2078111e1	1.0488306	
