"2022-03-19 at 11:27"
System_Date_(Y-M-D)	System_Time_(h:m:s)	CO₂_(µmol_mol⁻¹)	H₂O_(mmol_mol⁻¹)	H₂O_(°C)	Cell_Temperature_(°C)	Cell_Pressure_(kPa)	CO₂_Absorption	H₂O_Absorption	Input_Voltage_(V)	Flow_Rate_(L_min⁻¹)	
2022-03-19	11:27:27	1.00715	1.04115e-1	-4.41295e1	5.15634e1	1.16502e2	3.5363435e-4	1.1289715e-3	1.2063844e1	1.0662819	
2022-03-19	11:27:28	7.59035e-1	1.05076e-1	-4.40451e1	5.15634e1	1.16501e2	2.6661157e-4	1.1392831e-3	1.2059648e1	1.0662853	
2022-03-19	11:27:28	5.74241e-1	1.05220e-1	-4.40326e1	5.15600e1	1.16500e2	2.0176172e-4	1.1408329e-3	1.2072236e1	1.0662910	
2022-03-19	11:27:29	5.74241e-1	1.05220e-1	-4.40326e1	5.15600e1	1.16500e2	2.0176172e-4	1.1408329e-3	1.2072236e1	1.0662910	
2022-03-19	11:27:29	6.94719e-1	1.05370e-1	-4.40194e1	5.15667e1	1.16502e2	2.4402141e-4	1.1424422e-3	1.2062165e1	1.0662808	
2022-03-19	11:27:30	5.82221e-1	1.02896e-1	-4.42378e1	5.15634e1	1.16501e2	2.0456314e-4	1.1158585e-3	1.2062165e1	1.0662865	
2022-03-19	11:27:30	9.12985e-1	1.03822e-1	-4.41555e1	5.15634e1	1.16501e2	3.2061338e-4	1.1258125e-3	1.2057969e1	1.0662865	
2022-03-19	11:27:31	8.07278e-1	1.01990e-1	-4.43187e1	5.15634e1	1.16504e2	2.8353929e-4	1.1061429e-3	1.2061326e1	1.0662751	
2022-03-19	11:27:31	6.52708e-1	9.90373e-2	-4.45878e1	5.15701e1	1.16503e2	2.2929906e-4	1.0743737e-3	1.2069718e1	1.0662773	
2022-03-19	11:27:32	6.52708e-1	9.90373e-2	-4.45878e1	5.15701e1	1.16503e2	2.2929906e-4	1.0743737e-3	1.2069718e1	1.0662773	
2022-03-19	11:27:32	8.26863e-1	1.04793e-1	-4.40699e1	5.15634e1	1.16501e2	2.9039382e-4	1.1362433e-3	1.2058808e1	1.0662865	
2022-03-19	11:27:33	8.03713e-1	1.04642e-1	-4.40831e1	5.15634e1	1.16502e2	2.8228759e-4	1.1346340e-3	1.2073075e1	1.0662808	
2022-03-19	11:27:33	1.31267	1.01091e-1	-4.43999e1	5.15600e1	1.16503e2	4.6074390e-4	1.0964870e-3	1.2059648e1	1.0662785	
2022-03-19	11:27:34	1.57014	1.02849e-1	-4.42418e1	5.15600e1	1.16503e2	5.5092573e-4	1.1153817e-3	1.2073915e1	1.0662773	
2022-03-19	11:27:34	5.30940e-1	1.01593e-1	-4.43542e1	5.15634e1	1.16506e2	1.8656253e-4	1.1019110e-3	1.2070558e1	1.0662624	
2022-03-19	11:27:35	5.30940e-1	1.01593e-1	-4.43542e1	5.15634e1	1.16506e2	1.8656253e-4	1.1019110e-3	1.2070558e1	1.0662624	
2022-03-19	11:27:35	8.04170e-1	1.12971e-1	-4.33762e1	5.15634e1	1.16508e2	2.8246641e-4	1.2241005e-3	1.2060487e1	1.0662544	
2022-03-19	11:27:36	7.25579e-1	1.13466e-1	-4.33362e1	5.15634e1	1.16502e2	2.5486946e-4	1.2293457e-3	1.2058808e1	1.0663081	
2022-03-19	11:27:36	5.43842e-1	1.05556e-1	-4.40030e1	5.15634e1	1.16504e2	1.9109249e-4	1.1444687e-3	1.2057969e1	1.0663152	
2022-03-19	11:27:37	5.47737e-1	1.04228e-1	-4.41196e1	5.15667e1	1.16501e2	1.9246339e-4	1.1301636e-3	1.2059648e1	1.0663028	
2022-03-19	11:27:37	6.06669e-1	1.03852e-1	-4.41529e1	5.15667e1	1.16500e2	2.1314620e-4	1.1261105e-3	1.2061326e1	1.0662922	
2022-03-19	11:27:38	5.56483e-1	1.03157e-1	-4.42145e1	5.15634e1	1.16500e2	1.9550323e-4	1.1186599e-3	1.2070558e1	1.0662888	
2022-03-19	11:27:38	4.73239e-1	1.04484e-1	-4.40968e1	5.15600e1	1.16504e2	1.6629695e-4	1.1329650e-3	1.2066361e1	1.0662705	
2022-03-19	11:27:39	3.91956e-1	1.03263e-1	-4.42052e1	5.15634e1	1.16499e2	1.3774633e-4	1.1197924e-3	1.2077271e1	1.0662945	
2022-03-19	11:27:39	5.41841e-1	9.89424e-2	-4.45965e1	5.15701e1	1.16504e2	1.9037723e-4	1.0733604e-3	1.2058808e1	1.0662739	
2022-03-19	11:27:40	6.64309e-1	1.02387e-1	-4.42833e1	5.15667e1	1.16500e2	2.3335218e-4	1.1103749e-3	1.2059648e1	1.0662997	
2022-03-19	11:27:40	6.15870e-1	1.03909e-1	-4.41476e1	5.15634e1	1.16503e2	2.1636486e-4	1.1267662e-3	1.2059648e1	1.0662785	
2022-03-19	11:27:41	5.66797e-1	1.03191e-1	-4.42115e1	5.15667e1	1.16500e2	1.9913911e-4	1.1190176e-3	1.2063004e1	1.0662888	
2022-03-19	11:27:41	7.03796e-1	1.03188e-1	-4.42115e1	5.15667e1	1.16504e2	2.4724006e-4	1.1190176e-3	1.2058808e1	1.0662728	
2022-03-19	11:27:42	9.02597e-1	9.86162e-2	-4.46270e1	5.15600e1	1.16499e2	3.1697750e-4	1.0698437e-3	1.2063004e1	1.0662945	
2022-03-19	11:27:42	7.18119e-1	1.06036e-1	-4.39615e1	5.15634e1	1.16501e2	2.5224685e-4	1.1495947e-3	1.2061326e1	1.0662842	
2022-03-19	11:27:43	7.18119e-1	1.06036e-1	-4.39615e1	5.15634e1	1.16501e2	2.5224685e-4	1.1495947e-3	1.2061326e1	1.0662842	
2022-03-19	11:27:43	6.06339e-1	1.04720e-1	-4.40763e1	5.15634e1	1.16503e2	2.1302700e-4	1.1354684e-3	1.2062165e1	1.0662796	
2022-03-19	11:27:44	6.06339e-1	1.04720e-1	-4.40763e1	5.15634e1	1.16503e2	2.1302700e-4	1.1354684e-3	1.2062165e1	1.0662796	
2022-03-19	11:27:44	7.26814e-1	1.02263e-1	-4.42942e1	5.15667e1	1.16503e2	2.5528669e-4	1.1090636e-3	1.2063004e1	1.0662763	
2022-03-19	11:27:45	4.33705e-1	9.99243e-2	-4.45063e1	5.15667e1	1.16502e2	1.5240907e-4	1.0839104e-3	1.2059648e1	1.0662831	
2022-03-19	11:27:45	8.32180e-1	1.01962e-1	-4.43212e1	5.15634e1	1.16503e2	2.9230117e-4	1.1058449e-3	1.2060487e1	1.0662773	
2022-03-19	11:27:46	6.26762e-1	1.03397e-1	-4.41928e1	5.15634e1	1.16504e2	2.2017955e-4	1.1212825e-3	1.2069718e1	1.0662705	
2022-03-19	11:27:46	6.04653e-1	1.02467e-1	-4.42759e1	5.15634e1	1.16503e2	2.1243095e-4	1.1112689e-3	1.2058808e1	1.0662773	
2022-03-19	11:27:47	6.04653e-1	1.02467e-1	-4.42759e1	5.15634e1	1.16503e2	2.1243095e-4	1.1112689e-3	1.2058808e1	1.0662773	
2022-03-19	11:27:47	6.24875e-1	1.04430e-1	-4.41017e1	5.15600e1	1.16503e2	2.1952390e-4	1.1323690e-3	1.2058808e1	1.0662785	
2022-03-19	11:27:48	6.68309e-1	1.05793e-1	-4.39824e1	5.15567e1	1.16503e2	2.3478269e-4	1.1470317e-3	1.2068879e1	1.0662763	
2022-03-19	11:27:48	7.74272e-1	1.03675e-1	-4.41682e1	5.15634e1	1.16504e2	2.7197599e-4	1.1242628e-3	1.2060487e1	1.0662705	
2022-03-19	11:27:49	5.93107e-1	1.06039e-1	-4.39611e1	5.15600e1	1.16503e2	2.0837783e-4	1.1496543e-3	1.2069718e1	1.0662763	
2022-03-19	11:27:49	5.24133e-1	1.02634e-1	-4.42605e1	5.15634e1	1.16509e2	1.8417835e-4	1.1131167e-3	1.2060487e1	1.0662499	
2022-03-19	11:27:50	5.24133e-1	1.02634e-1	-4.42605e1	5.15634e1	1.16509e2	1.8417835e-4	1.1131167e-3	1.2060487e1	1.0662499	
2022-03-19	11:27:50	7.20524e-1	9.97510e-2	-4.45220e1	5.15667e1	1.16504e2	2.5308132e-4	1.0820627e-3	1.2062165e1	1.0662751	
2022-03-19	11:27:51	6.01276e-1	1.05384e-1	-4.40181e1	5.15601e1	1.16503e2	2.1123886e-4	1.1426210e-3	1.2071397e1	1.0662785	
2022-03-19	11:27:51	7.78544e-1	1.03836e-1	-4.41541e1	5.15600e1	1.16503e2	2.7346611e-4	1.1259913e-3	1.2060487e1	1.0662773	
2022-03-19	11:27:52	8.96113e-1	1.02007e-1	-4.43168e1	5.15600e1	1.16508e2	3.1471252e-4	1.1063814e-3	1.2074754e1	1.0662556	
2022-03-19	11:27:52	7.41079e-1	1.01185e-1	-4.43917e1	5.15667e1	1.16499e2	2.6029348e-4	1.0974407e-3	1.2060487e1	1.0662980	
2022-03-19	11:27:53	7.41079e-1	1.01185e-1	-4.43917e1	5.15667e1	1.16499e2	2.6029348e-4	1.0974407e-3	1.2060487e1	1.0662980	
2022-03-19	11:27:53	6.71376e-1	1.02379e-1	-4.42838e1	5.15667e1	1.16503e2	2.3585557e-4	1.1103153e-3	1.2061326e1	1.0662773	
2022-03-19	11:27:54	6.74936e-1	1.03927e-1	-4.41457e1	5.15634e1	1.16508e2	2.3710727e-4	1.1270046e-3	1.2061326e1	1.0662534	
2022-03-19	11:27:54	6.22482e-1	1.00769e-1	-4.44290e1	5.15634e1	1.16504e2	2.1868944e-4	1.0930299e-3	1.2063004e1	1.0662716	
2022-03-19	11:27:55	6.61382e-1	9.64643e-2	-4.48282e1	5.15634e1	1.16503e2	2.3233890e-4	1.0467171e-3	1.2068879e1	1.0662796	
2022-03-19	11:27:55	7.01908e-1	1.02475e-1	-4.42749e1	5.15634e1	1.16507e2	2.4658441e-4	1.1113882e-3	1.2064683e1	1.0662591	
2022-03-19	11:27:56	7.01908e-1	1.02475e-1	-4.42749e1	5.15634e1	1.16507e2	2.4658441e-4	1.1113882e-3	1.2064683e1	1.0662591	
2022-03-19	11:27:56	6.57818e-1	1.02232e-1	-4.42968e1	5.15634e1	1.16505e2	2.3108720e-4	1.1087656e-3	1.2061326e1	1.0662682	
2022-03-19	11:27:57	6.79215e-1	1.04486e-1	-4.40967e1	5.15634e1	1.16503e2	2.3859739e-4	1.1329650e-3	1.2065522e1	1.0662773	
2022-03-19	11:27:57	5.90844e-1	1.03648e-1	-4.41707e1	5.15634e1	1.16504e2	2.0760297e-4	1.1239647e-3	1.2071397e1	1.0662739	
2022-03-19	11:27:58	7.72780e-1	1.01495e-1	-4.43632e1	5.15634e1	1.16504e2	2.7143955e-4	1.1008381e-3	1.2073075e1	1.0662716	
2022-03-19	11:27:58	8.54562e-1	1.04421e-1	-4.41025e1	5.15667e1	1.16503e2	3.0010938e-4	1.1322498e-3	1.2059648e1	1.0662773	
2022-03-19	11:27:59	8.54562e-1	1.04421e-1	-4.41025e1	5.15667e1	1.16503e2	3.0010938e-4	1.1322498e-3	1.2059648e1	1.0662773	
2022-03-19	11:27:59	5.86117e-1	1.02222e-1	-4.42977e1	5.15667e1	1.16505e2	2.0593404e-4	1.1086463e-3	1.2058808e1	1.0662671	
2022-03-19	11:28:00	4.84398e-1	1.02095e-1	-4.43092e1	5.15667e1	1.16504e2	1.7023086e-4	1.1072754e-3	1.2060487e1	1.0662705	
2022-03-19	11:28:00	6.05301e-1	1.01104e-1	-4.43983e1	5.15634e1	1.16508e2	2.1266937e-4	1.0966658e-3	1.2069718e1	1.0662544	
2022-03-19	11:28:01	7.92169e-1	1.01642e-1	-4.43502e1	5.15634e1	1.16501e2	2.7823448e-4	1.1023879e-3	1.2073075e1	1.0662842	
2022-03-19	11:28:01	6.29938e-1	1.01038e-1	-4.44043e1	5.15634e1	1.16507e2	2.2131204e-4	1.0959506e-3	1.2067201e1	1.0662579	
2022-03-19	11:28:02	6.29938e-1	1.01038e-1	-4.44043e1	5.15634e1	1.16507e2	2.2131204e-4	1.0959506e-3	1.2067201e1	1.0662579	
2022-03-19	11:28:02	8.14413e-1	1.06080e-1	-4.39576e1	5.15634e1	1.16501e2	2.8604269e-4	1.1500716e-3	1.2074754e1	1.0662842	
2022-03-19	11:28:03	7.18759e-1	1.02403e-1	-4.42815e1	5.15600e1	1.16505e2	2.5248527e-4	1.1106133e-3	1.2070558e1	1.0662659	
2022-03-19	11:28:03	7.60258e-1	1.01162e-1	-4.43934e1	5.15600e1	1.16504e2	2.6702880e-4	1.0972619e-3	1.2059648e1	1.0662751	
2022-03-19	11:28:04	8.43983e-1	1.04635e-1	-4.40836e1	5.15634e1	1.16504e2	2.9641389e-4	1.1345744e-3	1.2061326e1	1.0662716	
2022-03-19	11:28:04	7.87373e-1	1.07636e-1	-4.38232e1	5.15634e1	1.16505e2	2.7656555e-4	1.1668205e-3	1.2072236e1	1.0662671	
2022-03-19	11:28:05	7.87373e-1	1.07636e-1	-4.38232e1	5.15634e1	1.16505e2	2.7656555e-4	1.1668205e-3	1.2072236e1	1.0662671	
2022-03-19	11:28:05	7.53076e-1	1.01574e-1	-4.43561e1	5.15667e1	1.16504e2	2.6452541e-4	1.1016726e-3	1.2060487e1	1.0662728	
2022-03-19	11:28:06	5.81189e-1	1.02510e-1	-4.42719e1	5.15667e1	1.16506e2	2.0420551e-4	1.1117458e-3	1.2061326e1	1.0662636	
2022-03-19	11:28:06	6.74612e-1	1.04823e-1	-4.40670e1	5.15634e1	1.16504e2	2.3698806e-4	1.1366009e-3	1.2058808e1	1.0662705	
2022-03-19	11:28:07	7.40814e-1	1.05648e-1	-4.39948e1	5.15634e1	1.16507e2	2.6023387e-4	1.1454820e-3	1.2063004e1	1.0662602	
2022-03-19	11:28:07	1.22587	1.05473e-1	-4.40103e1	5.15600e1	1.16503e2	4.3034553e-4	1.1435747e-3	1.2066361e1	1.0662773	
2022-03-19	11:28:08	1.22587	1.05473e-1	-4.40103e1	5.15600e1	1.16503e2	4.3034553e-4	1.1435747e-3	1.2066361e1	1.0662773	
2022-03-19	11:28:08	4.50749e-1	9.96495e-2	-4.45313e1	5.15634e1	1.16504e2	1.5836954e-4	1.0809898e-3	1.2062165e1	1.0662716	
2022-03-19	11:28:09	7.01919e-1	1.13567e-1	-4.33275e1	5.15667e1	1.16508e2	2.4658441e-4	1.2304782e-3	1.2064683e1	1.0662567	
2022-03-19	11:28:09	7.78511e-1	1.24821e-1	-4.24485e1	5.15701e1	1.16508e2	2.7346611e-4	1.3510584e-3	1.2063844e1	1.0662544	
2022-03-19	11:28:10	5.79182e-1	1.11421e-1	-4.35039e1	5.15667e1	1.16509e2	2.0349025e-4	1.2074708e-3	1.2058808e1	1.0662847	
2022-03-19	11:28:10	7.57284e-1	1.05596e-1	-4.39991e1	5.15634e1	1.16509e2	2.6601552e-4	1.1449456e-3	1.2063004e1	1.0662859	
2022-03-19	11:28:11	8.67006e-1	1.06561e-1	-4.39154e1	5.15634e1	1.16509e2	3.0452013e-4	1.1553168e-3	1.2069718e1	1.0662574	
2022-03-19	11:28:11	6.10618e-1	1.05170e-1	-4.40364e1	5.15634e1	1.16508e2	2.1451711e-4	1.1403560e-3	1.2058808e1	1.0662567	
2022-03-19	11:28:12	5.23291e-1	1.07600e-1	-4.38261e1	5.15634e1	1.16508e2	1.8388032e-4	1.1664628e-3	1.2066361e1	1.0662534	
2022-03-19	11:28:12	8.54951e-1	1.03225e-1	-4.42075e1	5.15667e1	1.16512e2	3.0028820e-4	1.1194944e-3	1.2071397e1	1.0662350	
2022-03-19	11:28:13	9.81416e-1	9.99654e-2	-4.45017e1	5.15667e1	1.16512e2	3.4463405e-4	1.0844469e-3	1.2065522e1	1.0662362	
2022-03-19	11:28:13	7.06253e-1	1.04076e-1	-4.41475e1	5.15634e1	1.16318e2	2.4765729e-4	1.1267662e-3	1.2057969e1	1.0671249	
2022-03-19	11:28:14	2.75290e-1	1.09547e-1	-4.36688e1	5.15667e1	1.16406e2	9.6678733e-5	1.1863112e-3	1.2058808e1	1.0667203	
2022-03-19	11:28:14	5.47412e-1	1.04393e-1	-4.41079e1	5.15667e1	1.16466e2	1.9228458e-4	1.1315941e-3	1.2063844e1	1.0664445	
2022-03-19	11:28:15	1.25209	1.00507e-1	-4.44537e1	5.15634e1	1.16492e2	4.3946504e-4	1.0901093e-3	1.2064683e1	1.0663254	
2022-03-19	11:28:15	1.12838	1.02434e-1	-4.42789e1	5.15634e1	1.16502e2	3.9613246e-4	1.1109113e-3	1.2060487e1	1.0662808	
2022-03-19	11:28:16	8.77249e-1	9.92926e-2	-4.45639e1	5.15634e1	1.16507e2	3.0809640e-4	1.0771751e-3	1.2076432e1	1.0662602	
2022-03-19	11:28:16	7.58709e-1	1.01475e-1	-4.43647e1	5.15634e1	1.16508e2	2.6649236e-4	1.1006593e-3	1.2061326e1	1.0662522	
2022-03-19	11:28:17	6.11525e-1	1.00834e-1	-4.44224e1	5.15634e1	1.16512e2	2.1487474e-4	1.0938048e-3	1.2058808e1	1.0662373	
2022-03-19	11:28:17	7.78941e-1	1.01968e-1	-4.43197e1	5.15634e1	1.16515e2	2.7364492e-4	1.1060237e-3	1.2058808e1	1.0662201	
2022-03-19	11:28:18	9.43143e-1	1.06978e-1	-4.38790e1	5.15634e1	1.16514e2	3.3122301e-4	1.1598467e-3	1.2071397e1	1.0662248	
2022-03-19	11:28:18	7.84778e-1	1.04564e-1	-4.40894e1	5.15634e1	1.16509e2	2.7567148e-4	1.1338591e-3	1.2062165e1	1.0662487	
2022-03-19	11:28:19	8.43723e-1	1.02180e-1	-4.43008e1	5.15634e1	1.16514e2	2.9635429e-4	1.1082887e-3	1.2063004e1	1.0662258	
2022-03-19	11:28:19	9.68760e-1	1.03377e-1	-4.41938e1	5.15634e1	1.16514e2	3.4022331e-4	1.1211633e-3	1.2063004e1	1.0662248	
2022-03-19	11:28:20	8.44575e-1	1.02341e-1	-4.42863e1	5.15667e1	1.16514e2	2.9665231e-4	1.1100172e-3	1.2060487e1	1.0662248	
2022-03-19	11:28:20	9.19340e-1	1.02928e-1	-4.42343e1	5.15634e1	1.16508e2	3.2287836e-4	1.1162757e-3	1.2063844e1	1.0662544	
2022-03-19	11:28:21	8.29651e-1	1.01856e-1	-4.43302e1	5.15634e1	1.16510e2	2.9140710e-4	1.1047720e-3	1.2061326e1	1.0662454	
2022-03-19	11:28:21	6.72010e-1	1.00888e-1	-4.44175e1	5.15600e1	1.16513e2	2.3609399e-4	1.0944008e-3	1.2072236e1	1.0662339	
2022-03-19	11:28:22	7.62982e-1	1.02885e-1	-4.42379e1	5.15600e1	1.16513e2	2.6804208e-4	1.1158585e-3	1.2059648e1	1.0662339	
2022-03-19	11:28:22	7.27837e-1	1.01863e-1	-4.43293e1	5.15600e1	1.16513e2	2.5570392e-4	1.1048913e-3	1.2059648e1	1.0662293	
2022-03-19	11:28:23	6.39916e-1	1.00018e-1	-4.44968e1	5.15600e1	1.16512e2	2.2482872e-4	1.0850429e-3	1.2078950e1	1.0662362	
2022-03-19	11:28:23	8.84652e-1	1.00593e-1	-4.44440e1	5.15667e1	1.16516e2	3.1071901e-4	1.0912418e-3	1.2060487e1	1.0662178	
2022-03-19	11:28:24	8.12475e-1	1.03842e-1	-4.41529e1	5.15667e1	1.16511e2	2.8538703e-4	1.1261105e-3	1.2059648e1	1.0662419	
2022-03-19	11:28:24	7.22463e-1	1.03584e-1	-4.41756e1	5.15634e1	1.16513e2	2.5379657e-4	1.1233687e-3	1.2068879e1	1.0662339	
2022-03-19	11:28:25	7.04964e-1	1.04724e-1	-4.40752e1	5.15667e1	1.16511e2	2.4765729e-4	1.1355876e-3	1.2063844e1	1.0662395	
2022-03-19	11:28:25	7.04964e-1	1.04724e-1	-4.40752e1	5.15667e1	1.16511e2	2.4765729e-4	1.1355876e-3	1.2063844e1	1.0662395	
2022-03-19	11:28:26	6.99251e-1	1.04981e-1	-4.40529e1	5.15634e1	1.16508e2	2.4563074e-4	1.1383295e-3	1.2061326e1	1.0662522	
2022-03-19	11:28:26	7.78156e-1	1.04783e-1	-4.40700e1	5.15600e1	1.16512e2	2.7334690e-4	1.1362433e-3	1.2075593e1	1.0662385	
2022-03-19	11:28:27	7.78156e-1	1.04783e-1	-4.40700e1	5.15600e1	1.16512e2	2.7334690e-4	1.1362433e-3	1.2075593e1	1.0662385	
2022-03-19	11:28:27	6.46543e-1	1.03369e-1	-4.41952e1	5.15667e1	1.16506e2	2.2715330e-4	1.1209845e-3	1.2059648e1	1.0662624	
2022-03-19	11:28:28	6.74734e-1	1.03798e-1	-4.41570e1	5.15600e1	1.16509e2	2.3704767e-4	1.1256337e-3	1.2063004e1	1.0662510	
2022-03-19	11:28:28	8.61614e-1	1.04931e-1	-4.40574e1	5.15600e1	1.16507e2	3.0261278e-4	1.1377930e-3	1.2061326e1	1.0662579	
2022-03-19	11:28:29	8.61614e-1	1.04931e-1	-4.40574e1	5.15600e1	1.16507e2	3.0261278e-4	1.1377930e-3	1.2061326e1	1.0662579	
2022-03-19	11:28:29	9.64359e-1	1.02327e-1	-4.42878e1	5.15667e1	1.16513e2	3.3867359e-4	1.1098384e-3	1.2065522e1	1.0662339	
2022-03-19	11:28:30	7.57162e-1	1.03775e-1	-4.41588e1	5.15667e1	1.16511e2	2.6595592e-4	1.1253952e-3	1.2061326e1	1.0662407	
2022-03-19	11:28:30	9.21554e-1	1.02168e-1	-4.43022e1	5.15667e1	1.16510e2	3.2365322e-4	1.1081099e-3	1.2068879e1	1.0662442	
2022-03-19	11:28:31	9.16616e-1	1.01611e-1	-4.43522e1	5.15634e1	1.16512e2	3.2192468e-4	1.1021494e-3	1.2061326e1	1.0662373	
2022-03-19	11:28:31	8.35950e-1	1.02423e-1	-4.42793e1	5.15667e1	1.16510e2	2.9361248e-4	1.1108517e-3	1.2059648e1	1.0662430	
2022-03-19	11:28:32	8.35950e-1	1.02423e-1	-4.42793e1	5.15667e1	1.16510e2	2.9361248e-4	1.1108517e-3	1.2059648e1	1.0662430	
2022-03-19	11:28:32	7.60006e-1	1.02401e-1	-4.42814e1	5.15634e1	1.16509e2	2.6696920e-4	1.1106133e-3	1.2059648e1	1.0662510	
2022-03-19	11:28:33	6.66240e-1	1.01167e-1	-4.43924e1	5.15600e1	1.16511e2	2.3406744e-4	1.0973811e-3	1.2058808e1	1.0662407	
2022-03-19	11:28:33	8.11828e-1	1.07346e-1	-4.38479e1	5.15667e1	1.16508e2	2.8514862e-4	1.1637210e-3	1.2071397e1	1.0662534	
2022-03-19	11:28:34	6.83236e-1	1.05935e-1	-4.39697e1	5.15634e1	1.16508e2	2.4002790e-4	1.1485815e-3	1.2064683e1	1.0662522	
2022-03-19	11:28:34	7.78163e-1	1.02638e-1	-4.42601e1	5.15634e1	1.16510e2	2.7334690e-4	1.1131763e-3	1.2058808e1	1.0662430	
2022-03-19	11:28:35	7.78163e-1	1.02638e-1	-4.42601e1	5.15634e1	1.16510e2	2.7334690e-4	1.1131763e-3	1.2058808e1	1.0662430	
2022-03-19	11:28:35	9.11567e-1	1.03643e-1	-4.41706e1	5.15667e1	1.16510e2	3.2013654e-4	1.1239647e-3	1.2061326e1	1.0662454	
2022-03-19	11:28:36	9.52343e-1	1.05883e-1	-4.39741e1	5.15600e1	1.16509e2	3.3444166e-4	1.1480450e-3	1.2062165e1	1.0662487	
2022-03-19	11:28:36	4.58783e-1	1.04575e-1	-4.40886e1	5.15600e1	1.16508e2	1.6123056e-4	1.1339783e-3	1.2066361e1	1.0662544	
2022-03-19	11:28:37	6.53856e-1	1.02820e-1	-4.42438e1	5.15600e1	1.16510e2	2.2971630e-4	1.1151432e-3	1.2065522e1	1.0662454	
2022-03-19	11:28:37	4.78944e-1	1.04594e-1	-4.40866e1	5.15600e1	1.16512e2	1.6832351e-4	1.1342167e-3	1.2063004e1	1.0662373	
2022-03-19	11:28:38	4.78944e-1	1.04594e-1	-4.40866e1	5.15600e1	1.16512e2	1.6832351e-4	1.1342167e-3	1.2063004e1	1.0662373	
2022-03-19	11:28:38	-9.21203e1	1.11255e-1	-4.35125e1	5.15600e1	1.16576e2	-3.7252068e-2	1.2063980e-3	1.2063004e1	1.0659446	
2022-03-19	11:28:39	8.17488e3	1.16532e-1	-4.30691e1	5.15634e1	1.16752e2	4.2659087e-1	1.2649297e-3	1.2066361e1	1.0651397	
2022-03-19	11:28:39	2.74919e4	1.04965e-1	-4.40367e1	5.15600e1	1.16732e2	5.3233928e-1	1.1403560e-3	1.2060487e1	1.0652321	
2022-03-19	11:28:40	5.93169e3	9.32326e-2	-4.51255e1	5.15634e1	1.16671e2	3.8764869e-1	1.0133981e-3	1.2053773e1	1.0655117	
2022-03-19	11:28:40	3.78987e3	9.90903e-2	-4.45727e1	5.15634e1	1.16633e2	3.2965493e-1	1.0761618e-3	1.2058808e1	1.0656841	
2022-03-19	11:28:41	3.78987e3	9.90903e-2	-4.45727e1	5.15634e1	1.16633e2	3.2965493e-1	1.0761618e-3	1.2058808e1	1.0656841	
2022-03-19	11:28:41	2.35234e3	1.02659e-1	-4.42492e1	5.15634e1	1.16624e2	2.6810967e-1	1.1144876e-3	1.2073075e1	1.0657253	
2022-03-19	11:28:42	2.05446e3	1.16286e-1	-4.30864e1	5.15600e1	1.16780e2	2.5160276e-1	1.2626051e-3	1.2058808e1	1.0650098	
2022-03-19	11:28:42	6.29383e3	1.26067e-1	-4.23264e1	5.15600e1	1.16872e2	3.9536433e-1	1.3687014e-3	1.2073915e1	1.0645928	
2022-03-19	11:28:43	2.23905e4	1.37531e-1	-4.15169e1	5.15634e1	1.16771e2	5.1948003e-1	1.4903545e-3	1.2064683e1	1.0650553	
2022-03-19	11:28:43	1.01887e4	1.10611e-1	-4.35613e1	5.15667e1	1.16636e2	4.5087804e-1	1.2000799e-3	1.2057130e1	1.0656867	
2022-03-19	11:28:44	1.01887e4	1.10611e-1	-4.35613e1	5.15667e1	1.16636e2	4.5087804e-1	1.2000799e-3	1.2057130e1	1.0656867	
2022-03-19	11:28:44	1.99237e3	8.50014e-2	-4.59696e1	5.15634e1	1.16578e2	2.4755506e-1	9.2387199e-4	1.2064683e1	1.0659779	
2022-03-19	11:28:45	9.08083e1	1.14836e-1	-4.32233e1	5.15667e1	1.16522e2	2.8521299e-2	1.2442469e-3	1.2062165e1	1.0661892	
2022-03-19	11:28:45	1.03224e2	1.13675e-1	-4.33180e1	5.15667e1	1.16516e2	3.1968235e-2	1.2317299e-3	1.2071397e1	1.0662168	
2022-03-19	11:28:46	1.04133e2	1.11337e-1	-4.35108e1	5.15667e1	1.16510e2	3.2215356e-2	1.2065768e-3	1.2064683e1	1.0662465	
2022-03-19	11:28:46	8.12958e1	1.10484e-1	-4.35823e1	5.15600e1	1.16504e2	2.5810956e-2	1.1973977e-3	1.2064683e1	1.0662705	
2022-03-19	11:28:47	8.12958e1	1.10484e-1	-4.35823e1	5.15600e1	1.16504e2	2.5810956e-2	1.1973977e-3	1.2064683e1	1.0662705	
2022-03-19	11:28:47	5.73700e1	1.05975e-1	-4.39663e1	5.15634e1	1.16507e2	1.8739521e-2	1.1489987e-3	1.2059648e1	1.0662591	
2022-03-19	11:28:48	4.89862e1	1.04608e-1	-4.40860e1	5.15634e1	1.16503e2	1.6165435e-2	1.1342763e-3	1.2057969e1	1.0662763	
2022-03-19	11:28:48	3.99771e1	1.05988e-1	-4.39653e1	5.15634e1	1.16505e2	1.3341426e-2	1.1491179e-3	1.2059648e1	1.0662659	
2022-03-19	11:28:49	3.46848e1	1.05536e-1	-4.40045e1	5.15600e1	1.16507e2	1.1653006e-2	1.1442899e-3	1.2062165e1	1.0662614	
2022-03-19	11:28:49	2.96941e1	1.04149e-1	-4.41262e1	5.15600e1	1.16507e2	1.0039985e-2	1.1293888e-3	1.2065522e1	1.0662602	
2022-03-19	11:28:50	2.96941e1	1.04149e-1	-4.41262e1	5.15600e1	1.16507e2	1.0039985e-2	1.1293888e-3	1.2065522e1	1.0662602	
2022-03-19	11:28:50	2.10858e1	1.06039e-1	-4.39606e1	5.15600e1	1.16508e2	7.2092413e-3	1.1497139e-3	1.2058808e1	1.0662522	
2022-03-19	11:28:51	1.71964e1	1.06021e-1	-4.39624e1	5.15634e1	1.16505e2	5.9092044e-3	1.1494755e-3	1.2064683e1	1.0662682	
2022-03-19	11:28:51	1.44292e1	1.04282e-1	-4.41147e1	5.15667e1	1.16504e2	4.9763321e-3	1.1307597e-3	1.2061326e1	1.0662751	
2022-03-19	11:28:52	1.23335e1	1.05494e-1	-4.40083e1	5.15634e1	1.16505e2	4.2654871e-3	1.1438131e-3	1.2058808e1	1.0662682	
2022-03-19	11:28:52	1.07971e1	1.05800e-1	-4.39816e1	5.15667e1	1.16506e2	3.7417411e-3	1.1470913e-3	1.2060487e1	1.0662648	
2022-03-19	11:28:53	1.07971e1	1.05800e-1	-4.39816e1	5.15667e1	1.16506e2	3.7417411e-3	1.1470913e-3	1.2060487e1	1.0662648	
2022-03-19	11:28:53	8.39325	1.07160e-1	-4.38636e1	5.15667e1	1.16512e2	2.9181838e-3	1.1617541e-3	1.2059648e1	1.0662373	
2022-03-19	11:28:54	7.40033	1.04449e-1	-4.40996e1	5.15667e1	1.16508e2	2.5762915e-3	1.1326074e-3	1.2074754e1	1.0662534	
2022-03-19	11:28:54	6.29205	1.01297e-1	-4.43807e1	5.15634e1	1.16509e2	2.1937489e-3	1.0987520e-3	1.2060487e1	1.0662499	
2022-03-19	11:28:55	5.51719	1.04099e-1	-4.41306e1	5.15600e1	1.16507e2	1.9255876e-3	1.1288523e-3	1.2074754e1	1.0662591	
2022-03-19	11:28:55	5.45988	1.08058e-1	-4.37868e1	5.15600e1	1.16510e2	1.9057989e-3	1.1714100e-3	1.2058808e1	1.0662430	
2022-03-19	11:28:56	5.45988	1.08058e-1	-4.37868e1	5.15600e1	1.16510e2	1.9057989e-3	1.1714100e-3	1.2058808e1	1.0662430	
2022-03-19	11:28:56	4.73944	1.04867e-1	-4.40627e1	5.15634e1	1.16511e2	1.6559362e-3	1.1371374e-3	1.2063004e1	1.0662395	
2022-03-19	11:28:57	4.40730	1.04652e-1	-4.40816e1	5.15634e1	1.16510e2	1.5405416e-3	1.1348128e-3	1.2059648e1	1.0662465	
2022-03-19	11:28:57	4.40318	1.03172e-1	-4.42125e1	5.15667e1	1.16510e2	1.5391111e-3	1.1188983e-3	1.2063004e1	1.0662465	
2022-03-19	11:28:58	4.07274	1.05723e-1	-4.39875e1	5.15634e1	1.16515e2	1.4243125e-3	1.1463761e-3	1.2077271e1	1.0662213	
2022-03-19	11:28:58	3.83857	1.06735e-1	-4.39000e1	5.15634e1	1.16514e2	1.3428330e-3	1.1572241e-3	1.2062165e1	1.0662282	
2022-03-19	11:28:59	3.51232	1.08203e-1	-4.37744e1	5.15634e1	1.16510e2	1.2292265e-3	1.1729598e-3	1.2062165e1	1.0662430	
2022-03-19	11:28:59	3.33919	1.09817e-1	-4.36376e1	5.15634e1	1.16512e2	1.1689066e-3	1.1903047e-3	1.2058808e1	1.0662350	
2022-03-19	11:29:00	3.23970	1.07704e-1	-4.38169e1	5.15667e1	1.16512e2	1.1342167e-3	1.1675953e-3	1.2061326e1	1.0662385	
2022-03-19	11:29:00	3.05267	1.06424e-1	-4.39272e1	5.15701e1	1.16510e2	1.0690093e-3	1.1538267e-3	1.2057969e1	1.0662430	
2022-03-19	11:29:01	2.93553	1.02507e-1	-4.42719e1	5.15667e1	1.16509e2	1.0281205e-3	1.1117458e-3	1.2071397e1	1.0662499	
2022-03-19	11:29:01	2.91067	1.03159e-1	-4.42136e1	5.15634e1	1.16510e2	1.0194778e-3	1.1187791e-3	1.2071397e1	1.0662430	
2022-03-19	11:29:02	2.94626	1.07184e-1	-4.38614e1	5.15600e1	1.16513e2	1.0319352e-3	1.1620521e-3	1.2060487e1	1.0662339	
2022-03-19	11:29:02	2.69922	1.02589e-1	-4.42646e1	5.15600e1	1.16508e2	9.4568729e-4	1.1126399e-3	1.2057969e1	1.0662522	
2022-03-19	11:29:03	2.39100	1.00050e-1	-4.44943e1	5.15600e1	1.16508e2	8.3804130e-4	1.0853409e-3	1.2059648e1	1.0662556	
2022-03-19	11:29:03	2.40655	1.02879e-1	-4.42388e1	5.15634e1	1.16507e2	8.4346532e-4	1.1157393e-3	1.2061326e1	1.0662579	
2022-03-19	11:29:04	2.49523	1.02055e-1	-4.43121e1	5.15667e1	1.16512e2	8.7445974e-4	1.1069178e-3	1.2061326e1	1.0662362	
2022-03-19	11:29:04	2.40892	1.01624e-1	-4.43513e1	5.15600e1	1.16508e2	8.4429979e-4	1.1022686e-3	1.2071397e1	1.0662534	
2022-03-19	11:29:05	2.31761	1.04399e-1	-4.41037e1	5.15600e1	1.16512e2	8.1241130e-4	1.1321306e-3	1.2063004e1	1.0662362	
2022-03-19	11:29:05	2.16419	1.03227e-1	-4.42076e1	5.15634e1	1.16509e2	7.5876712e-4	1.1194944e-3	1.2063004e1	1.0662487	
2022-03-19	11:29:06	2.30605	1.01135e-1	-4.43954e1	5.15600e1	1.16509e2	8.0835819e-4	1.0970234e-3	1.2063004e1	1.0662487	
2022-03-19	11:29:06	2.46097	1.01341e-1	-4.43767e1	5.15634e1	1.16510e2	8.6247920e-4	1.0992288e-3	1.2059648e1	1.0662454	
2022-03-19	11:29:07	2.16765	1.05054e-1	-4.40465e1	5.15667e1	1.16508e2	7.5995922e-4	1.1391043e-3	1.2059648e1	1.0662534	
2022-03-19	11:29:07	1.88794	1.05403e-1	-4.40161e1	5.15634e1	1.16508e2	6.6214799e-4	1.1428594e-3	1.2059648e1	1.0662544	
2022-03-19	11:29:08	1.95856	1.02256e-1	-4.42943e1	5.15634e1	1.16509e2	6.8688392e-4	1.1090636e-3	1.2073075e1	1.0662499	
2022-03-19	11:29:08	2.26906	1.02981e-1	-4.42294e1	5.15634e1	1.16512e2	7.9542398e-4	1.1168718e-3	1.2062165e1	1.0662385	
2022-03-19	11:29:09	2.25231	1.04606e-1	-4.40855e1	5.15634e1	1.16512e2	7.8958272e-4	1.1343359e-3	1.2058808e1	1.0662362	
2022-03-19	11:29:09	2.01855	1.04378e-1	-4.41055e1	5.15634e1	1.16512e2	7.0786476e-4	1.1318922e-3	1.2064683e1	1.0662362	
2022-03-19	11:29:10	2.19371	9.99010e-2	-4.45075e1	5.15600e1	1.16513e2	7.6913833e-4	1.0837912e-3	1.2061326e1	1.0662293	
2022-03-19	11:29:10	2.19371	9.99010e-2	-4.45075e1	5.15600e1	1.16513e2	7.6913833e-4	1.0837912e-3	1.2061326e1	1.0662293	
2022-03-19	11:29:11	1.93057	1.06896e-1	-4.38862e1	5.15600e1	1.16512e2	6.7710876e-4	1.1589527e-3	1.2073075e1	1.0662362	
2022-03-19	11:29:11	1.83793	1.05160e-1	-4.40370e1	5.15601e1	1.16511e2	6.4468383e-4	1.1402964e-3	1.2062165e1	1.0662395	
2022-03-19	11:29:12	2.01927	1.05657e-1	-4.39938e1	5.15634e1	1.16509e2	7.0810317e-4	1.1456012e-3	1.2060487e1	1.0662499	
2022-03-19	11:29:12	2.17938	1.05526e-1	-4.40049e1	5.15634e1	1.16513e2	7.6413154e-4	1.1442303e-3	1.2075593e1	1.0662316	
2022-03-19	11:29:13	2.16795	1.02702e-1	-4.42541e1	5.15634e1	1.16513e2	7.6013803e-4	1.1138916e-3	1.2062165e1	1.0662293	
2022-03-19	11:29:13	2.16795	1.02702e-1	-4.42541e1	5.15634e1	1.16513e2	7.6013803e-4	1.1138916e-3	1.2062165e1	1.0662293	
2022-03-19	11:29:14	1.91130	1.02436e-1	-4.42779e1	5.15634e1	1.16513e2	6.7037343e-4	1.1110305e-3	1.2062165e1	1.0662328	
2022-03-19	11:29:14	1.96521	1.05877e-1	-4.39744e1	5.15667e1	1.16512e2	6.8920850e-4	1.1479854e-3	1.2063844e1	1.0662362	
2022-03-19	11:29:15	1.96521	1.05877e-1	-4.39744e1	5.15667e1	1.16512e2	6.8920850e-4	1.1479854e-3	1.2063844e1	1.0662362	
2022-03-19	11:29:15	2.37355	1.00649e-1	-4.44391e1	5.15634e1	1.16514e2	8.3196163e-4	1.0918378e-3	1.2067201e1	1.0662258	
2022-03-19	11:29:16	1.74948	1.01338e-1	-4.43767e1	5.15634e1	1.16513e2	6.1374902e-4	1.0992288e-3	1.2073915e1	1.0662316	
2022-03-19	11:29:16	9.16816e-1	1.16580e-1	-4.30844e1	5.15634e1	1.16512e2	3.2198429e-4	1.2628436e-3	1.2062165e1	1.0662373	
2022-03-19	11:29:17	9.16816e-1	1.16580e-1	-4.30844e1	5.15634e1	1.16512e2	3.2198429e-4	1.2628436e-3	1.2062165e1	1.0662373	
2022-03-19	11:29:17	9.02874e-1	1.20810e-1	-4.27527e1	5.15634e1	1.16513e2	3.1709671e-4	1.3082027e-3	1.2068040e1	1.0662293	
2022-03-19	11:29:18	6.56197e-1	1.03104e-1	-4.42180e1	5.15634e1	1.16517e2	2.3055076e-4	1.1182427e-3	1.2057969e1	1.0662493	
2022-03-19	11:29:18	7.59618e-1	1.05516e-1	-4.40059e1	5.15634e1	1.16512e2	2.6684999e-4	1.1441111e-3	1.2058808e1	1.0662461	
2022-03-19	11:29:19	6.57437e-1	1.07149e-1	-4.38646e1	5.15667e1	1.16512e2	2.3096799e-4	1.1616349e-3	1.2071397e1	1.0662373	
2022-03-19	11:29:19	5.55576e-1	1.05432e-1	-4.40132e1	5.15634e1	1.16513e2	1.9520521e-4	1.1432170e-3	1.2057969e1	1.0662339	
2022-03-19	11:29:20	5.55576e-1	1.05432e-1	-4.40132e1	5.15634e1	1.16513e2	1.9520521e-4	1.1432170e-3	1.2057969e1	1.0662339	
2022-03-19	11:29:20	8.19591e-1	1.03644e-1	-4.41703e1	5.15600e1	1.16513e2	2.8789043e-4	1.1240243e-3	1.2063004e1	1.0662293	
