"2022-03-19 at 11:23"
System_Date_(Y-M-D)	System_Time_(h:m:s)	CO₂_(µmol_mol⁻¹)	H₂O_(mmol_mol⁻¹)	H₂O_(°C)	Cell_Temperature_(°C)	Cell_Pressure_(kPa)	CO₂_Absorption	H₂O_Absorption	Input_Voltage_(V)	Flow_Rate_(L_min⁻¹)	
2022-03-19	11:23:42	5.15911e-1	1.07924e-1	-4.38012e1	5.15701e1	1.16473e2	1.8119812e-4	1.1695623e-3	1.2069718e1	1.0664159	
2022-03-19	11:23:42	7.20519e-1	1.07147e-1	-4.38675e1	5.15634e1	1.16476e2	2.5302171e-4	1.1612772e-3	1.2073075e1	1.0663998	
2022-03-19	11:23:43	8.00860e-1	1.06330e-1	-4.39379e1	5.15634e1	1.16477e2	2.8121471e-4	1.1525154e-3	1.2056291e1	1.0663940	
2022-03-19	11:23:43	7.34726e-1	1.05950e-1	-4.39710e1	5.15667e1	1.16475e2	2.5802850e-4	1.1484026e-3	1.2057969e1	1.0664067	
2022-03-19	11:23:44	7.34726e-1	1.05950e-1	-4.39710e1	5.15667e1	1.16475e2	2.5802850e-4	1.1484026e-3	1.2057969e1	1.0664067	
2022-03-19	11:23:44	8.18814e-1	1.06053e-1	-4.39616e1	5.15600e1	1.16481e2	2.8753280e-4	1.1495947e-3	1.2061326e1	1.0663781	
2022-03-19	11:23:45	6.81615e-1	1.06290e-1	-4.39413e1	5.15634e1	1.16478e2	2.3937225e-4	1.1520981e-3	1.2073915e1	1.0663918	
2022-03-19	11:23:45	3.95465e-1	1.06559e-1	-4.39180e1	5.15701e1	1.16478e2	1.3893842e-4	1.1549592e-3	1.2061326e1	1.0664005	
2022-03-19	11:23:46	6.18412e-1	1.06478e-1	-4.39252e1	5.15701e1	1.16476e2	2.1719932e-4	1.1540651e-3	1.2058808e1	1.0664010	
2022-03-19	11:23:46	9.46006e-1	1.05685e-1	-4.39942e1	5.15667e1	1.16474e2	3.3211708e-4	1.1455416e-3	1.2062165e1	1.0664101	
2022-03-19	11:23:47	9.46006e-1	1.05685e-1	-4.39942e1	5.15667e1	1.16474e2	3.3211708e-4	1.1455416e-3	1.2062165e1	1.0664101	
2022-03-19	11:23:47	7.44704e-1	1.05075e-1	-4.40471e1	5.15634e1	1.16477e2	2.6154518e-4	1.1390447e-3	1.2068879e1	1.0663940	
2022-03-19	11:23:48	5.29909e-1	1.06067e-1	-4.39609e1	5.15667e1	1.16474e2	1.8614530e-4	1.1496543e-3	1.2058808e1	1.0664166	
2022-03-19	11:23:48	4.95096e-1	1.05074e-1	-4.40475e1	5.15667e1	1.16474e2	1.7392635e-4	1.1389851e-3	1.2057969e1	1.0664112	
2022-03-19	11:23:49	7.41722e-1	1.05857e-1	-4.39788e1	5.15634e1	1.16478e2	2.6047229e-4	1.1474490e-3	1.2061326e1	1.0663906	
2022-03-19	11:23:49	7.11636e-1	1.06500e-1	-4.39230e1	5.15634e1	1.16480e2	2.4992227e-4	1.1543631e-3	1.2058808e1	1.0663849	
2022-03-19	11:23:50	6.54714e-1	1.05641e-1	-4.39976e1	5.15667e1	1.16479e2	2.2995471e-4	1.1451244e-3	1.2063004e1	1.0663861	
2022-03-19	11:23:50	6.84482e-1	1.08608e-1	-4.37425e1	5.15701e1	1.16478e2	2.4038553e-4	1.1769533e-3	1.2057130e1	1.0663895	
2022-03-19	11:23:51	5.22514e-1	1.09632e-1	-4.36563e1	5.15634e1	1.16474e2	1.8352270e-4	1.1879205e-3	1.2062165e1	1.0664199	
2022-03-19	11:23:51	5.75220e-1	1.08316e-1	-4.37673e1	5.15634e1	1.16479e2	2.0205974e-4	1.1738538e-3	1.2059648e1	1.0663861	
2022-03-19	11:23:52	9.34461e-1	1.04694e-1	-4.40801e1	5.15667e1	1.16483e2	3.2806396e-4	1.1349916e-3	1.2061326e1	1.0663666	
2022-03-19	11:23:52	9.72663e-1	1.06452e-1	-4.39272e1	5.15667e1	1.16479e2	3.4147500e-4	1.1538267e-3	1.2055451e1	1.0663883	
2022-03-19	11:23:53	9.29997e-1	1.07620e-1	-4.38268e1	5.15701e1	1.16478e2	3.2651424e-4	1.1663436e-3	1.2058808e1	1.0663930	
2022-03-19	11:23:53	9.34128e-1	1.05515e-1	-4.40088e1	5.15634e1	1.16476e2	3.2794475e-4	1.1437535e-3	1.2056291e1	1.0664097	
2022-03-19	11:23:54	1.05346	1.06071e-1	-4.39605e1	5.15634e1	1.16475e2	3.6978721e-4	1.1497139e-3	1.2072236e1	1.0664131	
2022-03-19	11:23:54	9.23242e-1	1.05290e-1	-4.40285e1	5.15667e1	1.16475e2	3.2413005e-4	1.1413097e-3	1.2058808e1	1.0664055	
2022-03-19	11:23:55	5.13961e-1	1.07745e-1	-4.38160e1	5.15667e1	1.16479e2	1.8054246e-4	1.1677145e-3	1.2076432e1	1.0663872	
2022-03-19	11:23:55	7.36932e-1	1.07478e-1	-4.38388e1	5.15667e1	1.16480e2	2.5880336e-4	1.1648535e-3	1.2058808e1	1.0663826	
2022-03-19	11:23:56	8.02870e-1	1.04926e-1	-4.40597e1	5.15634e1	1.16483e2	2.8192996e-4	1.1374950e-3	1.2071397e1	1.0663701	
2022-03-19	11:23:56	5.90325e-1	1.04445e-1	-4.41021e1	5.15634e1	1.16481e2	2.0736455e-4	1.1323094e-3	1.2057969e1	1.0663781	
2022-03-19	11:23:57	7.12672e-1	1.03707e-1	-4.41672e1	5.15634e1	1.16481e2	2.5027990e-4	1.1243820e-3	1.2060487e1	1.0663781	
2022-03-19	11:23:57	6.75520e-1	1.05709e-1	-4.39919e1	5.15634e1	1.16477e2	2.3722648e-4	1.1458396e-3	1.2068879e1	1.0663963	
2022-03-19	11:23:58	5.74771e-1	1.03989e-1	-4.41426e1	5.15667e1	1.16477e2	2.0188093e-4	1.1273622e-3	1.2060487e1	1.0663952	
2022-03-19	11:23:58	6.97702e-1	1.04973e-1	-4.40557e1	5.15667e1	1.16481e2	2.4503469e-4	1.1379718e-3	1.2058808e1	1.0663781	
2022-03-19	11:23:59	7.56636e-1	1.06652e-1	-4.39101e1	5.15634e1	1.16477e2	2.6571750e-4	1.1559724e-3	1.2058808e1	1.0663963	
2022-03-19	11:23:59	6.72220e-1	1.04974e-1	-4.40557e1	5.15667e1	1.16480e2	2.3609399e-4	1.1379718e-3	1.2059648e1	1.0663838	
2022-03-19	11:24:00	6.79215e-1	1.04369e-1	-4.41089e1	5.15634e1	1.16479e2	2.3853778e-4	1.1314749e-3	1.2057130e1	1.0663861	
2022-03-19	11:24:00	6.57625e-1	1.05905e-1	-4.39745e1	5.15634e1	1.16481e2	2.3096799e-4	1.1479854e-3	1.2057130e1	1.0663791	
2022-03-19	11:24:01	6.65794e-1	1.04592e-1	-4.40894e1	5.15634e1	1.16478e2	2.3382902e-4	1.1338591e-3	1.2058808e1	1.0663906	
2022-03-19	11:24:01	6.65794e-1	1.04592e-1	-4.40894e1	5.15634e1	1.16478e2	2.3382902e-4	1.1338591e-3	1.2058808e1	1.0663906	
2022-03-19	11:24:02	1.37971	1.02836e-1	-4.42447e1	5.15634e1	1.16481e2	4.8410892e-4	1.1150240e-3	1.2067201e1	1.0663791	
2022-03-19	11:24:02	5.59597e-1	1.10624e-1	-4.35908e1	5.15634e1	1.16250e2	1.9615888e-4	1.1962652e-3	1.2063844e1	1.0674370	
2022-03-19	11:24:03	7.54294e-1	1.06660e-1	-4.39116e1	5.15600e1	1.16449e2	2.6482343e-4	1.1557936e-3	1.2073075e1	1.0665223	
2022-03-19	11:24:03	7.54294e-1	1.06660e-1	-4.39116e1	5.15600e1	1.16449e2	2.6482343e-4	1.1557936e-3	1.2073075e1	1.0665223	
2022-03-19	11:24:04	7.67529e-1	1.03650e-1	-4.41726e1	5.15634e1	1.16477e2	2.6953220e-4	1.1237263e-3	1.2056291e1	1.0664051	
2022-03-19	11:24:04	7.67529e-1	1.03650e-1	-4.41726e1	5.15634e1	1.16477e2	2.6953220e-4	1.1237263e-3	1.2056291e1	1.0664051	
2022-03-19	11:24:05	6.02573e-1	1.05247e-1	-4.40316e1	5.15600e1	1.16482e2	2.1165609e-4	1.1409521e-3	1.2060487e1	1.0663712	
2022-03-19	11:24:05	5.99532e-1	1.07626e-1	-4.38260e1	5.15634e1	1.16480e2	2.1058320e-4	1.1664628e-3	1.2058808e1	1.0663814	
2022-03-19	11:24:06	5.71849e-1	1.07370e-1	-4.38479e1	5.15634e1	1.16481e2	2.0086765e-4	1.1637210e-3	1.2068879e1	1.0663758	
2022-03-19	11:24:06	6.91730e-1	1.07191e-1	-4.38632e1	5.15634e1	1.16483e2	2.4294853e-4	1.1618137e-3	1.2060487e1	1.0663701	
2022-03-19	11:24:07	-2.96794	1.26773e-1	-4.23054e1	5.15634e1	1.16483e2	-1.0476112e-3	1.3716816e-3	1.2059648e1	1.0663701	
2022-03-19	11:24:07	-2.96794	1.26773e-1	-4.23054e1	5.15634e1	1.16483e2	-1.0476112e-3	1.3716816e-3	1.2059648e1	1.0663701	
2022-03-19	11:24:08	-3.99208	3.03465e-2	-5.47353e1	5.15634e1	1.17986e2	-1.4308691e-3	3.3545494e-4	1.2068879e1	1.0595550	
2022-03-19	11:24:08	9.51540e1	8.53643e-1	-2.26503e1	5.15634e1	1.16962e2	2.9857873e-2	8.7459087e-3	1.2058808e1	1.0641820	
2022-03-19	11:24:09	-1.17650e1	9.36894e-2	-4.50893e1	5.15634e1	1.16564e2	-4.2067766e-3	1.0173916e-3	1.2057130e1	1.0659995	
2022-03-19	11:24:09	-1.10367e1	4.66555e-2	-5.12361e1	5.15634e1	1.16525e2	-3.9409399e-3	5.0860643e-4	1.2060487e1	1.0661755	
2022-03-19	11:24:10	-3.87833	7.54556e-2	-4.70431e1	5.15600e1	1.16509e2	-1.3710260e-3	8.2033872e-4	1.2059648e1	1.0662510	
2022-03-19	11:24:10	-3.87833	7.54556e-2	-4.70431e1	5.15600e1	1.16509e2	-1.3710260e-3	8.2033872e-4	1.2059648e1	1.0662510	
2022-03-19	11:24:11	-3.87833	7.54556e-2	-4.70431e1	5.15600e1	1.16509e2	-1.3710260e-3	8.2033872e-4	1.2059648e1	1.0662510	
2022-03-19	11:24:11	-1.85423e-1	9.28372e-2	-4.51779e1	5.15600e1	1.16494e2	-6.5207481e-5	1.0076165e-3	1.2073075e1	1.0663295	
2022-03-19	11:24:12	7.38154e-1	1.03012e-1	-4.42288e1	5.15634e1	1.16483e2	2.5922060e-4	1.1169314e-3	1.2062165e1	1.0663701	
2022-03-19	11:24:12	5.20382e-1	1.19864e-1	-4.28284e1	5.15667e1	1.16483e2	1.8280744e-4	1.2977123e-3	1.2070558e1	1.0663678	
2022-03-19	11:24:13	8.02038e-1	1.34686e-1	-4.17373e1	5.15634e1	1.16481e2	2.8163194e-4	1.4562606e-3	1.2061326e1	1.0663791	
2022-03-19	11:24:13	8.72195e-1	1.09941e-1	-4.36297e1	5.15634e1	1.16482e2	3.0624866e-4	1.1913180e-3	1.2068879e1	1.0664095	
2022-03-19	11:24:14	8.72195e-1	1.09941e-1	-4.36297e1	5.15634e1	1.16482e2	3.0624866e-4	1.1913180e-3	1.2068879e1	1.0664095	
2022-03-19	11:24:14	9.62984e-1	9.59733e-2	-4.48765e1	5.15634e1	1.16480e2	3.3807754e-4	1.0412335e-3	1.2069718e1	1.0664175	
2022-03-19	11:24:15	4.16325e-1	1.05744e-1	-4.39886e1	5.15600e1	1.16480e2	1.4626979e-4	1.1462569e-3	1.2059648e1	1.0663849	
2022-03-19	11:24:15	6.21050e-1	1.05343e-1	-4.40234e1	5.15600e1	1.16480e2	2.1815299e-4	1.1419653e-3	1.2062165e1	1.0663803	
2022-03-19	11:24:16	8.13189e-1	1.04685e-1	-4.40810e1	5.15667e1	1.16481e2	2.8556585e-4	1.1348724e-3	1.2063844e1	1.0663781	
2022-03-19	11:24:16	8.83283e-1	1.05242e-1	-4.40325e1	5.15634e1	1.16477e2	3.1012296e-4	1.1408329e-3	1.2060487e1	1.0663963	
2022-03-19	11:24:17	8.83283e-1	1.05242e-1	-4.40325e1	5.15634e1	1.16477e2	3.1012296e-4	1.1408329e-3	1.2060487e1	1.0663963	
2022-03-19	11:24:17	7.70773e-1	1.10313e-1	-4.35984e1	5.15634e1	1.16481e2	2.7066469e-4	1.1953115e-3	1.2057969e1	1.0663758	
2022-03-19	11:24:18	6.28391e-1	1.10257e-1	-4.36030e1	5.15667e1	1.16483e2	2.2071599e-4	1.1947154e-3	1.2063004e1	1.0663753	
2022-03-19	11:24:18	9.30506e-1	1.06707e-1	-4.39052e1	5.15667e1	1.16479e2	3.2669305e-4	1.1565685e-3	1.2060487e1	1.0663883	
2022-03-19	11:24:19	1.03147	1.04240e-1	-4.41202e1	5.15634e1	1.16481e2	3.6209821e-4	1.1301040e-3	1.2063004e1	1.0663781	
2022-03-19	11:24:19	6.07700e-1	1.02536e-1	-4.42714e1	5.15634e1	1.16482e2	2.1344423e-4	1.1118054e-3	1.2061326e1	1.0663746	
2022-03-19	11:24:20	6.07700e-1	1.02536e-1	-4.42714e1	5.15634e1	1.16482e2	2.1344423e-4	1.1118054e-3	1.2061326e1	1.0663746	
2022-03-19	11:24:20	7.42702e-1	1.05394e-1	-4.40193e1	5.15667e1	1.16476e2	2.6082992e-4	1.1424422e-3	1.2059648e1	1.0664010	
2022-03-19	11:24:21	7.24034e-1	1.04462e-1	-4.41009e1	5.15701e1	1.16477e2	2.5427341e-4	1.1324286e-3	1.2067201e1	1.0663975	
2022-03-19	11:24:21	7.55599e-1	1.06779e-1	-4.38990e1	5.15634e1	1.16478e2	2.6535987e-4	1.1573433e-3	1.2058808e1	1.0663930	
2022-03-19	11:24:22	7.63242e-1	1.07358e-1	-4.38490e1	5.15600e1	1.16481e2	2.6804208e-4	1.1636018e-3	1.2063004e1	1.0663781	
2022-03-19	11:24:22	6.72207e-1	1.09487e-1	-4.36681e1	5.15600e1	1.16479e2	2.3609399e-4	1.1864304e-3	1.2056291e1	1.0663872	
2022-03-19	11:24:23	6.56911e-1	1.06416e-1	-4.39302e1	5.15634e1	1.16480e2	2.3072957e-4	1.1534690e-3	1.2072236e1	1.0663814	
2022-03-19	11:24:23	6.01606e-1	1.04671e-1	-4.40821e1	5.15634e1	1.16482e2	2.1129846e-4	1.1347532e-3	1.2057969e1	1.0663723	
2022-03-19	11:24:24	8.65384e-1	1.06534e-1	-4.39201e1	5.15634e1	1.16479e2	3.0386447e-4	1.1547207e-3	1.2062165e1	1.0663872	
2022-03-19	11:24:24	8.32635e-1	1.05246e-1	-4.40320e1	5.15634e1	1.16479e2	2.9236078e-4	1.1408925e-3	1.2058808e1	1.0663872	
2022-03-19	11:24:25	6.37200e-1	1.04059e-1	-4.41363e1	5.15634e1	1.16479e2	2.2381544e-4	1.1281371e-3	1.2063004e1	1.0663883	
2022-03-19	11:24:25	7.85045e-1	1.04202e-1	-4.41235e1	5.15667e1	1.16481e2	2.7567148e-4	1.1296868e-3	1.2056291e1	1.0663791	
