"2022-02-25 at 11:0"
System_Date_(Y-M-D)	System_Time_(h:m:s)	CO₂_(µmol_mol⁻¹)	H₂O_(mmol_mol⁻¹)	H₂O_(°C)	Cell_Temperature_(°C)	Cell_Pressure_(kPa)	CO₂_Absorption	H₂O_Absorption	Input_Voltage_(V)	Flow_Rate_(L_min⁻¹)	
2022-02-25	11:0:58	7.24450e-2	1.27281e-1	-4.25596e1	5.15667e1	1.12905e2	2.4616718e-5	1.3348460e-3	1.2089021e1	1.0831539	
2022-02-25	11:0:59	2.02511e-1	1.26651e-1	-4.26060e1	5.15701e1	1.12904e2	6.8783760e-5	1.3282895e-3	1.2087342e1	1.0831588	
2022-02-25	11:0:59	3.93455e-1	1.26500e-1	-4.26167e1	5.15667e1	1.12909e2	1.3363361e-4	1.3267993e-3	1.2090699e1	1.0831335	
2022-02-25	11:1:00	1.94729e-1	1.25824e-1	-4.26669e1	5.15634e1	1.12906e2	6.6161155e-5	1.3197660e-3	1.2085664e1	1.0831468	
2022-02-25	11:1:01	3.20747e-2	1.25642e-1	-4.26804e1	5.15667e1	1.12906e2	1.0907649e-5	1.3178586e-3	1.2089860e1	1.0831491	
2022-02-25	11:1:01	2.75681e-1	1.25014e-1	-4.27274e1	5.15667e1	1.12901e2	9.3638896e-5	1.3113021e-3	1.2091538e1	1.0831683	
2022-02-25	11:1:02	2.75424e-1	1.23554e-1	-4.28367e1	5.15701e1	1.12904e2	9.3579292e-5	1.2961626e-3	1.2089021e1	1.0831576	
2022-02-25	11:1:02	1.66671e-1	1.25390e-1	-4.26987e1	5.15701e1	1.12911e2	5.6624412e-5	1.3152956e-3	1.2097413e1	1.0831252	
2022-02-25	11:1:02	1.31934e-1	1.29673e-1	-4.23853e1	5.15667e1	1.12909e2	4.4822692e-5	1.3597011e-3	1.2088181e1	1.0831335	
2022-02-25	11:1:03	-1.64581e-2	1.27868e-1	-4.25163e1	5.15667e1	1.12908e2	-5.6028366e-6	1.3409852e-3	1.2090699e1	1.0831347	
2022-02-25	11:1:04	9.31166e-2	1.24449e-1	-4.27690e1	5.15667e1	1.12909e2	3.1650066e-5	1.3055205e-3	1.2090699e1	1.0831323	
2022-02-25	11:1:04	2.26877e-1	1.26099e-1	-4.26464e1	5.15667e1	1.12908e2	7.7068805e-5	1.3226270e-3	1.2088181e1	1.0831371	
2022-02-25	11:1:05	6.01322e-2	1.28003e-1	-4.25063e1	5.15634e1	1.12910e2	2.0444393e-5	1.3424158e-3	1.2085664e1	1.0831288	
2022-02-25	11:1:05	1.92074e-1	1.27415e-1	-4.25491e1	5.15667e1	1.12913e2	6.5267086e-5	1.3363361e-3	1.2086503e1	1.0831155	
2022-02-25	11:1:05	4.00784e-1	1.25713e-1	-4.26748e1	5.15701e1	1.12910e2	1.3613700e-4	1.3186335e-3	1.2085664e1	1.0831276	
2022-02-25	11:1:06	3.30252e-1	1.24666e-1	-4.27524e1	5.15634e1	1.12914e2	1.1217594e-4	1.3078451e-3	1.2093217e1	1.0831108	
2022-02-25	11:1:07	2.16116e-1	1.26066e-1	-4.26486e1	5.15634e1	1.12911e2	7.3432922e-5	1.3223290e-3	1.2086503e1	1.0831240	
2022-02-25	11:1:07	3.13530e-1	1.28786e-1	-4.24494e1	5.15634e1	1.12910e2	1.0651350e-4	1.3505220e-3	1.2091538e1	1.0831299	
2022-02-25	11:1:08	2.56621e-1	1.26851e-1	-4.25906e1	5.15600e1	1.12911e2	8.7201595e-5	1.3304948e-3	1.2088181e1	1.0831228	
2022-02-25	11:1:08	3.51120e-1	1.26503e-1	-4.26164e1	5.15600e1	1.12909e2	1.1926889e-4	1.3268589e-3	1.2087342e1	1.0831323	
2022-02-25	11:1:08	3.76731e-1	1.27985e-1	-4.25075e1	5.15667e1	1.12912e2	1.2797117e-4	1.3422369e-3	1.2088181e1	1.0831168	
2022-02-25	11:1:09	1.31934e-1	1.26939e-1	-4.25841e1	5.15667e1	1.12912e2	4.4822692e-5	1.3313889e-3	1.2088181e1	1.0831179	
2022-02-25	11:1:10	1.77039e-1	1.24411e-1	-4.27716e1	5.15667e1	1.12912e2	6.0141086e-5	1.3051629e-3	1.2089860e1	1.0831191	
2022-02-25	11:1:10	4.66252e-1	1.26084e-1	-4.26468e1	5.15667e1	1.12916e2	1.5836954e-4	1.3225674e-3	1.2091538e1	1.0831012	
2022-02-25	11:1:11	4.41553e-1	1.22290e-1	-4.29315e1	5.15667e1	1.12914e2	1.4996528e-4	1.2831687e-3	1.2089860e1	1.0831096	
2022-02-25	11:1:11	4.24120e-1	1.22766e-1	-4.28948e1	5.15701e1	1.12921e2	1.4406442e-4	1.2881755e-3	1.2099931e1	1.0830761	
2022-02-25	11:1:11	2.80026e-1	1.26489e-1	-4.26170e1	5.15701e1	1.12915e2	9.5129013e-5	1.3267397e-3	1.2091538e1	1.0831036	
2022-02-25	11:1:12	2.80026e-1	1.26489e-1	-4.26170e1	5.15701e1	1.12915e2	9.5129013e-5	1.3267397e-3	1.2091538e1	1.0831036	
2022-02-25	11:1:13	9.24039e-2	1.27873e-1	-4.25154e1	5.15667e1	1.12915e2	3.1411647e-5	1.3411045e-3	1.2090699e1	1.0831060	
2022-02-25	11:1:13	2.52613e-1	1.27752e-1	-4.25241e1	5.15734e1	1.12917e2	8.5830688e-5	1.3398528e-3	1.2089021e1	1.0830928	
2022-02-25	11:1:14	2.25585e-1	1.23576e-1	-4.28340e1	5.15734e1	1.12916e2	7.6651573e-5	1.2965202e-3	1.2099931e1	1.0830976	
2022-02-25	11:1:14	1.60048e-2	1.22713e-1	-4.28993e1	5.15667e1	1.12916e2	5.4240226e-6	1.2875795e-3	1.2085664e1	1.0831012	
2022-02-25	11:1:15	1.49107e-1	1.27114e-1	-4.25710e1	5.15667e1	1.12915e2	5.0663948e-5	1.3332366e-3	1.2089021e1	1.0831048	
2022-02-25	11:1:15	1.49107e-1	1.27114e-1	-4.25710e1	5.15667e1	1.12915e2	5.0663948e-5	1.3332366e-3	1.2089021e1	1.0831048	
2022-02-25	11:1:16	-1.47660e-1	1.30157e-1	-4.23485e1	5.15667e1	1.12932e2	-5.0187110e-5	1.3650059e-3	1.2089860e1	1.0830197	
2022-02-25	11:1:16	1.62004e-1	1.27275e-1	-4.25467e1	5.15667e1	1.13066e2	5.5134296e-5	1.3366937e-3	1.2085664e1	1.0823813	
2022-02-25	11:1:17	5.92677e-1	1.26328e-1	-4.26125e1	5.15701e1	1.13113e2	2.0164251e-4	1.3273954e-3	1.2091538e1	1.0821540	
2022-02-25	11:1:17	4.39539e-1	1.24895e-1	-4.27179e1	5.15634e1	1.13126e2	1.4960765e-4	1.3126730e-3	1.2089860e1	1.0820943	
2022-02-25	11:1:18	2.78206e-1	1.23404e-1	-4.28288e1	5.15634e1	1.13136e2	9.4711780e-5	1.2972950e-3	1.2099092e1	1.0820463	
2022-02-25	11:1:18	2.78206e-1	1.23404e-1	-4.28288e1	5.15634e1	1.13136e2	9.4711780e-5	1.2972950e-3	1.2099092e1	1.0820463	
2022-02-25	11:1:19	1.22409e-1	1.26303e-1	-4.26125e1	5.15701e1	1.13135e2	4.1663646e-5	1.3273954e-3	1.2099931e1	1.0820488	
2022-02-25	11:1:19	5.19686e-2	1.27412e-1	-4.25315e1	5.15701e1	1.13128e2	1.7702579e-5	1.3388395e-3	1.2086503e1	1.0820834	
2022-02-25	11:1:20	1.46904e-1	1.26122e-1	-4.26266e1	5.15667e1	1.13127e2	5.0008296e-5	1.3254284e-3	1.2093217e1	1.0820895	
2022-02-25	11:1:20	2.56043e-1	1.27102e-1	-4.25543e1	5.15667e1	1.13127e2	8.7141990e-5	1.3356208e-3	1.2089021e1	1.0820859	
2022-02-25	11:1:20	2.90138e-1	1.28746e-1	-4.24348e1	5.15701e1	1.13121e2	9.8764896e-5	1.3526082e-3	1.2089860e1	1.0821169	
2022-02-25	11:1:21	2.90138e-1	1.28746e-1	-4.24348e1	5.15701e1	1.13121e2	9.8764896e-5	1.3526082e-3	1.2089860e1	1.0821169	
2022-02-25	11:1:22	2.90656e-1	1.26439e-1	-4.26036e1	5.15701e1	1.13121e2	9.8943710e-5	1.3286471e-3	1.2088181e1	1.0821157	
2022-02-25	11:1:22	-5.84971e1	1.31084e-1	-4.22460e1	5.15667e1	1.13367e2	-2.1721243e-2	1.3799071e-3	1.2087342e1	1.0809398	
2022-02-25	11:1:23	2.33263e2	2.21605e-1	-3.71623e1	5.15667e1	1.13859e2	6.1949253e-2	2.3245811e-3	1.2087342e1	1.0786067	
2022-02-25	11:1:23	3.55640e3	9.20577e-1	-2.21531e1	5.15667e1	1.13325e2	3.1584119e-1	9.0954303e-3	1.2087342e1	1.0811413	
2022-02-25	11:1:24	2.67179e3	8.78767e-1	-2.26906e1	5.15667e1	1.13214e2	2.7865905e-1	8.7004899e-3	1.2090699e1	1.0816736	
2022-02-25	11:1:24	1.37117e2	1.44488e-1	-4.13482e1	5.15667e1	1.13152e2	3.9709150e-2	1.5163421e-3	1.2089860e1	1.0819687	
2022-02-25	11:1:25	-2.69533e1	8.14530e-2	-4.66234e1	5.15667e1	1.13119e2	-9.5283985e-3	8.5932016e-4	1.2089860e1	1.0821253	
2022-02-25	11:1:25	-1.33048	1.13581e-1	-4.36006e1	5.15667e1	1.13104e2	-4.5382976e-4	1.1947154e-3	1.2094895e1	1.0821970	
2022-02-25	11:1:26	1.84070e1	1.26852e-1	-4.25753e1	5.15701e1	1.13096e2	6.1159133e-3	1.3326406e-3	1.2102448e1	1.0822377	
2022-02-25	11:1:26	2.41032e1	1.30669e-1	-4.22986e1	5.15701e1	1.13091e2	7.9494714e-3	1.3722181e-3	1.2089860e1	1.0822592	
2022-02-25	11:1:26	2.41032e1	1.30669e-1	-4.22986e1	5.15701e1	1.13091e2	7.9494714e-3	1.3722181e-3	1.2089860e1	1.0822592	
2022-02-25	11:1:27	2.40268e1	1.28249e-1	-4.24737e1	5.15667e1	1.13088e2	7.9249143e-3	1.3470649e-3	1.2090699e1	1.0822749	
2022-02-25	11:1:28	2.22753e1	1.27839e-1	-4.25038e1	5.15667e1	1.13085e2	7.3635578e-3	1.3427734e-3	1.2094056e1	1.0822904	
2022-02-25	11:1:28	2.11865e1	1.33667e-1	-4.20873e1	5.15701e1	1.13076e2	7.0128440e-3	1.4031529e-3	1.2088181e1	1.0823310	
2022-02-25	11:1:29	2.03439e1	1.31031e-1	-4.22733e1	5.15667e1	1.13084e2	6.7418217e-3	1.3759136e-3	1.2086503e1	1.0822927	
2022-02-25	11:1:29	1.85147e1	1.31455e-1	-4.22434e1	5.15634e1	1.13080e2	6.1500072e-3	1.3802647e-3	1.2089860e1	1.0823143	
2022-02-25	11:1:30	1.61182e1	1.43535e-1	-4.14169e1	5.15634e1	1.13078e2	5.3706169e-3	1.5054941e-3	1.2089860e1	1.0823227	
2022-02-25	11:1:30	1.34942e1	1.25722e-1	-4.26602e1	5.15634e1	1.13078e2	4.5117735e-3	1.3207197e-3	1.2087342e1	1.0823380	
2022-02-25	11:1:31	1.14669e1	1.11940e-1	-4.37374e1	5.15667e1	1.13074e2	3.8439631e-3	1.1773109e-3	1.2087342e1	1.0823837	
2022-02-25	11:1:31	9.87295	1.29168e-1	-4.24079e1	5.15634e1	1.13076e2	3.3167004e-3	1.3564825e-3	1.2087342e1	1.0823488	
2022-02-25	11:1:32	8.57636	1.33716e-1	-4.20838e1	5.15667e1	1.13077e2	2.8860569e-3	1.4036893e-3	1.2099092e1	1.0823262	
2022-02-25	11:1:32	7.43148	1.31749e-1	-4.22226e1	5.15634e1	1.13078e2	2.5046467e-3	1.3833045e-3	1.2094056e1	1.0823215	
2022-02-25	11:1:33	6.46134	1.31381e-1	-4.22484e1	5.15634e1	1.13084e2	2.1805763e-3	1.3795495e-3	1.2089860e1	1.0822963	
2022-02-25	11:1:33	5.75988	1.31941e-1	-4.22082e1	5.15667e1	1.13087e2	1.9457340e-3	1.3853907e-3	1.2100770e1	1.0822784	
2022-02-25	11:1:34	4.95187	1.32031e-1	-4.22022e1	5.15634e1	1.13083e2	1.6745328e-3	1.3862848e-3	1.2091538e1	1.0822975	
2022-02-25	11:1:34	4.30664	1.30188e-1	-4.23339e1	5.15600e1	1.13082e2	1.4575719e-3	1.3671517e-3	1.2087342e1	1.0823060	
2022-02-25	11:1:35	3.70487	1.28220e-1	-4.24766e1	5.15667e1	1.13078e2	1.2548565e-3	1.3466477e-3	1.2090699e1	1.0823239	
2022-02-25	11:1:35	3.19774	1.29474e-1	-4.23854e1	5.15667e1	1.13081e2	1.0838508e-3	1.3597011e-3	1.2088181e1	1.0823096	
2022-02-25	11:1:35	2.67284	1.27550e-1	-4.25253e1	5.15634e1	1.13080e2	9.0658664e-4	1.3397336e-3	1.2089021e1	1.0823119	
2022-02-25	11:1:36	1.87785	1.27524e-1	-4.25269e1	5.15667e1	1.13085e2	6.3765048e-4	1.3394951e-3	1.2099931e1	1.0822916	
2022-02-25	11:1:37	1.50731	1.30204e-1	-4.23329e1	5.15667e1	1.13080e2	5.1206350e-4	1.3672709e-3	1.2086503e1	1.0823155	
2022-02-25	11:1:37	1.67249	1.28258e-1	-4.24736e1	5.15701e1	1.13081e2	5.6803226e-4	1.3470649e-3	1.2090699e1	1.0823096	
2022-02-25	11:1:38	1.47248	1.28355e-1	-4.24665e1	5.15701e1	1.13081e2	5.0026178e-4	1.3480782e-3	1.2085664e1	1.0823082	
2022-02-25	11:1:38	1.27484	1.27339e-1	-4.25411e1	5.15701e1	1.13077e2	4.3320655e-4	1.3374686e-3	1.2089021e1	1.0823286	
2022-02-25	11:1:38	1.24122	1.25773e-1	-4.26563e1	5.15667e1	1.13080e2	4.2182207e-4	1.3212561e-3	1.2094895e1	1.0823143	
2022-02-25	11:1:39	1.07489	1.30284e-1	-4.23271e1	5.15667e1	1.13080e2	3.6537647e-4	1.3681054e-3	1.2088181e1	1.0823131	
2022-02-25	11:1:39	1.06237	1.30585e-1	-4.23053e1	5.15667e1	1.13083e2	3.6114454e-4	1.3712644e-3	1.2085664e1	1.0822987	
2022-02-25	11:1:40	1.10324	1.27842e-1	-4.25043e1	5.15667e1	1.13077e2	3.7497282e-4	1.3427138e-3	1.2088181e1	1.0823262	
2022-02-25	11:1:41	9.13597e-1	1.27341e-1	-4.25407e1	5.15701e1	1.13080e2	3.1059980e-4	1.3375282e-3	1.2092378e1	1.0823143	
2022-02-25	11:1:41	8.90564e-1	1.27316e-1	-4.25425e1	5.15667e1	1.13081e2	3.0279159e-4	1.3372898e-3	1.2089021e1	1.0823096	
2022-02-25	11:1:41	1.02858	1.25182e-1	-4.27002e1	5.15667e1	1.13080e2	3.4964084e-4	1.3151168e-3	1.2102448e1	1.0823131	
2022-02-25	11:1:42	8.23378e-1	1.26572e-1	-4.25977e1	5.15667e1	1.13074e2	2.7996301e-4	1.3294816e-3	1.2085664e1	1.0823419	
2022-02-25	11:1:42	5.74583e-1	1.28431e-1	-4.24611e1	5.15667e1	1.13079e2	1.9544363e-4	1.3488531e-3	1.2091538e1	1.0823191	
2022-02-25	11:1:43	9.84020e-1	1.21456e-1	-4.29846e1	5.15667e1	1.13042e2	3.3438205e-4	1.2759566e-3	1.2098252e1	1.0824950	
2022-02-25	11:1:44	4.79482e-1	1.25787e-1	-4.26760e1	5.15701e1	1.12829e2	1.6272068e-4	1.3184547e-3	1.2089860e1	1.0835175	
2022-02-25	11:1:44	-3.35465e-1	1.37544e-1	-4.18393e1	5.15701e1	1.12830e2	-1.1396408e-4	1.4402270e-3	1.2089860e1	1.0835090	
2022-02-25	11:1:44	1.04780e-1	1.36194e-1	-4.19296e1	5.15634e1	1.12858e2	3.5583972e-5	1.4266371e-3	1.2088181e1	1.0833759	
2022-02-25	11:1:45	4.94512e-1	1.29498e-1	-4.23999e1	5.15634e1	1.12885e2	1.6790628e-4	1.3576149e-3	1.2089860e1	1.0832487	
2022-02-25	11:1:46	3.46719e-1	1.23361e-1	-4.28515e1	5.15667e1	1.12901e2	1.1777877e-4	1.2941360e-3	1.2087342e1	1.0831719	
2022-02-25	11:1:46	4.25667e-1	1.22723e-1	-4.28985e1	5.15634e1	1.12915e2	1.4460086e-4	1.2876987e-3	1.2093217e1	1.0831036	
2022-02-25	11:1:47	4.95559e-1	1.26922e-1	-4.25848e1	5.15701e1	1.12917e2	1.6832351e-4	1.3312697e-3	1.2094056e1	1.0830916	
2022-02-25	11:1:47	4.27621e-1	1.27304e-1	-4.25566e1	5.15701e1	1.12921e2	1.4525651e-4	1.3352632e-3	1.2099092e1	1.0830748	
2022-02-25	11:1:48	4.19315e-1	1.26514e-1	-4.26142e1	5.15634e1	1.12926e2	1.4245510e-4	1.3271570e-3	1.2087342e1	1.0830508	
2022-02-25	11:1:48	3.50544e-1	1.27082e-1	-4.25718e1	5.15667e1	1.12933e2	1.1909008e-4	1.3331174e-3	1.2102448e1	1.0830173	
