"2022-02-25 at 11:5"
System_Date_(Y-M-D)	System_Time_(h:m:s)	CO₂_(µmol_mol⁻¹)	H₂O_(mmol_mol⁻¹)	H₂O_(°C)	Cell_Temperature_(°C)	Cell_Pressure_(kPa)	CO₂_Absorption	H₂O_Absorption	Input_Voltage_(V)	Flow_Rate_(L_min⁻¹)	
2022-02-25	11:5:28	1.93094e-2	1.18935e-1	-4.31879e1	5.15667e1	1.12937e2	6.5565109e-6	1.2485980e-3	1.2088181e1	1.0830134	
2022-02-25	11:5:28	1.94146e-1	1.27464e-1	-4.25437e1	5.15634e1	1.12934e2	6.5982341e-5	1.3371109e-3	1.2086503e1	1.0830125	
2022-02-25	11:5:29	3.30835e-1	1.21474e-1	-4.29921e1	5.15634e1	1.12934e2	1.1241436e-4	1.2749433e-3	1.2094056e1	1.0830137	
2022-02-25	11:5:29	2.34718e-1	1.17969e-1	-4.32638e1	5.15667e1	1.12933e2	7.9751014e-5	1.2385249e-3	1.2103288e1	1.0830149	
2022-02-25	11:5:30	2.87801e-1	1.22641e-1	-4.29032e1	5.15667e1	1.12933e2	9.7811222e-5	1.2870430e-3	1.2089860e1	1.0830161	
2022-02-25	11:5:30	3.71217e-1	1.23155e-1	-4.28646e1	5.15634e1	1.12929e2	1.2612342e-4	1.2923479e-3	1.2088181e1	1.0830340	
2022-02-25	11:5:31	3.42311e-1	1.19495e-1	-4.31450e1	5.15667e1	1.12929e2	1.1628866e-4	1.2543201e-3	1.2097413e1	1.0830365	
2022-02-25	11:5:31	3.04717e-1	1.20426e-1	-4.30731e1	5.15667e1	1.12928e2	1.0353326e-4	1.2639760e-3	1.2091538e1	1.0830413	
2022-02-25	11:5:32	3.04717e-1	1.20426e-1	-4.30731e1	5.15667e1	1.12928e2	1.0353326e-4	1.2639760e-3	1.2091538e1	1.0830413	
2022-02-25	11:5:32	2.45737e-1	1.22728e-1	-4.28967e1	5.15667e1	1.12932e2	8.3506107e-5	1.2879371e-3	1.2104966e1	1.0830197	
2022-02-25	11:5:33	2.45737e-1	1.22728e-1	-4.28967e1	5.15667e1	1.12932e2	8.3506107e-5	1.2879371e-3	1.2104966e1	1.0830197	
2022-02-25	11:5:33	1.52086e-1	1.22151e-1	-4.29408e1	5.15634e1	1.12929e2	5.1677227e-5	1.2819170e-3	1.2089021e1	1.0830365	
2022-02-25	11:5:34	3.00504e-1	1.21069e-1	-4.30232e1	5.15667e1	1.12933e2	1.0210275e-4	1.2707114e-3	1.2090699e1	1.0830185	
2022-02-25	11:5:34	2.63949e-1	1.22349e-1	-4.29259e1	5.15667e1	1.12928e2	8.9704990e-5	1.2839436e-3	1.2088181e1	1.0830425	
2022-02-25	11:5:35	2.31025e-1	1.22267e-1	-4.29320e1	5.15667e1	1.12929e2	7.8499317e-5	1.2831091e-3	1.2093217e1	1.0830340	
2022-02-25	11:5:35	1.29795e-1	1.22186e-1	-4.29385e1	5.15667e1	1.12925e2	4.4107437e-5	1.2822151e-3	1.2093217e1	1.0830569	
2022-02-25	11:5:36	1.99592e-1	1.24164e-1	-4.27889e1	5.15667e1	1.12927e2	6.7830085e-5	1.3027787e-3	1.2105805e1	1.0830436	
2022-02-25	11:5:36	1.99592e-1	1.24164e-1	-4.27889e1	5.15667e1	1.12927e2	6.7830085e-5	1.3027787e-3	1.2105805e1	1.0830436	
2022-02-25	11:5:37	4.08683e-1	1.18741e-1	-4.32041e1	5.15634e1	1.12924e2	1.3881921e-4	1.2464523e-3	1.2091538e1	1.0830605	
2022-02-25	11:5:37	3.36477e-1	1.18807e-1	-4.31991e1	5.15667e1	1.12923e2	1.1432170e-4	1.2471079e-3	1.2089021e1	1.0830640	
2022-02-25	11:5:38	3.22282e-1	1.20090e-1	-4.30992e1	5.15667e1	1.12925e2	1.0949373e-4	1.2604594e-3	1.2094056e1	1.0830544	
2022-02-25	11:5:38	2.99856e-1	1.21211e-1	-4.30126e1	5.15667e1	1.12929e2	1.0186433e-4	1.2721419e-3	1.2094056e1	1.0830365	
2022-02-25	11:5:39	2.19032e-1	1.19277e-1	-4.31621e1	5.15634e1	1.12927e2	7.4446201e-5	1.2520551e-3	1.2091538e1	1.0830448	
2022-02-25	11:5:39	2.19032e-1	1.19277e-1	-4.31621e1	5.15634e1	1.12927e2	7.4446201e-5	1.2520551e-3	1.2091538e1	1.0830448	
2022-02-25	11:5:40	2.92597e-1	1.18059e-1	-4.32575e1	5.15667e1	1.12925e2	9.9420547e-5	1.2393593e-3	1.2091538e1	1.0830544	
2022-02-25	11:5:40	5.67714e-1	1.17618e-1	-4.32921e1	5.15701e1	1.12925e2	1.9282102e-4	1.2347698e-3	1.2090699e1	1.0830556	
2022-02-25	11:5:41	3.25588e-1	1.19753e-1	-4.31254e1	5.15667e1	1.12924e2	1.1062622e-4	1.2569427e-3	1.2089021e1	1.0830616	
2022-02-25	11:5:41	1.66669e-1	1.24972e-1	-4.27287e1	5.15667e1	1.12924e2	5.6624412e-5	1.3111233e-3	1.2099931e1	1.0830593	
2022-02-25	11:5:42	2.72765e-1	1.27583e-1	-4.25356e1	5.15667e1	1.12927e2	9.2685222e-5	1.3382434e-3	1.2104127e1	1.0830460	
2022-02-25	11:5:42	2.40485e-1	1.21219e-1	-4.30123e1	5.15634e1	1.12926e2	8.1717967e-5	1.2722015e-3	1.2089860e1	1.0830508	
2022-02-25	11:5:43	2.19812e-1	1.15836e-1	-4.34333e1	5.15667e1	1.12928e2	7.4684619e-5	1.2162923e-3	1.2091538e1	1.0830425	
2022-02-25	11:5:43	1.90127e-1	1.19304e-1	-4.31598e1	5.15634e1	1.12929e2	6.4611434e-5	1.2523531e-3	1.2102448e1	1.0830340	
2022-02-25	11:5:44	3.02838e-1	1.22838e-1	-4.28888e1	5.15667e1	1.12926e2	1.0287761e-4	1.2890100e-3	1.2099092e1	1.0830484	
2022-02-25	11:5:44	3.77378e-1	1.20923e-1	-4.30347e1	5.15667e1	1.12930e2	1.2820959e-4	1.2691617e-3	1.2084825e1	1.0830304	
2022-02-25	11:5:45	2.67322e-1	1.19686e-1	-4.31302e1	5.15701e1	1.12928e2	9.0837478e-5	1.2562870e-3	1.2089021e1	1.0830401	
2022-02-25	11:5:45	5.09879e-1	1.18447e-1	-4.32260e1	5.15667e1	1.12938e2	1.7321109e-4	1.2435317e-3	1.2089860e1	1.0829945	
2022-02-25	11:5:46	1.87086e-1	1.22019e-1	-4.29533e1	5.15701e1	1.12900e2	6.3538551e-5	1.2801885e-3	1.2089021e1	1.0831755	
2022-02-25	11:5:46	3.50554e-2	1.25684e-1	-4.26677e1	5.15667e1	1.13021e2	1.1920928e-5	1.3196468e-3	1.2107484e1	1.0825955	
2022-02-25	11:5:47	5.51695e-1	1.20401e-1	-4.30639e1	5.15667e1	1.13063e2	1.8763542e-4	1.2652277e-3	1.2101609e1	1.0823968	
2022-02-25	11:5:47	5.00414e-1	1.18473e-1	-4.32122e1	5.15667e1	1.13081e2	1.7023086e-4	1.2453794e-3	1.2092378e1	1.0823082	
2022-02-25	11:5:48	4.25026e-1	1.18236e-1	-4.32305e1	5.15701e1	1.13085e2	1.4460086e-4	1.2429356e-3	1.2089860e1	1.0822916	
2022-02-25	11:5:48	1.75807e-1	1.16702e-1	-4.33513e1	5.15667e1	1.13087e2	5.9843063e-5	1.2270212e-3	1.2086503e1	1.0822772	
2022-02-25	11:5:49	1.23833e-1	1.17623e-1	-4.32784e1	5.15667e1	1.13088e2	4.2140483e-5	1.2366175e-3	1.2093217e1	1.0822737	
2022-02-25	11:5:49	3.12301e-1	1.21992e-1	-4.29400e1	5.15667e1	1.13086e2	1.0627508e-4	1.2820363e-3	1.2094056e1	1.0822820	
2022-02-25	11:5:50	3.53330e-1	1.20718e-1	-4.30374e1	5.15667e1	1.13087e2	1.2022256e-4	1.2688040e-3	1.2089021e1	1.0822772	
2022-02-25	11:5:50	4.21846e-1	1.18163e-1	-4.32365e1	5.15667e1	1.13082e2	1.4352798e-4	1.2421607e-3	1.2101609e1	1.0823035	
2022-02-25	11:5:51	3.75232e-1	1.20991e-1	-4.30173e1	5.15600e1	1.13077e2	1.2767314e-4	1.2715458e-3	1.2103288e1	1.0823286	
2022-02-25	11:5:51	-6.91717e-1	1.27008e-1	-4.25653e1	5.15634e1	1.13078e2	-2.3567676e-4	1.3340711e-3	1.2089021e1	1.0823227	
2022-02-25	11:5:52	-1.75068e1	-5.43157e-3	-2.73149e2	5.15667e1	1.13947e2	-6.1557292e-3	-5.8174133e-5	1.2101609e1	1.0781865	
2022-02-25	11:5:52	5.97253e1	5.86622e-1	-2.71338e1	5.15634e1	1.13517e2	1.8923461e-2	5.9543251e-3	1.2091538e1	1.0802266	
2022-02-25	11:5:53	1.29543e2	1.13511	-1.97572e1	5.15701e1	1.13241e2	3.7848234e-2	1.1036336e-2	1.2093217e1	1.0815434	
2022-02-25	11:5:53	3.43604e1	4.81548e-1	-2.92860e1	5.15701e1	1.13160e2	1.1193037e-2	4.9132108e-3	1.2090699e1	1.0819329	
2022-02-25	11:5:54	-1.02356e1	9.12262e-2	-4.56038e1	5.15634e1	1.13112e2	-3.5343170e-3	9.6154212e-4	1.2101609e1	1.0821588	
2022-02-25	11:5:54	-6.28782	8.78963e-2	-4.59419e1	5.15634e1	1.13085e2	-2.1588802e-3	9.2649459e-4	1.2094895e1	1.0822892	
2022-02-25	11:5:55	-1.29363	1.09358e-1	-4.39529e1	5.15600e1	1.13067e2	-4.4107437e-4	1.1503696e-3	1.2089021e1	1.0823730	
2022-02-25	11:5:55	5.49485e-1	1.17322e-1	-4.33046e1	5.15634e1	1.13057e2	1.8686056e-4	1.2331604e-3	1.2089021e1	1.0824220	
2022-02-25	11:5:56	8.25450e-1	1.18651e-1	-4.32001e1	5.15667e1	1.13059e2	2.8061866e-4	1.2469887e-3	1.2102448e1	1.0824136	
2022-02-25	11:5:56	8.46333e-1	1.21904e-1	-4.29491e1	5.15667e1	1.13057e2	2.8771162e-4	1.2807846e-3	1.2091538e1	1.0824255	
2022-02-25	11:5:57	1.02112	1.23504e-1	-4.28282e1	5.15667e1	1.13052e2	3.4701824e-4	1.2973546e-3	1.2092378e1	1.0824495	
2022-02-25	11:5:57	1.02574	1.21461e-1	-4.29835e1	5.15734e1	1.13050e2	3.4856796e-4	1.2760758e-3	1.2103288e1	1.0824590	
2022-02-25	11:5:58	8.32594e-1	1.22851e-1	-4.28780e1	5.15701e1	1.13047e2	2.8300285e-4	1.2905001e-3	1.2092378e1	1.0824723	
2022-02-25	11:5:58	1.00232	1.24105e-1	-4.27833e1	5.15701e1	1.13049e2	3.4064054e-4	1.3035535e-3	1.2093217e1	1.0824627	
2022-02-25	11:5:59	1.09124	1.23107e-1	-4.28584e1	5.15701e1	1.13049e2	3.7080049e-4	1.2931823e-3	1.2099092e1	1.0824638	
2022-02-25	11:5:59	5.57076e-1	1.20152e-1	-4.30843e1	5.15667e1	1.13050e2	1.8942356e-4	1.2624859e-3	1.2098252e1	1.0824590	
2022-02-25	11:6:00	4.09270e-1	1.20340e-1	-4.30705e1	5.15667e1	1.13039e2	1.3917684e-4	1.2643337e-3	1.2089860e1	1.0825070	
2022-02-25	11:6:00	3.86909e-1	1.32332e-1	-4.21866e1	5.15667e1	1.13014e2	1.3154745e-4	1.3885498e-3	1.2089860e1	1.0826278	
2022-02-25	11:6:01	4.14069e-1	1.26963e-1	-4.25744e1	5.15667e1	1.13007e2	1.4078617e-4	1.3327598e-3	1.2091538e1	1.0826803	
2022-02-25	11:6:01	6.28917e-1	1.12212e-1	-4.37207e1	5.15701e1	1.13004e2	2.1374225e-4	1.1793971e-3	1.2089860e1	1.0827225	
2022-02-25	11:6:02	4.82068e-1	1.15566e-1	-4.34489e1	5.15667e1	1.13000e2	1.6385316e-4	1.2142658e-3	1.2091538e1	1.0827138	
2022-02-25	11:6:02	4.02270e-1	1.22463e-1	-4.29133e1	5.15667e1	1.12976e2	1.3673305e-4	1.2856721e-3	1.2088181e1	1.0828136	
2022-02-25	11:6:03	4.97628e-1	1.24612e-1	-4.27519e1	5.15667e1	1.12969e2	1.6909837e-4	1.3079047e-3	1.2089860e1	1.0828459	
2022-02-25	11:6:03	3.37389e-1	1.22208e-1	-4.29332e1	5.15700e1	1.12968e2	1.1467933e-4	1.2829303e-3	1.2101609e1	1.0828471	
2022-02-25	11:6:04	2.72315e-1	1.19599e-1	-4.31333e1	5.15734e1	1.12974e2	9.2566013e-5	1.2558698e-3	1.2103288e1	1.0828219	
2022-02-25	11:6:04	6.77347e-1	1.21728e-1	-4.29692e1	5.15667e1	1.12977e2	2.3013353e-4	1.2780427e-3	1.2091538e1	1.0828088	
2022-02-25	11:6:05	6.63666e-1	1.22785e-1	-4.28884e1	5.15667e1	1.12980e2	2.2548437e-4	1.2890696e-3	1.2093217e1	1.0827920	
2022-02-25	11:6:05	4.66704e-1	1.18346e-1	-4.32301e1	5.15667e1	1.12984e2	1.5860795e-4	1.2429952e-3	1.2091538e1	1.0827728	
2022-02-25	11:6:06	5.02809e-1	1.21277e-1	-4.30031e1	5.15634e1	1.12984e2	1.7088651e-4	1.2734532e-3	1.2096574e1	1.0827740	
2022-02-25	11:6:06	5.03004e-1	1.24068e-1	-4.27916e1	5.15634e1	1.12982e2	1.7094612e-4	1.3024210e-3	1.2094895e1	1.0827835	
2022-02-25	11:6:07	2.19356e-1	1.20431e-1	-4.30679e1	5.15634e1	1.12986e2	7.4565410e-5	1.2646913e-3	1.2092378e1	1.0827656	
2022-02-25	11:6:07	2.19356e-1	1.20431e-1	-4.30679e1	5.15634e1	1.12986e2	7.4565410e-5	1.2646913e-3	1.2092378e1	1.0827656	
2022-02-25	11:6:08	2.11063e-1	1.19088e-1	-4.31719e1	5.15667e1	1.12987e2	7.1763992e-5	1.2507438e-3	1.2089860e1	1.0827572	
2022-02-25	11:6:08	3.21570e-1	1.22528e-1	-4.29076e1	5.15667e1	1.12984e2	1.0931491e-4	1.2864470e-3	1.2102448e1	1.0827728	
2022-02-25	11:6:09	3.21570e-1	1.22528e-1	-4.29076e1	5.15667e1	1.12984e2	1.0931491e-4	1.2864470e-3	1.2102448e1	1.0827728	
2022-02-25	11:6:09	4.49142e-1	1.22672e-1	-4.28966e1	5.15701e1	1.12985e2	1.5264749e-4	1.2879371e-3	1.2092378e1	1.0827680	
2022-02-25	11:6:10	1.67380e-1	1.22434e-1	-4.29147e1	5.15634e1	1.12986e2	5.6922435e-5	1.2854933e-3	1.2095735e1	1.0827656	
2022-02-25	11:6:10	1.47292e-1	1.21427e-1	-4.29916e1	5.15667e1	1.12984e2	5.0067901e-5	1.2750029e-3	1.2089021e1	1.0827752	
2022-02-25	11:6:11	2.77755e-1	1.23743e-1	-4.28161e1	5.15667e1	1.12981e2	9.4413757e-5	1.2990236e-3	1.2093217e1	1.0827872	
2022-02-25	11:6:11	2.68421e-1	1.21266e-1	-4.30043e1	5.15667e1	1.12979e2	9.1254711e-5	1.2732744e-3	1.2087342e1	1.0827980	
2022-02-25	11:6:12	3.61238e-1	1.19665e-1	-4.31277e1	5.15667e1	1.12980e2	1.2278556e-4	1.2566447e-3	1.2104966e1	1.0827944	
2022-02-25	11:6:12	3.61238e-1	1.19665e-1	-4.31277e1	5.15667e1	1.12980e2	1.2278556e-4	1.2566447e-3	1.2104966e1	1.0827944	
2022-02-25	11:6:13	3.45098e-1	1.19270e-1	-4.31585e1	5.15667e1	1.12979e2	1.1730194e-4	1.2525320e-3	1.2094895e1	1.0827980	
2022-02-25	11:6:13	2.19488e-1	1.19284e-1	-4.31571e1	5.15667e1	1.12982e2	7.4625015e-5	1.2527108e-3	1.2099931e1	1.0827847	
