"2022-03-15 at 10:22"
System_Date_(Y-M-D)	System_Time_(h:m:s)	CO₂_(µmol_mol⁻¹)	H₂O_(mmol_mol⁻¹)	H₂O_(°C)	Cell_Temperature_(°C)	Cell_Pressure_(kPa)	CO₂_Absorption	H₂O_Absorption	Input_Voltage_(V)	Flow_Rate_(L_min⁻¹)	
2022-03-15	10:22:57	3.01872e-1	2.13637e-1	-3.75546e1	5.15600e1	1.13485e2	1.0311603e-4	2.2352337e-3	1.2038667e1	1.0803725	
2022-03-15	10:22:58	1.54232e-1	2.22543e-1	-3.71528e1	5.15634e1	1.13488e2	5.2690505e-5	2.3266673e-3	1.2035310e1	1.0803582	
2022-03-15	10:22:58	7.03091e-2	2.31205e-1	-3.67756e1	5.15634e1	1.13492e2	2.4020671e-5	2.4155378e-3	1.2033631e1	1.0803356	
2022-03-15	10:22:59	-1.13003e-1	2.24547e-1	-3.70638e1	5.15667e1	1.13495e2	-3.8623809e-5	2.3473501e-3	1.2035310e1	1.0803490	
2022-03-15	10:22:59	-1.03932e-1	2.16622e-1	-3.74172e1	5.15667e1	1.13498e2	-3.5524368e-5	2.2661089e-3	1.2038667e1	1.0803512	
2022-03-15	10:23:00	3.69350e-3	2.13577e-1	-3.75558e1	5.15634e1	1.13502e2	1.2516975e-6	2.2349357e-3	1.2041184e1	1.0802980	
2022-03-15	10:23:00	-4.14701e-2	2.16166e-1	-3.74373e1	5.15634e1	1.13505e2	-1.4185905e-5	2.2615790e-3	1.2047059e1	1.0802773	
2022-03-15	10:23:01	-2.63239e-1	2.17984e-1	-3.73546e1	5.15600e1	1.13510e2	-9.0003013e-5	2.2803544e-3	1.2036988e1	1.0802546	
2022-03-15	10:23:01	-2.49634e-1	2.16568e-1	-3.74184e1	5.15600e1	1.13512e2	-8.5353851e-5	2.2658705e-3	1.2036988e1	1.0802428	
2022-03-15	10:23:02	2.81226e-2	2.17628e-1	-3.73701e1	5.15600e1	1.13516e2	9.5963478e-6	2.2768378e-3	1.2031953e1	1.0802226	
2022-03-15	10:23:02	2.21310e-1	2.16286e-1	-3.74305e1	5.15634e1	1.13521e2	7.5638294e-5	2.2631287e-3	1.2045381e1	1.0802000	
2022-03-15	10:23:03	1.53326e-1	2.15141e-1	-3.74824e1	5.15667e1	1.13523e2	5.2392482e-5	2.2513866e-3	1.2036988e1	1.0801905	
2022-03-15	10:23:03	1.20525e-2	2.17211e-1	-3.73879e1	5.15634e1	1.13529e2	4.1127204e-6	2.2727847e-3	1.2035310e1	1.0801631	
2022-03-15	10:23:04	-1.40471e-1	2.16969e-1	-3.73985e1	5.15600e1	1.13532e2	-4.8041343e-5	2.2704005e-3	1.2034471e1	1.0801453	
2022-03-15	10:23:04	-2.09296e-2	2.13411e-1	-3.75604e1	5.15634e1	1.13538e2	-7.1525573e-6	2.2339224e-3	1.2035310e1	1.0801215	
2022-03-15	10:23:05	3.03107e-1	2.13941e-1	-3.75359e1	5.15634e1	1.13539e2	1.0359287e-4	2.2394061e-3	1.2045381e1	1.0801131	
2022-03-15	10:23:05	1.40168e-1	2.16986e-1	-3.73968e1	5.15634e1	1.13543e2	4.7922134e-5	2.2707581e-3	1.2036988e1	1.0800942	
2022-03-15	10:23:06	2.02450e-1	2.14641e-1	-3.75030e1	5.15634e1	1.13550e2	6.9200992e-5	2.2467970e-3	1.2036149e1	1.0800644	
2022-03-15	10:23:06	2.81069e-1	2.14647e-1	-3.75019e1	5.15634e1	1.13558e2	9.6082687e-5	2.2470355e-3	1.2036149e1	1.0800228	
2022-03-15	10:23:07	-6.99819e-3	2.14685e-1	-3.75003e1	5.15634e1	1.13557e2	-2.3841857e-6	2.2473931e-3	1.2031953e1	1.0800299	
2022-03-15	10:23:07	-3.58328e-2	2.13805e-1	-3.75402e1	5.15634e1	1.13562e2	-1.2278556e-5	2.2384524e-3	1.2036988e1	1.0800062	
2022-03-15	10:23:08	4.23785e-2	2.15368e-1	-3.74681e1	5.15600e1	1.13568e2	1.4483928e-5	2.2546648e-3	1.2036988e1	1.0799752	
2022-03-15	10:23:08	9.63586e-2	2.13941e-1	-3.75331e1	5.15600e1	1.13572e2	3.2961368e-5	2.2400617e-3	1.2032792e1	1.0799586	
2022-03-15	10:23:09	-2.48172e-2	2.18483e-1	-3.73260e1	5.15600e1	1.13581e2	-8.4638595e-6	2.2869110e-3	1.2036149e1	1.0799170	
2022-03-15	10:23:09	-5.92881e-2	2.15978e-1	-3.74388e1	5.15600e1	1.13586e2	-2.0265579e-5	2.2612810e-3	1.2042863e1	1.0798897	
2022-03-15	10:23:10	-5.92881e-2	2.15978e-1	-3.74388e1	5.15600e1	1.13586e2	-2.0265579e-5	2.2612810e-3	1.2042863e1	1.0798897	
2022-03-15	10:23:10	-1.23692e-1	2.11214e-1	-3.76574e1	5.15634e1	1.13589e2	-4.2319297e-5	2.2123456e-3	1.2037827e1	1.0798754	
2022-03-15	10:23:11	6.48003e-2	2.13108e-1	-3.75693e1	5.15634e1	1.13596e2	2.2172927e-5	2.2319555e-3	1.2038667e1	1.0798434	
2022-03-15	10:23:11	6.37629e-2	2.15424e-1	-3.74624e1	5.15600e1	1.13606e2	2.1815299e-5	2.2559762e-3	1.2031953e1	1.0797970	
2022-03-15	10:23:12	3.00446e-1	2.16656e-1	-3.74060e1	5.15600e1	1.13610e2	1.0275840e-4	2.2687315e-3	1.2033631e1	1.0797756	
2022-03-15	10:23:12	1.32390e-1	2.16276e-1	-3.74231e1	5.15600e1	1.13612e2	4.5299530e-5	2.2648572e-3	1.2047898e1	1.0797673	
2022-03-15	10:23:13	1.32390e-1	2.16276e-1	-3.74231e1	5.15600e1	1.13612e2	4.5299530e-5	2.2648572e-3	1.2047898e1	1.0797673	
2022-03-15	10:23:13	-1.08725e-1	2.14059e-1	-3.75238e1	5.15634e1	1.13617e2	-3.7193298e-5	2.2421479e-3	1.2033631e1	1.0797436	
2022-03-15	10:23:14	4.40642e-2	2.12342e-1	-3.76095e1	5.15667e1	1.13540e2	1.5079975e-5	2.2229552e-3	1.2032792e1	1.0801119	
2022-03-15	10:23:14	1.51704e-1	2.18585e-1	-3.73181e1	5.15634e1	1.13619e2	5.1915645e-5	2.2886991e-3	1.2032792e1	1.0797352	
2022-03-15	10:23:15	5.68634e-1	2.11412e-1	-3.76480e1	5.15634e1	1.13592e2	1.9437074e-4	2.2144317e-3	1.2031953e1	1.0798635	
2022-03-15	10:23:15	8.63799e-2	2.17066e-1	-3.73867e1	5.15634e1	1.13618e2	2.9563903e-5	2.2730827e-3	1.2034471e1	1.0797376	
2022-03-15	10:23:16	8.63799e-2	2.17066e-1	-3.73867e1	5.15634e1	1.13618e2	2.9563903e-5	2.2730827e-3	1.2034471e1	1.0797376	
2022-03-15	10:23:16	3.29184e-2	2.16969e-1	-3.73885e1	5.15667e1	1.13649e2	1.1265277e-5	2.2726655e-3	1.2036988e1	1.0795938	
2022-03-15	10:23:17	3.00510e-1	2.11192e-1	-3.76522e1	5.15600e1	1.13661e2	1.0281801e-4	2.2135376e-3	1.2035310e1	1.0795345	
2022-03-15	10:23:17	3.08435e-2	2.13279e-1	-3.75553e1	5.15534e1	1.13667e2	1.0550022e-5	2.2351741e-3	1.2033631e1	1.0795072	
2022-03-15	10:23:18	-1.44098e-1	2.15642e-1	-3.74475e1	5.15567e1	1.13663e2	-4.9352645e-5	2.2593736e-3	1.2036988e1	1.0795273	
2022-03-15	10:23:18	-6.40181e-2	2.18546e-1	-3.73159e1	5.15600e1	1.13664e2	-2.1934509e-5	2.2892355e-3	1.2035310e1	1.0795203	
2022-03-15	10:23:19	-6.40181e-2	2.18546e-1	-3.73159e1	5.15600e1	1.13664e2	-2.1934509e-5	2.2892355e-3	1.2035310e1	1.0795203	
2022-03-15	10:23:19	1.59544e-1	2.14653e-1	-3.74921e1	5.15600e1	1.13669e2	5.4597854e-5	2.2493004e-3	1.2047059e1	1.0794966	
2022-03-15	10:23:20	1.19299e-1	2.13016e-1	-3.75668e1	5.15600e1	1.13673e2	4.0829181e-5	2.2325515e-3	1.2043702e1	1.0794751	
2022-03-15	10:23:20	-3.58401e-1	2.20319e-1	-3.72347e1	5.15634e1	1.13684e2	-1.2278556e-4	2.3078322e-3	1.2051255e1	1.0794265	
2022-03-15	10:23:21	-3.58401e-1	2.20319e-1	-3.72347e1	5.15634e1	1.13684e2	-1.2278556e-4	2.3078322e-3	1.2051255e1	1.0794265	
2022-03-15	10:23:21	-1.58480e1	1.53926e-1	-4.06717e1	5.15634e1	1.14070e2	-5.5661201e-3	1.6271471e-3	1.2042024e1	1.0775986	
2022-03-15	10:23:22	5.00545e1	5.65412e-1	-2.74540e1	5.15600e1	1.14343e2	1.6170740e-2	5.7902932e-3	1.2037827e1	1.0763114	
2022-03-15	10:23:22	5.00545e1	5.65412e-1	-2.74540e1	5.15600e1	1.14343e2	1.6170740e-2	5.7902932e-3	1.2037827e1	1.0763114	
2022-03-15	10:23:23	1.46871e2	1.15593	-1.94878e1	5.15600e1	1.13811e2	4.2364654e-2	1.1278748e-2	1.2035310e1	1.0788217	
2022-03-15	10:23:23	-1.47740e1	1.71187e-1	-3.96878e1	5.15667e1	1.13688e2	-5.1621198e-3	1.8008351e-3	1.2035310e1	1.0794075	
2022-03-15	10:23:24	-1.03126e1	1.67892e-1	-3.98754e1	5.15634e1	1.13675e2	-3.5806894e-3	1.7665028e-3	1.2033631e1	1.0794657	
2022-03-15	10:23:24	-3.73922	1.98912e-1	-3.82367e1	5.15634e1	1.13673e2	-1.2866258e-3	2.0872354e-3	1.2036149e1	1.0794775	
2022-03-15	10:23:25	-9.61527e-1	2.10106e-1	-3.77013e1	5.15600e1	1.13678e2	-3.2961368e-4	2.2026896e-3	1.2041184e1	1.0794550	
2022-03-15	10:23:25	-9.61527e-1	2.10106e-1	-3.77013e1	5.15600e1	1.13678e2	-3.2961368e-4	2.2026896e-3	1.2041184e1	1.0794550	
2022-03-15	10:23:26	2.92541e-1	2.14161e-1	-3.75122e1	5.15634e1	1.13697e2	1.0013580e-4	2.2447705e-3	1.2042863e1	1.0793648	
2022-03-15	10:23:26	2.98249e-1	2.16281e-1	-3.74151e1	5.15667e1	1.13701e2	1.0210275e-4	2.2666454e-3	1.2032792e1	1.0793434	
2022-03-15	10:23:27	2.52066e-2	2.15144e-1	-3.74657e1	5.15600e1	1.13715e2	8.6426734e-6	2.2552609e-3	1.2032792e1	1.0792782	
2022-03-15	10:23:27	1.28437e-1	2.14812e-1	-3.74800e1	5.15600e1	1.13725e2	4.3988227e-5	2.2520422e-3	1.2036988e1	1.0792319	
2022-03-15	10:23:28	1.49176e-1	2.14199e-1	-3.75075e1	5.15634e1	1.13732e2	5.1081180e-5	2.2458434e-3	1.2040345e1	1.0791987	
2022-03-15	10:23:28	1.49176e-1	2.14199e-1	-3.75075e1	5.15634e1	1.13732e2	5.1081180e-5	2.2458434e-3	1.2040345e1	1.0791987	
2022-03-15	10:23:29	-2.92239e-2	2.16960e-1	-3.73810e1	5.15667e1	1.13740e2	-1.0013580e-5	2.2743940e-3	1.2031953e1	1.0791608	
2022-03-15	10:23:29	2.12169e-1	2.16016e-1	-3.74238e1	5.15600e1	1.13740e2	7.2658061e-5	2.2647380e-3	1.2036149e1	1.0791572	
2022-03-15	10:23:30	1.73479e-1	2.13737e-1	-3.75272e1	5.15634e1	1.13749e2	5.9425830e-5	2.2414326e-3	1.2048738e1	1.0791169	
2022-03-15	10:23:30	4.27045e-1	2.11355e-1	-3.76370e1	5.15634e1	1.13751e2	1.4621019e-4	2.2169351e-3	1.2031953e1	1.0791085	
2022-03-15	10:23:31	8.85830e-2	2.10791e-1	-3.76633e1	5.15634e1	1.13749e2	3.0338764e-5	2.2110939e-3	1.2035310e1	1.0791169	
2022-03-15	10:23:31	8.85830e-2	2.10791e-1	-3.76633e1	5.15634e1	1.13749e2	3.0338764e-5	2.2110939e-3	1.2035310e1	1.0791169	
2022-03-15	10:23:32	-3.22383e-1	2.27884e-1	-3.68955e1	5.15600e1	1.13758e2	-1.1050701e-4	2.3871064e-3	1.2048738e1	1.0790753	
2022-03-15	10:23:32	-1.40149e-1	2.38074e-1	-3.64624e1	5.15600e1	1.13760e2	-4.8041343e-5	2.4917125e-3	1.2040345e1	1.0790671	
2022-03-15	10:23:33	5.48204e-2	2.21805e-1	-3.71618e1	5.15600e1	1.13761e2	1.8775463e-5	2.3247003e-3	1.2033631e1	1.0790952	
2022-03-15	10:23:33	-3.49906e-3	2.12469e-1	-3.75841e1	5.15600e1	1.13766e2	-1.1920928e-6	2.2287368e-3	1.2037827e1	1.0790603	
2022-03-15	10:23:34	9.13049e-2	2.14443e-1	-3.74930e1	5.15634e1	1.13770e2	3.1292438e-5	2.2491216e-3	1.2036149e1	1.0790148	
2022-03-15	10:23:34	9.13049e-2	2.14443e-1	-3.74930e1	5.15634e1	1.13770e2	3.1292438e-5	2.2491216e-3	1.2036149e1	1.0790148	
2022-03-15	10:23:35	9.56469e-2	2.16348e-1	-3.74053e1	5.15634e1	1.13779e2	3.2782554e-5	2.2689104e-3	1.2032792e1	1.0789722	
2022-03-15	10:23:35	9.60357e-2	2.16603e-1	-3.73940e1	5.15634e1	1.13776e2	3.2901763e-5	2.2714734e-3	1.2039506e1	1.0789877	
2022-03-15	10:23:36	1.04972e-2	2.15858e-1	-3.74273e1	5.15600e1	1.13783e2	3.5762786e-6	2.2639632e-3	1.2041184e1	1.0789544	
2022-03-15	10:23:36	-6.12319e-2	2.14367e-1	-3.74955e1	5.15600e1	1.13782e2	-2.0980834e-5	2.2485852e-3	1.2035310e1	1.0789628	
2022-03-15	10:23:37	2.60485	1.89130e-1	-3.87359e1	5.15667e1	1.13568e2	8.8775157e-4	1.9844174e-3	1.2032792e1	1.0783492	
2022-03-15	10:23:37	2.52876e-1	2.04957e-1	-3.80430e1	5.15667e1	1.12533e2	8.5592269e-5	2.1280050e-3	1.2034471e1	1.0747528	
2022-03-15	10:23:38	-3.98716	2.51465e-1	-3.60391e1	5.15667e1	1.12389e2	-1.3555288e-3	2.5972127e-3	1.2048738e1	1.0754040	
2022-03-15	10:23:38	-1.58057	2.34527e-1	-3.67289e1	5.15634e1	1.12414e2	-5.3572654e-4	2.4263262e-3	1.2037827e1	1.0771019	
2022-03-15	10:23:39	7.57076e-1	2.10659e-1	-3.77821e1	5.15701e1	1.12447e2	2.5588274e-4	2.1844506e-3	1.2034471e1	1.0783202	
2022-03-15	10:23:39	1.26032	2.04972e-1	-3.80472e1	5.15634e1	1.12476e2	4.2581558e-4	2.1271109e-3	1.2036988e1	1.0791710	
2022-03-15	10:23:40	1.12415	2.03614e-1	-3.81098e1	5.15634e1	1.12503e2	3.7997961e-4	2.1137595e-3	1.2034471e1	1.0798655	
2022-03-15	10:23:40	7.95643e-1	2.05819e-1	-3.80030e1	5.15634e1	1.12521e2	2.6911497e-4	2.1365880e-3	1.2048738e1	1.0805176	
2022-03-15	10:23:41	2.96044e-1	2.08925e-1	-3.78561e1	5.15667e1	1.12528e2	1.0019540e-4	2.1683573e-3	1.2036988e1	1.0810017	
2022-03-15	10:23:41	3.87959e-1	2.07077e-1	-3.79413e1	5.15667e1	1.12547e2	1.3130903e-4	2.1498799e-3	1.2036149e1	1.0813378	
2022-03-15	10:23:42	2.52808e-1	2.05763e-1	-3.80023e1	5.15634e1	1.12561e2	8.5592269e-5	2.1367669e-3	1.2036149e1	1.0817154	
2022-03-15	10:23:42	-8.87047e-2	2.08497e-1	-3.78729e1	5.15634e1	1.12564e2	-3.0040740e-5	2.1647214e-3	1.2037827e1	1.0820910	
2022-03-15	10:23:43	1.12108e-1	2.09744e-1	-3.78138e1	5.15667e1	1.12573e2	3.7968158e-5	2.1775960e-3	1.2035310e1	1.0823655	
2022-03-15	10:23:43	5.45620e-2	2.07212e-1	-3.79320e1	5.15667e1	1.12581e2	1.8477439e-5	2.1519064e-3	1.2035310e1	1.0826062	
2022-03-15	10:23:44	4.06292e-2	2.09842e-1	-3.78082e1	5.15634e1	1.12585e2	1.3768672e-5	2.1788477e-3	1.2036149e1	1.0827077	
2022-03-15	10:23:44	2.07118e-1	2.13631e-1	-3.76322e1	5.15667e1	1.12593e2	7.0154666e-5	2.2175908e-3	1.2036149e1	1.0828405	
