"2022-03-16 at 11:24"
System_Date_(Y-M-D)	System_Time_(h:m:s)	CO₂_(µmol_mol⁻¹)	H₂O_(mmol_mol⁻¹)	H₂O_(°C)	Cell_Temperature_(°C)	Cell_Pressure_(kPa)	CO₂_Absorption	H₂O_Absorption	Input_Voltage_(V)	Flow_Rate_(L_min⁻¹)	
2022-03-16	11:24:16	6.81741e-2	2.99258e-1	-3.39539e1	5.15701e1	1.16194e2	2.3901462e-5	3.1822919e-3	1.2049577e1	1.0677129	
2022-03-16	11:24:16	-2.68922e-2	3.00804e-1	-3.39014e1	5.15667e1	1.16195e2	-9.4175338e-6	3.1983852e-3	1.2040345e1	1.0677070	
2022-03-16	11:24:17	-1.51235e-1	2.95295e-1	-3.40889e1	5.15667e1	1.16198e2	-5.3048133e-5	3.1413435e-3	1.2046220e1	1.0676933	
2022-03-16	11:24:17	-1.14239e-1	2.98240e-1	-3.39883e1	5.15701e1	1.16196e2	-4.0054321e-5	3.1718015e-3	1.2042863e1	1.0677025	
2022-03-16	11:24:18	7.27754e-2	3.00496e-1	-3.39118e1	5.15701e1	1.16196e2	2.5510787e-5	3.1951665e-3	1.2035310e1	1.0677047	
2022-03-16	11:24:18	3.36331e-2	2.94371e-1	-3.41207e1	5.15734e1	1.16198e2	1.1801719e-5	3.1316876e-3	1.2040345e1	1.0676944	
2022-03-16	11:24:19	1.07770e-1	2.94232e-1	-3.41259e1	5.15667e1	1.16194e2	3.7789344e-5	3.1301975e-3	1.2036149e1	1.0677129	
2022-03-16	11:24:19	1.53266e-1	2.96732e-1	-3.40398e1	5.15667e1	1.16196e2	5.3703784e-5	3.1561851e-3	1.2039506e1	1.0677047	
2022-03-16	11:24:20	4.04369e-2	2.98588e-1	-3.39765e1	5.15667e1	1.16196e2	1.4185905e-5	3.1754374e-3	1.2036149e1	1.0677037	
2022-03-16	11:24:20	-3.26594e-2	2.98870e-1	-3.39671e1	5.15667e1	1.16194e2	-1.1444091e-5	3.1782984e-3	1.2042024e1	1.0677129	
2022-03-16	11:24:21	-1.32249e-1	2.97531e-1	-3.40126e1	5.15634e1	1.16194e2	-4.6372413e-5	3.1644701e-3	1.2041184e1	1.0677094	
2022-03-16	11:24:21	-7.19285e-3	2.97326e-1	-3.40197e1	5.15634e1	1.16194e2	-2.5033950e-6	3.1623244e-3	1.2036988e1	1.0677129	
2022-03-16	11:24:22	-7.19285e-3	2.97326e-1	-3.40197e1	5.15634e1	1.16194e2	-2.5033950e-6	3.1623244e-3	1.2036988e1	1.0677129	
2022-03-16	11:24:22	-1.02316e-1	2.97212e-1	-3.40237e1	5.15667e1	1.16192e2	-3.5881996e-5	3.1610727e-3	1.2038667e1	1.0677186	
2022-03-16	11:24:23	-2.13173e-1	2.94021e-1	-3.41334e1	5.15667e1	1.16191e2	-7.4744224e-5	3.1279325e-3	1.2036988e1	1.0677266	
2022-03-16	11:24:23	3.84279e-2	2.96264e-1	-3.40560e1	5.15667e1	1.16194e2	1.3470649e-5	3.1512975e-3	1.2041184e1	1.0677094	
2022-03-16	11:24:24	4.98335e-2	2.99168e-1	-3.39573e1	5.15667e1	1.16190e2	1.7464160e-5	3.1812787e-3	1.2034471e1	1.0677312	
2022-03-16	11:24:24	-4.82763e-2	2.93040e-1	-3.41673e1	5.15701e1	1.16191e2	-1.6927719e-5	3.1177401e-3	1.2037827e1	1.0677231	
2022-03-16	11:24:25	-9.79099e-2	2.91787e-1	-3.42108e1	5.15667e1	1.16191e2	-3.4332275e-5	3.1047463e-3	1.2041184e1	1.0677278	
2022-03-16	11:24:25	-1.24799e-1	2.96180e-1	-3.40593e1	5.15667e1	1.16189e2	-4.3749809e-5	3.1502842e-3	1.2054612e1	1.0677335	
2022-03-16	11:24:26	6.42849e-2	2.94906e-1	-3.41029e1	5.15667e1	1.16191e2	2.2530555e-5	3.1371116e-3	1.2043702e1	1.0677278	
2022-03-16	11:24:26	1.51127e-1	2.91626e-1	-3.42162e1	5.15667e1	1.16193e2	5.2988529e-5	3.1031370e-3	1.2038667e1	1.0677174	
2022-03-16	11:24:27	7.47834e-2	2.92013e-1	-3.42028e1	5.15667e1	1.16192e2	2.6226043e-5	3.1071305e-3	1.2054612e1	1.0677208	
2022-03-16	11:24:27	1.19239e-1	2.89882e-1	-3.42771e1	5.15634e1	1.16191e2	4.1782855e-5	3.0850172e-3	1.2036149e1	1.0677243	
2022-03-16	11:24:28	-1.96460e-1	2.90699e-1	-3.42484e1	5.15701e1	1.16193e2	-6.8902969e-5	3.0934810e-3	1.2037827e1	1.0677174	
2022-03-16	11:24:28	-3.11322e-1	2.90939e-1	-3.42401e1	5.15667e1	1.16192e2	-1.0919570e-4	3.0959844e-3	1.2039506e1	1.0677196	
2022-03-16	11:24:29	-8.29420e-2	2.86607e-1	-3.43923e1	5.15667e1	1.16189e2	-2.9087066e-5	3.0509233e-3	1.2037827e1	1.0677347	
2022-03-16	11:24:29	-2.58550e-2	2.91284e-1	-3.42280e1	5.15634e1	1.16193e2	-9.0599060e-6	3.0996203e-3	1.2036149e1	1.0677163	
2022-03-16	11:24:30	1.48273e-1	2.91472e-1	-3.42216e1	5.15600e1	1.16192e2	5.1975250e-5	3.1015872e-3	1.2040345e1	1.0677186	
2022-03-16	11:24:30	2.24493e-1	2.89692e-1	-3.42837e1	5.15634e1	1.16191e2	7.8678131e-5	3.0830502e-3	1.2037827e1	1.0677231	
2022-03-16	11:24:31	3.11698e-2	2.93327e-1	-3.41570e1	5.15667e1	1.16195e2	1.0907649e-5	3.1208395e-3	1.2037827e1	1.0677082	
2022-03-16	11:24:31	2.59205e-3	2.91229e-1	-3.42303e1	5.15667e1	1.16189e2	8.9406967e-7	3.0989050e-3	1.2042863e1	1.0677369	
2022-03-16	11:24:32	9.29940e-2	2.91368e-1	-3.42253e1	5.15667e1	1.16191e2	3.2603740e-5	3.1003952e-3	1.2038667e1	1.0677278	
2022-03-16	11:24:32	3.20116e-2	2.91697e-1	-3.42136e1	5.15600e1	1.16194e2	1.1205673e-5	3.1039714e-3	1.2036988e1	1.0677105	
2022-03-16	11:24:33	-1.14236e-1	2.88487e-1	-3.43259e1	5.15634e1	1.16191e2	-4.0054321e-5	3.0705332e-3	1.2039506e1	1.0677243	
2022-03-16	11:24:33	-8.02206e-2	2.87662e-1	-3.43551e1	5.15667e1	1.16190e2	-2.8133392e-5	3.0618906e-3	1.2042863e1	1.0677323	
2022-03-16	11:24:34	-9.28559e-2	2.90950e-1	-3.42401e1	5.15667e1	1.16188e2	-3.2544136e-5	3.0959844e-3	1.2038667e1	1.0677404	
2022-03-16	11:24:34	-3.06268e-1	2.89503e-1	-3.42904e1	5.15667e1	1.16190e2	-1.0740756e-4	3.0810236e-3	1.2047898e1	1.0677300	
2022-03-16	11:24:35	4.36768e-2	2.85412e-1	-3.44343e1	5.15667e1	1.16192e2	1.5318393e-5	3.0385851e-3	1.2037827e1	1.0677208	
2022-03-16	11:24:35	1.99347e-1	2.87002e-1	-3.43783e1	5.15667e1	1.16189e2	6.9856643e-5	3.0550360e-3	1.2036988e1	1.0677335	
2022-03-16	11:24:36	-8.52747e-2	2.88365e-1	-3.43303e1	5.15667e1	1.16191e2	-2.9921531e-5	3.0692219e-3	1.2033631e1	1.0677278	
2022-03-16	11:24:36	1.82431e-1	2.87437e-1	-3.43630e1	5.15667e1	1.16190e2	6.3955783e-5	3.0595660e-3	1.2052934e1	1.0677312	
2022-03-16	11:24:37	-3.36312e-2	2.86238e-1	-3.44055e1	5.15667e1	1.16188e2	-1.1801719e-5	3.0470490e-3	1.2051255e1	1.0677416	
2022-03-16	11:24:37	-4.49067e-2	2.93407e-1	-3.41543e1	5.15701e1	1.16194e2	-1.5735626e-5	3.1216144e-3	1.2045381e1	1.0677129	
2022-03-16	11:24:38	-6.11700e-2	2.95962e-1	-3.40665e1	5.15634e1	1.16192e2	-2.1457672e-5	3.1481385e-3	1.2040345e1	1.0677196	
2022-03-16	11:24:38	-5.54026e-2	2.79403e-1	-3.46498e1	5.15634e1	1.16186e2	-1.9431114e-5	2.9760003e-3	1.2038667e1	1.0677833	
2022-03-16	11:24:39	-5.54026e-2	2.79403e-1	-3.46498e1	5.15634e1	1.16186e2	-1.9431114e-5	2.9760003e-3	1.2038667e1	1.0677833	
2022-03-16	11:24:39	-2.32220e-1	2.89807e-1	-3.42798e1	5.15667e1	1.16190e2	-8.1419944e-5	3.0841827e-3	1.2041184e1	1.0677300	
2022-03-16	11:24:40	-7.51682e-3	2.87480e-1	-3.43615e1	5.15634e1	1.16190e2	-2.6226043e-6	3.0600428e-3	1.2046220e1	1.0677300	
2022-03-16	11:24:40	5.05450e-3	2.87892e-1	-3.43470e1	5.15667e1	1.16189e2	1.7881393e-6	3.0642747e-3	1.2036149e1	1.0677335	
2022-03-16	11:24:41	-4.73047e-3	2.86818e-1	-3.43850e1	5.15667e1	1.16188e2	-1.6689300e-6	3.0530691e-3	1.2037827e1	1.0677416	
2022-03-16	11:24:41	-1.21040e-1	2.81940e-1	-3.45584e1	5.15667e1	1.16188e2	-4.2438507e-5	3.0024051e-3	1.2036149e1	1.0677392	
2022-03-16	11:24:42	-1.21040e-1	2.81940e-1	-3.45584e1	5.15667e1	1.16188e2	-4.2438507e-5	3.0024051e-3	1.2036149e1	1.0677392	
2022-03-16	11:24:42	2.29396e-2	2.85510e-1	-3.44314e1	5.15634e1	1.16186e2	8.0466270e-6	3.0394792e-3	1.2039506e1	1.0677484	
2022-03-16	11:24:43	1.75612e-2	2.84663e-1	-3.44614e1	5.15667e1	1.16187e2	6.1392784e-6	3.0306577e-3	1.2038667e1	1.0677461	
2022-03-16	11:24:43	-3.12980e-2	2.83761e-1	-3.44933e1	5.15634e1	1.16188e2	-1.0967254e-5	3.0213594e-3	1.2036988e1	1.0677381	
2022-03-16	11:24:44	-7.47126e-1	2.90820e-1	-3.42467e1	5.15601e1	1.16164e2	-2.6214122e-4	3.0940771e-3	1.2039506e1	1.0678472	
2022-03-16	11:24:44	-3.54976e-1	2.89244e-1	-3.42687e1	5.15600e1	1.16544e2	-1.2493133e-4	3.0877590e-3	1.2040345e1	1.0661060	
2022-03-16	11:24:45	-3.54976e-1	2.89244e-1	-3.42687e1	5.15600e1	1.16544e2	-1.2493133e-4	3.0877590e-3	1.2040345e1	1.0661060	
2022-03-16	11:24:45	6.21954e-1	2.76354e-1	-3.47257e1	5.15667e1	1.16588e2	2.1868944e-4	2.9544234e-3	1.2038667e1	1.0659049	
2022-03-16	11:24:46	-1.90043e-1	2.84445e-1	-3.44355e1	5.15667e1	1.16574e2	-6.6876411e-5	3.0384659e-3	1.2036988e1	1.0659700	
2022-03-16	11:24:46	-4.00650e-1	2.87771e-1	-3.43187e1	5.15667e1	1.16564e2	-1.4102458e-4	3.0728578e-3	1.2039506e1	1.0660181	
2022-03-16	11:24:47	-3.79274e-1	2.87593e-1	-3.43254e1	5.15667e1	1.16559e2	-1.3351440e-4	3.0708909e-3	1.2043702e1	1.0660386	
2022-03-16	11:24:47	-4.13795e-1	2.87406e-1	-3.43305e1	5.15634e1	1.16575e2	-1.4567375e-4	3.0694007e-3	1.2052934e1	1.0659643	
2022-03-16	11:24:48	-2.65841e-1	2.87346e-1	-3.43310e1	5.15634e1	1.16595e2	-9.3579292e-5	3.0692815e-3	1.2042024e1	1.0658751	
2022-03-16	11:24:48	3.06510e-2	2.84019e-1	-3.44472e1	5.15634e1	1.16613e2	1.0788440e-5	3.0350685e-3	1.2047898e1	1.0657918	
2022-03-16	11:24:49	1.16000e-1	2.83958e-1	-3.44496e1	5.15667e1	1.16611e2	4.0829181e-5	3.0343532e-3	1.2036149e1	1.0658010	
2022-03-16	11:24:49	3.18181e-2	2.83318e-1	-3.44725e1	5.15701e1	1.16610e2	1.1205673e-5	3.0276179e-3	1.2048738e1	1.0658066	
2022-03-16	11:24:50	-4.97659e-2	2.82246e-1	-3.45120e1	5.15667e1	1.16596e2	-1.7523765e-5	3.0161142e-3	1.2051255e1	1.0658683	
2022-03-16	11:24:50	-3.51863e-2	2.83365e-1	-3.44723e1	5.15667e1	1.16592e2	-1.2397766e-5	3.0276775e-3	1.2036149e1	1.0658878	
2022-03-16	11:24:51	-1.33092e-1	2.83208e-1	-3.44789e1	5.15667e1	1.16582e2	-4.6849250e-5	3.0257701e-3	1.2039506e1	1.0659358	
2022-03-16	11:24:51	-1.67300e-1	2.80877e-1	-3.45619e1	5.15634e1	1.16587e2	-5.8889389e-5	3.0016303e-3	1.2038667e1	1.0659095	
2022-03-16	11:24:52	9.97928e-3	2.78985e-1	-3.46297e1	5.15634e1	1.16592e2	3.5166740e-6	2.9820203e-3	1.2041184e1	1.0658866	
2022-03-16	11:24:52	2.01743e-1	2.80135e-1	-3.45878e1	5.15634e1	1.16596e2	7.0989131e-5	2.9941201e-3	1.2036988e1	1.0658683	
2022-03-16	11:24:53	2.86519e-1	2.84267e-1	-3.44398e1	5.15600e1	1.16597e2	1.0079145e-4	3.0372738e-3	1.2041184e1	1.0658649	
2022-03-16	11:24:53	1.52282e-2	2.87621e-1	-3.43231e1	5.15634e1	1.16574e2	5.3644180e-6	3.0716061e-3	1.2035310e1	1.0659700	
2022-03-16	11:24:54	-1.12163e-1	2.82548e-1	-3.45030e1	5.15634e1	1.16575e2	-3.9458274e-5	3.0187368e-3	1.2036988e1	1.0659666	
2022-03-16	11:24:54	-3.82966e-2	2.79648e-1	-3.46079e1	5.15667e1	1.16568e2	-1.3470649e-5	2.9882788e-3	1.2043702e1	1.0659986	
2022-03-16	11:24:55	-1.00242e-1	2.84189e-1	-3.44454e1	5.15667e1	1.16564e2	-3.5285949e-5	3.0355453e-3	1.2046220e1	1.0660146	
2022-03-16	11:24:55	-6.51229e-2	2.86156e-1	-3.43756e1	5.15667e1	1.16564e2	-2.2888183e-5	3.0560493e-3	1.2040345e1	1.0660146	
2022-03-16	11:24:56	-3.00688	3.01358e-1	-3.38501e1	5.15634e1	1.16568e2	-1.0622739e-3	3.2144188e-3	1.2042863e1	1.0659974	
2022-03-16	11:24:56	-2.91479e1	1.22494e-1	-4.25051e1	5.15600e1	1.18003e2	-1.0828137e-2	1.3431906e-3	1.2038667e1	1.0594960	
2022-03-16	11:24:57	2.13654e2	9.55134e-1	-2.13660e1	5.15634e1	1.17037e2	5.9401330e-2	9.7191925e-3	1.2038667e1	1.0638583	
2022-03-16	11:24:57	2.60220e2	1.20310	-1.87169e1	5.15667e1	1.16815e2	6.9244980e-2	1.2006282e-2	1.2039506e1	1.0648688	
2022-03-16	11:24:58	-1.68722e1	2.77290e-1	-3.46812e1	5.15667e1	1.16708e2	-6.0844421e-3	2.9672384e-3	1.2036988e1	1.0653579	
2022-03-16	11:24:58	-2.47348e1	2.12574e-1	-3.73330e1	5.15701e1	1.16655e2	-9.0156793e-3	2.2862553e-3	1.2052934e1	1.0656011	
2022-03-16	11:24:59	-1.11156e1	2.49003e-1	-3.57678e1	5.15701e1	1.16630e2	-3.9733648e-3	2.6691555e-3	1.2048738e1	1.0657118	
2022-03-16	11:24:59	-4.42213	2.69847e-1	-3.49635e1	5.15667e1	1.16613e2	-1.5659332e-3	2.8870701e-3	1.2042024e1	1.0657906	
2022-03-16	11:25:00	-1.66957	2.76054e-1	-3.47341e1	5.15667e1	1.16618e2	-5.8901309e-4	2.9520392e-3	1.2040345e1	1.0657689	
2022-03-16	11:25:00	-7.05435e-1	2.77920e-1	-3.46657e1	5.15667e1	1.16623e2	-2.4855136e-4	2.9716491e-3	1.2037827e1	1.0657472	
2022-03-16	11:25:01	-3.78042e-1	2.81942e-1	-3.45194e1	5.15667e1	1.16636e2	-1.3315677e-4	3.0139684e-3	1.2037827e1	1.0656867	
2022-03-16	11:25:01	-3.78042e-1	2.81942e-1	-3.45194e1	5.15667e1	1.16636e2	-1.3315677e-4	3.0139684e-3	1.2037827e1	1.0656867	
2022-03-16	11:25:02	-4.87938e-2	2.78815e-1	-3.46309e1	5.15667e1	1.16649e2	-1.7166137e-5	2.9816627e-3	1.2035310e1	1.0656273	
2022-03-16	11:25:02	1.29219e-1	2.74684e-1	-3.47812e1	5.15634e1	1.16653e2	4.5478343e-5	2.9386281e-3	1.2047059e1	1.0656113	
2022-03-16	11:25:03	1.17943e-1	2.78415e-1	-3.46451e1	5.15634e1	1.16653e2	4.1544437e-5	2.9776096e-3	1.2036988e1	1.0656113	
2022-03-16	11:25:03	4.53612e-2	2.80863e-1	-3.45573e1	5.15634e1	1.16646e2	1.5974044e-5	3.0030012e-3	1.2047059e1	1.0656399	
2022-03-16	11:25:04	-7.34160e-2	2.82717e-1	-3.44907e1	5.15634e1	1.16647e2	-2.5868415e-5	3.0223727e-3	1.2052934e1	1.0656353	
2022-03-16	11:25:04	7.90593e-2	2.79237e-1	-3.46164e1	5.15634e1	1.16641e2	2.7835369e-5	2.9858946e-3	1.2034471e1	1.0656638	
2022-03-16	11:25:05	8.54749e-2	2.76860e-1	-3.47030e1	5.15634e1	1.16637e2	3.0100345e-5	2.9609799e-3	1.2040345e1	1.0656809	
2022-03-16	11:25:05	-2.16992e-1	2.79539e-1	-3.46056e1	5.15634e1	1.16639e2	-7.6413154e-5	2.9889941e-3	1.2039506e1	1.0656741	
2022-03-16	11:25:06	-3.52513e-2	2.76433e-1	-3.47178e1	5.15701e1	1.16646e2	-1.2397766e-5	2.9566884e-3	1.2035310e1	1.0656399	
2022-03-16	11:25:06	5.82588e-2	2.78006e-1	-3.46607e1	5.15734e1	1.16644e2	2.0503997e-5	2.9730200e-3	1.2038667e1	1.0656512	
2022-03-16	11:25:07	-1.14699e-2	2.78815e-1	-3.46303e1	5.15734e1	1.16656e2	-4.0531158e-6	2.9817819e-3	1.2038667e1	1.0655953	
2022-03-16	11:25:07	1.35962e-1	2.74303e-1	-3.47945e1	5.15701e1	1.16662e2	4.7862529e-5	2.9348134e-3	1.2036149e1	1.0655702	
2022-03-16	11:25:08	3.37214e-1	2.74293e-1	-3.47952e1	5.15667e1	1.16657e2	1.1867284e-4	2.9346346e-3	1.2047898e1	1.0655896	
2022-03-16	11:25:08	2.47698e-1	2.74701e-1	-3.47805e1	5.15667e1	1.16654e2	8.7201595e-5	2.9388070e-3	1.2038667e1	1.0656056	
2022-03-16	11:25:09	7.82174e-2	2.73096e-1	-3.48401e1	5.15667e1	1.16648e2	2.7537345e-5	2.9218792e-3	1.2038667e1	1.0656341	
2022-03-16	11:25:09	1.40756e-1	2.73596e-1	-3.48230e1	5.15667e1	1.16632e2	4.9531459e-5	2.9267072e-3	1.2037827e1	1.0657061	
2022-03-16	11:25:10	3.33908e-1	2.76106e-1	-3.47314e1	5.15667e1	1.16627e2	1.1748075e-4	2.9528141e-3	1.2041184e1	1.0657278	
2022-03-16	11:25:10	3.09795e-1	2.75722e-1	-3.47460e1	5.15667e1	1.16621e2	1.0901689e-4	2.9486417e-3	1.2055451e1	1.0657564	
2022-03-16	11:25:11	1.27341e-1	2.71948e-1	-3.48756e1	5.15667e1	1.16727e2	4.4882297e-5	2.9118657e-3	1.2040345e1	1.0652700	
2022-03-16	11:25:11	4.86771e-1	2.80744e-1	-3.45726e1	5.15667e1	1.16519e2	1.7106533e-4	2.9984712e-3	1.2036988e1	1.0662205	
2022-03-16	11:25:12	-1.55057e-1	2.94228e-1	-3.41087e1	5.15667e1	1.16392e2	-5.4478645e-5	3.1355023e-3	1.2040345e1	1.0668008	
2022-03-16	11:25:12	-9.38012e-1	2.81241e-1	-3.45673e1	5.15667e1	1.16373e2	-3.2985210e-4	2.9999017e-3	1.2036988e1	1.0669140	
2022-03-16	11:25:13	-4.23702e-1	2.69432e-1	-3.49992e1	5.15634e1	1.16380e2	-1.4889240e-4	2.8769969e-3	1.2040345e1	1.0668941	
2022-03-16	11:25:13	-3.12331e-2	2.75088e-1	-3.47889e1	5.15634e1	1.16392e2	-1.0967254e-5	2.9363036e-3	1.2039506e1	1.0668107	
2022-03-16	11:25:14	1.55794e-1	2.75643e-1	-3.47680e1	5.15701e1	1.16399e2	5.4717063e-5	2.9422044e-3	1.2037827e1	1.0667699	
2022-03-16	11:25:14	1.15870e-1	2.73672e-1	-3.48399e1	5.15667e1	1.16405e2	4.0709972e-5	2.9218196e-3	1.2051255e1	1.0667446	
2022-03-16	11:25:15	-6.84919e-2	2.72439e-1	-3.48852e1	5.15667e1	1.16406e2	-2.4080276e-5	2.9090046e-3	1.2040345e1	1.0667366	
2022-03-16	11:25:15	-1.56092e-1	2.72667e-1	-3.48769e1	5.15667e1	1.16404e2	-5.4836273e-5	2.9113292e-3	1.2036149e1	1.0667470	
2022-03-16	11:25:16	-6.71954e-2	2.73992e-1	-3.48280e1	5.15634e1	1.16406e2	-2.3603439e-5	2.9252171e-3	1.2051255e1	1.0667401	
2022-03-16	11:25:16	1.54948e-1	2.74275e-1	-3.48175e1	5.15634e1	1.16407e2	5.4419040e-5	2.9281973e-3	1.2047059e1	1.0667332	
2022-03-16	11:25:17	1.60002e-1	2.73749e-1	-3.48363e1	5.15600e1	1.16413e2	5.6207180e-5	2.9228925e-3	1.2043702e1	1.0667058	
2022-03-16	11:25:17	5.32670e-2	2.72334e-1	-3.48876e1	5.15634e1	1.16423e2	1.8715858e-5	2.9083490e-3	1.2039506e1	1.0666623	
2022-03-16	11:25:18	-1.83174e-1	2.72348e-1	-3.48867e1	5.15667e1	1.16428e2	-6.4373016e-5	2.9085874e-3	1.2036988e1	1.0666382	
2022-03-16	11:25:18	-3.53033e-1	2.73579e-1	-3.48413e1	5.15634e1	1.16428e2	-1.2409687e-4	2.9214620e-3	1.2035310e1	1.0666382	
2022-03-16	11:25:19	2.24210e-2	2.71777e-1	-3.49075e1	5.15634e1	1.16431e2	7.8678131e-6	2.9027462e-3	1.2038667e1	1.0666222	
2022-03-16	11:25:19	3.07006e-1	2.67615e-1	-3.50627e1	5.15667e1	1.16432e2	1.0782480e-4	2.8592944e-3	1.2047898e1	1.0666198	
2022-03-16	11:25:20	2.52494e-1	2.70255e-1	-3.49641e1	5.15667e1	1.16431e2	8.8691711e-5	2.8868317e-3	1.2050416e1	1.0666233	
2022-03-16	11:25:20	2.15679e-1	2.74518e-1	-3.48063e1	5.15667e1	1.16433e2	7.5757503e-5	2.9313564e-3	1.2052934e1	1.0666153	
2022-03-16	11:25:21	2.16844e-1	2.73320e-1	-3.48503e1	5.15634e1	1.16434e2	7.6174736e-5	2.9188990e-3	1.2040345e1	1.0666130	
2022-03-16	11:25:21	-6.47979e-2	2.71402e-1	-3.49213e1	5.15634e1	1.16433e2	-2.2768974e-5	2.8988718e-3	1.2035310e1	1.0666153	
2022-03-16	11:25:22	-9.56402e-2	2.70752e-1	-3.49453e1	5.15634e1	1.16435e2	-3.3617019e-5	2.8921365e-3	1.2053773e1	1.0666072	
2022-03-16	11:25:22	-3.56393e-2	2.70879e-1	-3.49408e1	5.15634e1	1.16432e2	-1.2516975e-5	2.8933882e-3	1.2043702e1	1.0666210	
2022-03-16	11:25:23	4.51017e-2	2.68561e-1	-3.50269e1	5.15634e1	1.16436e2	1.5854835e-5	2.8693079e-3	1.2052094e1	1.0665992	
2022-03-16	11:25:23	4.51017e-2	2.68561e-1	-3.50269e1	5.15634e1	1.16436e2	1.5854835e-5	2.8693079e-3	1.2052094e1	1.0665992	
