"2022-03-16 at 11:39"
System_Date_(Y-M-D)	System_Time_(h:m:s)	CO₂_(µmol_mol⁻¹)	H₂O_(mmol_mol⁻¹)	H₂O_(°C)	Cell_Temperature_(°C)	Cell_Pressure_(kPa)	CO₂_Absorption	H₂O_Absorption	Input_Voltage_(V)	Flow_Rate_(L_min⁻¹)	
2022-03-16	11:39:42	1.81449e-1	1.63197e-1	-4.00279e1	5.15667e1	1.15099e2	6.2942504e-5	1.7392635e-3	1.2058808e1	1.0727721	
2022-03-16	11:39:42	3.51072e-1	1.63926e-1	-3.99853e1	5.15701e1	1.15098e2	1.2177228e-4	1.7468929e-3	1.2063004e1	1.0727744	
2022-03-16	11:39:43	4.53100e-1	1.63333e-1	-4.00206e1	5.15667e1	1.15091e2	1.5711784e-4	1.7405748e-3	1.2058808e1	1.0728070	
2022-03-16	11:39:43	4.29175e-1	1.64203e-1	-3.99693e1	5.15634e1	1.15096e2	1.4883279e-4	1.7498135e-3	1.2058808e1	1.0727837	
2022-03-16	11:39:44	3.20989e-1	1.63070e-1	-4.00357e1	5.15634e1	1.15095e2	1.1134147e-4	1.7378926e-3	1.2060487e1	1.0727872	
2022-03-16	11:39:44	3.54176e-1	1.65117e-1	-3.99164e1	5.15634e1	1.15092e2	1.2284517e-4	1.7593502e-3	1.2063844e1	1.0728024	
2022-03-16	11:39:45	3.54176e-1	1.65117e-1	-3.99164e1	5.15634e1	1.15092e2	1.2284517e-4	1.7593502e-3	1.2063844e1	1.0728024	
2022-03-16	11:39:45	2.91430e-1	1.64872e-1	-3.99307e1	5.15600e1	1.15092e2	1.0108947e-4	1.7567873e-3	1.2057969e1	1.0728034	
2022-03-16	11:39:46	2.85466e-1	1.58671e-1	-4.02977e1	5.15600e1	1.15088e2	9.9003314e-5	1.6915798e-3	1.2063004e1	1.0728187	
2022-03-16	11:39:46	3.08612e-1	1.58535e-1	-4.03060e1	5.15667e1	1.15086e2	1.0704994e-4	1.6900897e-3	1.2062165e1	1.0728280	
2022-03-16	11:39:47	2.66544e-1	1.63690e-1	-4.00001e1	5.15634e1	1.15086e2	9.2446804e-5	1.7442703e-3	1.2060487e1	1.0728303	
2022-03-16	11:39:47	3.49574e-1	1.62434e-1	-4.00740e1	5.15634e1	1.15084e2	1.2123584e-4	1.7310380e-3	1.2060487e1	1.0728408	
2022-03-16	11:39:48	1.79956e-1	1.59432e-1	-4.02526e1	5.15634e1	1.15081e2	6.2406063e-5	1.6994476e-3	1.2059648e1	1.0728559	
2022-03-16	11:39:48	1.79956e-1	1.59432e-1	-4.02526e1	5.15634e1	1.15081e2	6.2406063e-5	1.6994476e-3	1.2059648e1	1.0728559	
2022-03-16	11:39:49	2.61553e-1	1.60623e-1	-4.01812e1	5.15634e1	1.15085e2	9.0718269e-5	1.7120242e-3	1.2059648e1	1.0728373	
2022-03-16	11:39:49	2.28369e-1	1.63372e-1	-4.00190e1	5.15634e1	1.15083e2	7.9214572e-5	1.7408728e-3	1.2057969e1	1.0728466	
2022-03-16	11:39:50	2.82879e-1	1.58315e-1	-4.03197e1	5.15667e1	1.15082e2	9.8109245e-5	1.6877055e-3	1.2061326e1	1.0728513	
2022-03-16	11:39:50	2.92469e-1	1.58730e-1	-4.02948e1	5.15634e1	1.15080e2	1.0144710e-4	1.6920566e-3	1.2059648e1	1.0728507	
2022-03-16	11:39:51	4.68135e-1	1.61123e-1	-4.01522e1	5.15634e1	1.15076e2	1.6230344e-4	1.7171502e-3	1.2062165e1	1.0728781	
2022-03-16	11:39:51	4.68135e-1	1.61123e-1	-4.01522e1	5.15634e1	1.15076e2	1.6230344e-4	1.7171502e-3	1.2062165e1	1.0728781	
2022-03-16	11:39:52	2.94936e-1	1.61713e-1	-4.01175e1	5.15667e1	1.15073e2	1.0228157e-4	1.7232894e-3	1.2073915e1	1.0728809	
2022-03-16	11:39:52	2.90460e-1	1.58972e-1	-4.02805e1	5.15634e1	1.15077e2	1.0073184e-4	1.6945600e-3	1.2061326e1	1.0728722	
2022-03-16	11:39:53	2.34394e-1	1.61062e-1	-4.01563e1	5.15600e1	1.15069e2	8.1300735e-5	1.7164349e-3	1.2061326e1	1.0729072	
2022-03-16	11:39:53	2.95772e-1	1.62715e-1	-4.00581e1	5.15600e1	1.15076e2	1.0257959e-4	1.7338991e-3	1.2074754e1	1.0728758	
2022-03-16	11:39:54	2.71213e-1	1.63517e-1	-4.00113e1	5.15667e1	1.15073e2	9.4056129e-5	1.7422437e-3	1.2057130e1	1.0728909	
2022-03-16	11:39:54	2.71213e-1	1.63517e-1	-4.00113e1	5.15667e1	1.15073e2	9.4056129e-5	1.7422437e-3	1.2057130e1	1.0728909	
2022-03-16	11:39:55	3.36942e-1	1.66630e-1	-3.98309e1	5.15701e1	1.15069e2	1.1682510e-4	1.7748475e-3	1.2056291e1	1.0729095	
2022-03-16	11:39:55	4.09274e-1	1.61056e-1	-4.01569e1	5.15634e1	1.15067e2	1.4191865e-4	1.7163157e-3	1.2062165e1	1.0729188	
2022-03-16	11:39:56	2.95843e-1	1.58870e-1	-4.02876e1	5.15667e1	1.15066e2	1.0257959e-4	1.6933083e-3	1.2057969e1	1.0729235	
2022-03-16	11:39:56	2.81192e-1	1.60690e-1	-4.01788e1	5.15634e1	1.15065e2	9.7513198e-5	1.7124414e-3	1.2057969e1	1.0729283	
2022-03-16	11:39:57	3.01152e-1	1.62540e-1	-4.00694e1	5.15600e1	1.15064e2	1.0442733e-4	1.7318725e-3	1.2062165e1	1.0729352	
2022-03-16	11:39:57	3.01152e-1	1.62540e-1	-4.00694e1	5.15600e1	1.15064e2	1.0442733e-4	1.7318725e-3	1.2062165e1	1.0729352	
2022-03-16	11:39:58	3.11137e-1	1.60930e-1	-4.01646e1	5.15634e1	1.15064e2	1.0788440e-4	1.7149448e-3	1.2062165e1	1.0729317	
2022-03-16	11:39:58	3.18393e-1	1.63831e-1	-3.99939e1	5.15600e1	1.15062e2	1.1038780e-4	1.7454028e-3	1.2061326e1	1.0729434	
2022-03-16	11:39:59	1.29601e-1	1.62009e-1	-4.01008e1	5.15634e1	1.15063e2	4.4941902e-5	1.7262697e-3	1.2070558e1	1.0729376	
2022-03-16	11:39:59	1.83519e-1	1.61023e-1	-4.01593e1	5.15600e1	1.15061e2	6.3657760e-5	1.7158985e-3	1.2059648e1	1.0729469	
2022-03-16	11:40:00	2.41848e-1	1.61810e-1	-4.01126e1	5.15600e1	1.15062e2	8.3863735e-5	1.7241835e-3	1.2059648e1	1.0729398	
2022-03-16	11:40:00	2.41848e-1	1.61810e-1	-4.01126e1	5.15600e1	1.15062e2	8.3863735e-5	1.7241835e-3	1.2059648e1	1.0729398	
2022-03-16	11:40:01	1.81639e-1	1.60217e-1	-4.02069e1	5.15600e1	1.15066e2	6.3002109e-5	1.7074942e-3	1.2069718e1	1.0729259	
2022-03-16	11:40:01	4.58855e-1	1.61814e-1	-4.01127e1	5.15567e1	1.15058e2	1.5908479e-4	1.7241835e-3	1.2055451e1	1.0729585	
2022-03-16	11:40:02	4.02977e-1	1.59569e-1	-4.02460e1	5.15567e1	1.15061e2	1.3971328e-4	1.7006397e-3	1.2064683e1	1.0729445	
2022-03-16	11:40:02	2.80861e-1	1.58091e-1	-4.03350e1	5.15567e1	1.15060e2	9.7393989e-5	1.6850829e-3	1.2071397e1	1.0729527	
2022-03-16	11:40:03	2.51958e-1	1.59081e-1	-4.02755e1	5.15600e1	1.15059e2	8.7380409e-5	1.6954541e-3	1.2072236e1	1.0729573	
2022-03-16	11:40:03	2.51958e-1	1.59081e-1	-4.02755e1	5.15600e1	1.15059e2	8.7380409e-5	1.6954541e-3	1.2072236e1	1.0729573	
2022-03-16	11:40:04	2.76395e-1	1.59795e-1	-4.02329e1	5.15634e1	1.15057e2	9.5844268e-5	1.7029047e-3	1.2059648e1	1.0729678	
2022-03-16	11:40:04	1.92981e-1	1.61799e-1	-4.01133e1	5.15600e1	1.15062e2	6.6936016e-5	1.7240643e-3	1.2058808e1	1.0729422	
2022-03-16	11:40:05	1.77036e-1	1.59584e-1	-4.02443e1	5.15567e1	1.15071e2	6.1392784e-5	1.7009377e-3	1.2057130e1	1.0728991	
2022-03-16	11:40:05	-5.02759e-1	1.66941e-1	-3.98087e1	5.15600e1	1.15120e2	-1.7464160e-4	1.7789602e-3	1.2060487e1	1.0726706	
2022-03-16	11:40:06	-4.94987e-1	1.69044e-1	-3.96585e1	5.15600e1	1.15482e2	-1.7249584e-4	1.8066763e-3	1.2062165e1	1.0709916	
2022-03-16	11:40:06	-4.94987e-1	1.69044e-1	-3.96585e1	5.15600e1	1.15482e2	-1.7249584e-4	1.8066763e-3	1.2062165e1	1.0709916	
2022-03-16	11:40:07	1.58028	1.49076e-1	-4.08242e1	5.15567e1	1.15907e2	5.5140256e-4	1.6019344e-3	1.2068040e1	1.0690251	
2022-03-16	11:40:07	6.64116e-1	1.54492e-1	-4.04816e1	5.15600e1	1.15944e2	2.3210048e-4	1.6598701e-3	1.2063844e1	1.0688511	
2022-03-16	11:40:08	2.18712e-1	1.57085e-1	-4.03220e1	5.15634e1	1.15954e2	7.6472759e-5	1.6874670e-3	1.2066361e1	1.0688061	
2022-03-16	11:40:08	-1.90095e-1	1.58177e-1	-4.02562e1	5.15634e1	1.15949e2	-6.6518783e-5	1.6989707e-3	1.2061326e1	1.0688292	
2022-03-16	11:40:09	-2.00656e-1	1.65548e-1	-3.98206e1	5.15634e1	1.15945e2	-7.0214271e-5	1.7769336e-3	1.2058808e1	1.0688488	
2022-03-16	11:40:09	-2.00656e-1	1.65548e-1	-3.98206e1	5.15634e1	1.15945e2	-7.0214271e-5	1.7769336e-3	1.2058808e1	1.0688488	
2022-03-16	11:40:10	5.24850e-3	1.62933e-1	-3.99733e1	5.15600e1	1.15945e2	1.8477439e-6	1.7492771e-3	1.2057969e1	1.0688389	
2022-03-16	11:40:10	1.45865e-1	1.63830e-1	-3.99208e1	5.15567e1	1.15943e2	5.1021575e-5	1.7587542e-3	1.2057969e1	1.0688580	
2022-03-16	11:40:11	6.58666e-1	1.63636e-1	-3.99320e1	5.15567e1	1.15945e2	2.3019313e-4	1.7567276e-3	1.2063004e1	1.0688500	
2022-03-16	11:40:11	5.67708e-1	1.63945e-1	-3.99145e1	5.15600e1	1.15939e2	1.9842386e-4	1.7598867e-3	1.2058808e1	1.0688787	
2022-03-16	11:40:12	2.74088e-2	1.58421e-1	-4.02429e1	5.15567e1	1.15934e2	9.5963478e-6	1.7013549e-3	1.2058808e1	1.0689007	
2022-03-16	11:40:12	2.74088e-2	1.58421e-1	-4.02429e1	5.15567e1	1.15934e2	9.5963478e-6	1.7013549e-3	1.2058808e1	1.0689007	
2022-03-16	11:40:13	8.46926e-2	1.77799e-1	-3.91338e1	5.15600e1	1.15940e2	2.9623508e-5	1.9063353e-3	1.2053773e1	1.0688718	
2022-03-16	11:40:13	5.50788e-2	1.67115e-1	-3.97302e1	5.15634e1	1.15945e2	1.9252300e-5	1.7935037e-3	1.2071397e1	1.0688837	
2022-03-16	11:40:14	6.73253e-2	1.60949e-1	-4.00901e1	5.15600e1	1.15950e2	2.3543834e-5	1.7283558e-3	1.2057969e1	1.0688409	
2022-03-16	11:40:14	2.12358e-1	1.59145e-1	-4.01987e1	5.15600e1	1.15940e2	7.4267387e-5	1.7091035e-3	1.2056291e1	1.0688695	
2022-03-16	11:40:15	3.10809e-1	1.60246e-1	-4.01327e1	5.15600e1	1.15942e2	1.0865926e-4	1.7207860e-3	1.2057969e1	1.0688626	
2022-03-16	11:40:15	-4.98086	1.84335e-1	-3.87848e1	5.15567e1	1.15935e2	-1.7540454e-3	1.9752383e-3	1.2056291e1	1.0688925	
2022-03-16	11:40:16	-3.58189	1.06826e-1	-4.38310e1	5.15600e1	1.17291e2	-1.2749433e-3	1.1659264e-3	1.2058808e1	1.0626994	
2022-03-16	11:40:16	2.68224e2	8.49528e-1	-2.27655e1	5.15634e1	1.16337e2	7.0591807e-2	8.6601972e-3	1.2056291e1	1.0670465	
2022-03-16	11:40:17	2.60340e2	9.67446e-1	-2.13122e1	5.15634e1	1.16093e2	6.8841876e-2	9.7569227e-3	1.2058808e1	1.0681685	
2022-03-16	11:40:17	-2.11519e1	1.47393e-1	-4.09238e1	5.15634e1	1.16007e2	-7.6239109e-3	1.5854239e-3	1.2072236e1	1.0685620	
2022-03-16	11:40:18	-2.52502e1	1.02502e-1	-4.43144e1	5.15634e1	1.15976e2	-9.1518163e-3	1.1066198e-3	1.2060487e1	1.0687060	
2022-03-16	11:40:18	-1.04780e1	1.38002e-1	-4.15502e1	5.15634e1	1.15962e2	-3.7188529e-3	1.4850497e-3	1.2058808e1	1.0687693	
2022-03-16	11:40:19	-3.69914	1.51804e-1	-4.06480e1	5.15600e1	1.15953e2	-1.3005733e-3	1.6314983e-3	1.2056291e1	1.0688108	
2022-03-16	11:40:19	-1.12209	1.53874e-1	-4.05191e1	5.15600e1	1.15953e2	-3.9315223e-4	1.6534328e-3	1.2069718e1	1.0688142	
2022-03-16	11:40:20	-2.28960e-1	1.58031e-1	-4.02656e1	5.15567e1	1.15943e2	-8.0108642e-5	1.6973614e-3	1.2054612e1	1.0688592	
2022-03-16	11:40:20	1.97258e-1	1.61396e-1	-4.00647e1	5.15600e1	1.15937e2	6.8962574e-5	1.7328858e-3	1.2061326e1	1.0688868	
2022-03-16	11:40:21	1.80213e-1	1.61047e-1	-4.00854e1	5.15600e1	1.15936e2	6.3002109e-5	1.7291903e-3	1.2051255e1	1.0688880	
2022-03-16	11:40:21	1.34979e-1	1.60859e-1	-4.00968e1	5.15600e1	1.15934e2	4.7206878e-5	1.7271637e-3	1.2053773e1	1.0688984	
2022-03-16	11:40:22	3.37190e-1	1.60858e-1	-4.00965e1	5.15600e1	1.15939e2	1.1789798e-4	1.7272233e-3	1.2067201e1	1.0688753	
2022-03-16	11:40:22	4.94131e-1	1.61787e-1	-4.00409e1	5.15634e1	1.15944e2	1.7273426e-4	1.7371177e-3	1.2057969e1	1.0688523	
2022-03-16	11:40:23	5.58761e-1	1.63456e-1	-3.99438e1	5.15600e1	1.15930e2	1.9526481e-4	1.7545819e-3	1.2068040e1	1.0689202	
2022-03-16	11:40:23	4.01556e-1	1.62097e-1	-4.00234e1	5.15600e1	1.15935e2	1.4036893e-4	1.7402768e-3	1.2055451e1	1.0688960	
2022-03-16	11:40:24	3.74590e-1	1.61299e-1	-4.00710e1	5.15600e1	1.15930e2	1.3095140e-4	1.7317533e-3	1.2058808e1	1.0689202	
2022-03-16	11:40:24	3.57024e-1	1.62568e-1	-3.99968e1	5.15600e1	1.15920e2	1.2481212e-4	1.7450451e-3	1.2058808e1	1.0689618	
2022-03-16	11:40:25	3.57024e-1	1.62568e-1	-3.99968e1	5.15600e1	1.15920e2	1.2481212e-4	1.7450451e-3	1.2058808e1	1.0689618	
2022-03-16	11:40:25	3.56246e-1	1.62211e-1	-4.00187e1	5.15600e1	1.15910e2	1.2451410e-4	1.7411112e-3	1.2058808e1	1.0690090	
2022-03-16	11:40:26	3.30521e-1	1.63295e-1	-3.99548e1	5.15667e1	1.15911e2	1.1551380e-4	1.7525553e-3	1.2062165e1	1.0690068	
2022-03-16	11:40:26	3.89568e-1	1.62542e-1	-3.99990e1	5.15634e1	1.15912e2	1.3613700e-4	1.7446279e-3	1.2056291e1	1.0690009	
2022-03-16	11:40:27	5.97401e-1	1.60482e-1	-4.01216e1	5.15600e1	1.15906e2	2.0873546e-4	1.7227530e-3	1.2056291e1	1.0690275	
2022-03-16	11:40:27	5.97401e-1	1.60482e-1	-4.01216e1	5.15600e1	1.15906e2	2.0873546e-4	1.7227530e-3	1.2056291e1	1.0690275	
2022-03-16	11:40:28	5.16875e-1	1.60932e-1	-4.00952e1	5.15567e1	1.15901e2	1.8060207e-4	1.7274618e-3	1.2055451e1	1.0690505	
2022-03-16	11:40:28	2.39771e-1	1.61840e-1	-4.00407e1	5.15567e1	1.15908e2	8.3804130e-5	1.7371773e-3	1.2065522e1	1.0690194	
2022-03-16	11:40:29	4.59763e-1	1.60600e-1	-4.01136e1	5.15567e1	1.15917e2	1.6069412e-4	1.7241835e-3	1.2056291e1	1.0689779	
2022-03-16	11:40:29	5.99606e-1	1.61590e-1	-4.00550e1	5.15600e1	1.15915e2	2.0951032e-4	1.7346143e-3	1.2055451e1	1.0689859	
2022-03-16	11:40:30	4.97891e-1	1.62955e-1	-3.99748e1	5.15634e1	1.15911e2	1.7398595e-4	1.7489790e-3	1.2056291e1	1.0690068	
2022-03-16	11:40:30	4.97891e-1	1.62955e-1	-3.99748e1	5.15634e1	1.15911e2	1.7398595e-4	1.7489790e-3	1.2056291e1	1.0690068	
2022-03-16	11:40:31	4.04209e-1	1.62240e-1	-4.00171e1	5.15567e1	1.15908e2	1.4126300e-4	1.7414093e-3	1.2063844e1	1.0690171	
2022-03-16	11:40:31	4.70265e-1	1.62161e-1	-4.00221e1	5.15567e1	1.15904e2	1.6433000e-4	1.7405152e-3	1.2057130e1	1.0690355	
2022-03-16	11:40:32	4.97043e-1	1.60724e-1	-4.01071e1	5.15600e1	1.15906e2	1.7368793e-4	1.7253160e-3	1.2053773e1	1.0690275	
2022-03-16	11:40:32	5.21159e-1	1.61455e-1	-4.00646e1	5.15600e1	1.15895e2	1.8209218e-4	1.7328858e-3	1.2053773e1	1.0690805	
2022-03-16	11:40:33	2.19617e-1	1.59538e-1	-4.01784e1	5.15600e1	1.15900e2	7.6770782e-5	1.7126798e-3	1.2055451e1	1.0690551	
2022-03-16	11:40:33	2.19617e-1	1.59538e-1	-4.01784e1	5.15600e1	1.15900e2	7.6770782e-5	1.7126798e-3	1.2055451e1	1.0690551	
2022-03-16	11:40:34	3.19433e-1	1.60484e-1	-4.01215e1	5.15634e1	1.15906e2	1.1163949e-4	1.7227530e-3	1.2059648e1	1.0690298	
2022-03-16	11:40:34	3.65839e-1	1.60734e-1	-4.01068e1	5.15600e1	1.15903e2	1.2785196e-4	1.7253756e-3	1.2055451e1	1.0690436	
2022-03-16	11:40:35	3.67205e-1	1.61809e-1	-4.00429e1	5.15634e1	1.15905e2	1.2832880e-4	1.7367601e-3	1.2053773e1	1.0690344	
2022-03-16	11:40:35	3.73035e-1	1.61492e-1	-4.00616e1	5.15600e1	1.15905e2	1.3035535e-4	1.7334222e-3	1.2053773e1	1.0690344	
2022-03-16	11:40:36	4.80835e-1	1.58879e-1	-4.02173e1	5.15600e1	1.15909e2	1.6802549e-4	1.7058253e-3	1.2052934e1	1.0690159	
2022-03-16	11:40:36	4.80835e-1	1.58879e-1	-4.02173e1	5.15600e1	1.15909e2	1.6802549e-4	1.7058253e-3	1.2052934e1	1.0690159	
2022-03-16	11:40:37	4.78632e-1	1.62556e-1	-3.99984e1	5.15600e1	1.15909e2	1.6725063e-4	1.7447471e-3	1.2054612e1	1.0690147	
2022-03-16	11:40:37	3.40755e-1	1.60217e-1	-4.01377e1	5.15600e1	1.15902e2	1.1909008e-4	1.7198920e-3	1.2054612e1	1.0690448	
2022-03-16	11:40:38	4.30022e-1	1.60903e-1	-4.00975e1	5.15667e1	1.15893e2	1.5026330e-4	1.7269849e-3	1.2057969e1	1.0690873	
2022-03-16	11:40:38	4.66579e-1	1.61095e-1	-4.00889e1	5.15634e1	1.15860e2	1.6295909e-4	1.7285346e-3	1.2052934e1	1.0692420	
2022-03-16	11:40:39	7.05881e-1	1.56474e-1	-4.03719e1	5.15634e1	1.15800e2	2.4634599e-4	1.6787648e-3	1.2053773e1	1.0695166	
2022-03-16	11:40:39	7.05881e-1	1.56474e-1	-4.03719e1	5.15634e1	1.15800e2	2.4634599e-4	1.6787648e-3	1.2053773e1	1.0695166	
2022-03-16	11:40:40	1.87198	1.40720e-1	-4.14359e1	5.15600e1	1.15108e2	6.4802169e-4	1.5028119e-3	1.2066361e1	1.0727277	
2022-03-16	11:40:40	-3.32105	1.98345e-1	-3.82248e1	5.15634e1	1.14136e2	-1.1471509e-3	2.0898580e-3	1.2055451e1	1.0772846	
2022-03-16	11:40:41	-9.53634e-1	1.76329e-1	-3.93692e1	5.15667e1	1.14088e2	-3.2818317e-4	1.8606185e-3	1.2058808e1	1.0775125	
2022-03-16	11:40:41	8.77662e-1	1.58219e-1	-4.04100e1	5.15634e1	1.14066e2	3.0124187e-4	1.6718506e-3	1.2053773e1	1.0776163	
2022-03-16	11:40:42	1.50880	1.53262e-1	-4.07131e1	5.15634e1	1.14067e2	5.1742792e-4	1.6201734e-3	1.2057130e1	1.0776140	
2022-03-16	11:40:42	1.50880	1.53262e-1	-4.07131e1	5.15634e1	1.14067e2	5.1742792e-4	1.6201734e-3	1.2057130e1	1.0776140	
2022-03-16	11:40:43	1.46390	1.50404e-1	-4.08912e1	5.15634e1	1.14076e2	5.0210952e-4	1.5904903e-3	1.2065522e1	1.0775679	
2022-03-16	11:40:43	6.33001e-1	1.56414e-1	-4.05175e1	5.15634e1	1.14090e2	2.1737813e-4	1.6533732e-3	1.2054612e1	1.0775042	
2022-03-16	11:40:44	9.44017e-1	1.55908e-1	-4.05480e1	5.15667e1	1.14093e2	3.2407045e-4	1.6481280e-3	1.2055451e1	1.0774900	
2022-03-16	11:40:44	1.06667	1.59766e-1	-4.03145e1	5.15667e1	1.14098e2	3.6615133e-4	1.6884207e-3	1.2068879e1	1.0774641	
2022-03-16	11:40:45	7.26397e-2	1.58783e-1	-4.03732e1	5.15634e1	1.14101e2	2.4974346e-5	1.6782283e-3	1.2052934e1	1.0774534	
2022-03-16	11:40:45	7.26397e-2	1.58783e-1	-4.03732e1	5.15634e1	1.14101e2	2.4974346e-5	1.6782283e-3	1.2052934e1	1.0774534	
2022-03-16	11:40:46	4.76237e-1	1.76915e-1	-3.93363e1	5.15600e1	1.14100e2	1.6361474e-4	1.8669366e-3	1.2056291e1	1.0774558	
2022-03-16	11:40:46	1.24677e-1	1.74349e-1	-3.94768e1	5.15634e1	1.14102e2	4.2855739e-5	1.8402934e-3	1.2052934e1	1.0774704	
2022-03-16	11:40:47	-6.51833e-2	1.58595e-1	-4.03839e1	5.15634e1	1.14108e2	-2.2411346e-5	1.6763806e-3	1.2066361e1	1.0774632	
2022-03-16	11:40:47	1.46387e-1	1.59704e-1	-4.03176e1	5.15667e1	1.14106e2	5.0306320e-5	1.6878843e-3	1.2052934e1	1.0774385	
2022-03-16	11:40:48	1.60579e-1	1.65238e-1	-3.99917e1	5.15634e1	1.14108e2	5.5193901e-5	1.7455816e-3	1.2059648e1	1.0774192	
2022-03-16	11:40:48	1.60579e-1	1.65238e-1	-3.99917e1	5.15634e1	1.14108e2	5.5193901e-5	1.7455816e-3	1.2059648e1	1.0774192	
2022-03-16	11:40:49	4.31961e-1	1.55589e-1	-4.05663e1	5.15634e1	1.14108e2	1.4841556e-4	1.6450285e-3	1.2063004e1	1.0774116	
2022-03-16	11:40:49	3.69347e-1	1.60493e-1	-4.02705e1	5.15667e1	1.14105e2	1.2689828e-4	1.6961097e-3	1.2056291e1	1.0774309	
2022-03-16	11:40:50	4.30605e-1	1.59753e-1	-4.03145e1	5.15667e1	1.14107e2	1.4793872e-4	1.6884207e-3	1.2052934e1	1.0774215	
2022-03-16	11:40:50	3.83021e-1	1.59414e-1	-4.03345e1	5.15634e1	1.14111e2	1.3160705e-4	1.6849637e-3	1.2057130e1	1.0774027	
2022-03-16	11:40:51	3.35961e-1	1.59653e-1	-4.03208e1	5.15634e1	1.14104e2	1.1545419e-4	1.6873478e-3	1.2052094e1	1.0774292	
2022-03-16	11:40:51	4.56595e-1	1.58259e-1	-4.04042e1	5.15634e1	1.14107e2	1.5687942e-4	1.6728639e-3	1.2057969e1	1.0774139	
2022-03-16	11:40:52	3.62213e-1	1.57538e-1	-4.04474e1	5.15634e1	1.14111e2	1.2445449e-4	1.6654133e-3	1.2057130e1	1.0774015	
2022-03-16	11:40:52	2.42819e-1	1.55927e-1	-4.05455e1	5.15600e1	1.14110e2	8.3446502e-5	1.6486048e-3	1.2058808e1	1.0774085	
2022-03-16	11:40:53	2.58633e-1	1.57499e-1	-4.04499e1	5.15600e1	1.14110e2	8.8870525e-5	1.6649961e-3	1.2055451e1	1.0774097	
