"2022-02-24 at 12:2"
System_Date_(Y-M-D)	System_Time_(h:m:s)	CO₂_(µmol_mol⁻¹)	H₂O_(mmol_mol⁻¹)	H₂O_(°C)	Cell_Temperature_(°C)	Cell_Pressure_(kPa)	CO₂_Absorption	H₂O_Absorption	Input_Voltage_(V)	Flow_Rate_(L_min⁻¹)	
2022-02-24	12:2:37	1.37102	8.84238e-2	-4.58865e1	5.15667e1	1.13104e2	4.6592950e-4	9.3215703e-4	1.2102448e1	1.0821906	
2022-02-24	12:2:38	1.15867	1.00156e-1	-4.47561e1	5.15634e1	1.13099e2	3.9386749e-4	1.0547041e-3	1.2108323e1	1.0822157	
2022-02-24	12:2:38	1.15867	1.00156e-1	-4.47561e1	5.15634e1	1.13099e2	3.9386749e-4	1.0547041e-3	1.2108323e1	1.0822157	
2022-02-24	12:2:39	1.32106	9.56739e-2	-4.51730e1	5.15667e1	1.13101e2	4.4900178e-4	1.0079145e-3	1.2104966e1	1.0822303	
2022-02-24	12:2:39	1.34922	9.11680e-2	-4.56105e1	5.15667e1	1.13101e2	4.5853853e-4	9.6082687e-4	1.2110002e1	1.0822492	
2022-02-24	12:2:40	1.34422	8.68894e-2	-4.60441e1	5.15667e1	1.13106e2	4.5686960e-4	9.1612339e-4	1.2103288e1	1.0821887	
2022-02-24	12:2:40	1.38451	8.49990e-2	-4.62422e1	5.15667e1	1.13105e2	4.7051906e-4	8.9633464e-4	1.2101609e1	1.0821846	
2022-02-24	12:2:41	1.57268	8.84554e-2	-4.58831e1	5.15634e1	1.13106e2	5.3435564e-4	9.3251466e-4	1.2108323e1	1.0821799	
2022-02-24	12:2:41	1.57268	8.84554e-2	-4.58831e1	5.15634e1	1.13106e2	5.3435564e-4	9.3251466e-4	1.2108323e1	1.0821799	
2022-02-24	12:2:42	1.49974	8.67401e-2	-4.60596e1	5.15634e1	1.13106e2	5.0961971e-4	9.1457366e-4	1.2101609e1	1.0821698	
2022-02-24	12:2:42	1.61168	8.66832e-2	-4.60655e1	5.15634e1	1.13106e2	5.4758787e-4	9.1397762e-4	1.2105805e1	1.0821698	
2022-02-24	12:2:43	1.56087	8.79977e-2	-4.59297e1	5.15634e1	1.13108e2	5.3036212e-4	9.2774629e-4	1.2115037e1	1.0821602	
2022-02-24	12:2:43	1.57144	8.60782e-2	-4.61284e1	5.15634e1	1.13108e2	5.3393840e-4	9.0765953e-4	1.2107484e1	1.0821715	
2022-02-24	12:2:44	1.46795	8.32503e-2	-4.64288e1	5.15667e1	1.13106e2	4.9883127e-4	8.7803602e-4	1.2104127e1	1.0821810	
2022-02-24	12:2:44	1.44648	8.69615e-2	-4.60365e1	5.15667e1	1.13108e2	4.9155950e-4	9.1689825e-4	1.2104966e1	1.0821679	
2022-02-24	12:2:45	1.37991	8.88084e-2	-4.58470e1	5.15667e1	1.13108e2	4.6896934e-4	9.3621015e-4	1.2106645e1	1.0821727	
2022-02-24	12:2:45	1.39801	8.82584e-2	-4.59033e1	5.15667e1	1.13104e2	4.7510862e-4	9.3042850e-4	1.2116715e1	1.0821894	
2022-02-24	12:2:46	1.61175	8.90602e-2	-4.58211e1	5.15634e1	1.13112e2	5.4764747e-4	9.3889236e-4	1.2104966e1	1.0821499	
2022-02-24	12:2:46	1.50675	8.74961e-2	-4.59812e1	5.15634e1	1.13108e2	5.1200389e-4	9.2250108e-4	1.2103288e1	1.0821679	
2022-02-24	12:2:47	1.55026	8.77851e-2	-4.59517e1	5.15701e1	1.13106e2	5.2672624e-4	9.2548131e-4	1.2104127e1	1.0821822	
2022-02-24	12:2:47	1.52350	8.69862e-2	-4.60341e1	5.15667e1	1.13106e2	5.1766633e-4	9.1713666e-4	1.2113358e1	1.0821799	
2022-02-24	12:2:48	1.41110	8.88330e-2	-4.58442e1	5.15634e1	1.13111e2	4.7957897e-4	9.3650817e-4	1.2103288e1	1.0821547	
2022-02-24	12:2:48	1.52422	9.20479e-2	-4.55232e1	5.15667e1	1.13106e2	5.1790475e-4	9.7006559e-4	1.2101609e1	1.0821822	
2022-02-24	12:2:49	1.57352	9.15302e-2	-4.55739e1	5.15634e1	1.13110e2	5.3465366e-4	9.6470117e-4	1.2107484e1	1.0821518	
2022-02-24	12:2:49	1.65250	9.16513e-2	-4.55621e1	5.15634e1	1.13108e2	5.6141614e-4	9.6595287e-4	1.2104966e1	1.0821602	
2022-02-24	12:2:50	1.45192	8.88584e-2	-4.58419e1	5.15634e1	1.13108e2	4.9340724e-4	9.3674659e-4	1.2104966e1	1.0821614	
2022-02-24	12:2:50	1.38602	8.81514e-2	-4.59137e1	5.15701e1	1.13111e2	4.7105550e-4	9.2935562e-4	1.2109162e1	1.0821571	
2022-02-24	12:2:51	1.52144	8.85935e-2	-4.58684e1	5.15701e1	1.13114e2	5.1701068e-4	9.3400478e-4	1.2103288e1	1.0821428	
2022-02-24	12:2:51	1.26155	8.69602e-2	-4.60418e1	5.15634e1	1.13043e2	4.2855739e-4	9.1636180e-4	1.2112519e1	1.0824737	
2022-02-24	12:2:52	1.13182	8.83776e-2	-4.58882e1	5.15667e1	1.13141e2	3.8492679e-4	9.3197822e-4	1.2101609e1	1.0820137	
2022-02-24	12:2:52	1.26409	8.53523e-2	-4.61989e1	5.15667e1	1.13180e2	4.2998790e-4	9.0062618e-4	1.2103288e1	1.0818272	
2022-02-24	12:2:53	1.48827	8.34056e-2	-4.64044e1	5.15667e1	1.13203e2	5.0622224e-4	8.8042020e-4	1.2110002e1	1.0817149	
2022-02-24	12:2:53	1.68060	8.82167e-2	-4.58994e1	5.15634e1	1.13207e2	5.7148933e-4	9.3084573e-4	1.2102448e1	1.0816983	
2022-02-24	12:2:54	1.58092	8.85302e-2	-4.58669e1	5.15634e1	1.13213e2	5.3769350e-4	9.3418359e-4	1.2099092e1	1.0816571	
2022-02-24	12:2:54	1.54518	8.69397e-2	-4.60306e1	5.15667e1	1.13210e2	5.2553415e-4	9.1749429e-4	1.2117555e1	1.0816814	
2022-02-24	12:2:55	1.54057	8.96102e-2	-4.57577e1	5.15667e1	1.13210e2	5.2398443e-4	9.4544887e-4	1.2115037e1	1.0816838	
2022-02-24	12:2:55	1.70475	9.18436e-2	-4.55351e1	5.15634e1	1.13208e2	5.7971477e-4	9.6881389e-4	1.2115037e1	1.0816934	
2022-02-24	12:2:56	1.71041	9.14503e-2	-4.55739e1	5.15667e1	1.13209e2	5.8162212e-4	9.6470117e-4	1.2103288e1	1.0816862	
2022-02-24	12:2:56	1.42351	8.92768e-2	-4.57916e1	5.15667e1	1.13206e2	4.8422813e-4	9.4193220e-4	1.2102448e1	1.0816994	
2022-02-24	12:2:57	1.38392	8.90629e-2	-4.58136e1	5.15634e1	1.13202e2	4.7075748e-4	9.3966722e-4	1.2101609e1	1.0817109	
2022-02-24	12:2:57	-8.17523e-1	1.08318e-1	-4.40292e1	5.15667e1	1.13210e2	-2.7894973e-4	1.1409521e-3	1.2101609e1	1.0816826	
2022-02-24	12:2:58	-2.44403e1	-1.00975e-1	-2.73149e2	5.15667e1	1.14254e2	-8.7039470e-3	-1.0939836e-3	1.2103288e1	1.0767217	
2022-02-24	12:2:58	9.76970e1	7.14816e-1	-2.49693e1	5.15634e1	1.13516e2	2.9623687e-2	7.1838498e-3	1.2112519e1	1.0802214	
2022-02-24	12:2:59	1.53359e2	1.15142	-1.95825e1	5.15634e1	1.13330e2	4.3751182e-2	1.1191010e-2	1.2104127e1	1.0811110	
2022-02-24	12:2:59	1.00549e1	2.32196e-1	-3.67544e1	5.15634e1	1.13251e2	3.3826828e-3	2.4205446e-3	1.2107484e1	1.0814857	
2022-02-24	12:3:00	-1.08599e1	4.10540e-2	-5.25644e1	5.15634e1	1.13215e2	-3.7568807e-3	4.3505430e-4	1.2107484e1	1.0816564	
2022-02-24	12:3:00	-3.76391	6.64088e-2	-4.84292e1	5.15634e1	1.13196e2	-1.2892484e-3	7.0202350e-4	1.2115037e1	1.0817520	
2022-02-24	12:3:01	4.41606e-1	8.63896e-2	-4.60898e1	5.15634e1	1.13184e2	1.5038251e-4	9.1153383e-4	1.2117555e1	1.0817968	
2022-02-24	12:3:01	2.00781	8.86460e-2	-4.58577e1	5.15600e1	1.13181e2	6.8229436e-4	9.3513727e-4	1.2101609e1	1.0818213	
2022-02-24	12:3:02	2.48415	8.84792e-2	-4.58750e1	5.15634e1	1.13177e2	8.4358453e-4	9.3334913e-4	1.2115876e1	1.0818404	
2022-02-24	12:3:02	2.48051	9.11774e-2	-4.56039e1	5.15634e1	1.13172e2	8.4233283e-4	9.6154212e-4	1.2102448e1	1.0818630	
2022-02-24	12:3:03	2.28124	9.34396e-2	-4.53819e1	5.15600e1	1.13171e2	7.7486038e-4	9.8520517e-4	1.2104127e1	1.0818577	
2022-02-24	12:3:03	2.01684	9.26053e-2	-4.54635e1	5.15600e1	1.13167e2	6.8527460e-4	9.7644329e-4	1.2110841e1	1.0818870	
2022-02-24	12:3:04	2.21139	9.25514e-2	-4.54685e1	5.15634e1	1.13171e2	7.5119733e-4	9.7590684e-4	1.2104966e1	1.0818667	
2022-02-24	12:3:04	2.03001	9.13672e-2	-4.55850e1	5.15701e1	1.13172e2	6.8974494e-4	9.6350908e-4	1.2109162e1	1.0818619	
2022-02-24	12:3:05	1.65186	9.10486e-2	-4.56169e1	5.15634e1	1.13169e2	5.6153535e-4	9.6017122e-4	1.2112519e1	1.0818674	
2022-02-24	12:3:05	1.80763	9.58847e-2	-4.51477e1	5.15634e1	1.13167e2	6.1434507e-4	1.0107159e-3	1.2104127e1	1.0818793	
2022-02-24	12:3:06	1.86826	9.56990e-2	-4.51650e1	5.15634e1	1.13171e2	6.3490867e-4	1.0088086e-3	1.2100770e1	1.0818703	
2022-02-24	12:3:06	1.83913	9.30995e-2	-4.54155e1	5.15667e1	1.13165e2	6.2501430e-4	9.8156929e-4	1.2100770e1	1.0818901	
2022-02-24	12:3:07	1.67427	9.40726e-2	-4.53210e1	5.15667e1	1.13167e2	5.6910514e-4	9.9176168e-4	1.2101609e1	1.0818893	
2022-02-24	12:3:07	1.65990	9.13331e-2	-4.55886e1	5.15634e1	1.13170e2	5.6427717e-4	9.6315145e-4	1.2106645e1	1.0818649	
2022-02-24	12:3:08	1.96206	8.79028e-2	-4.59350e1	5.15634e1	1.13164e2	6.6667795e-4	9.2720985e-4	1.2112519e1	1.0819025	
2022-02-24	12:3:08	1.99714	8.97044e-2	-4.57513e1	5.15667e1	1.13170e2	6.7859888e-4	9.4610452e-4	1.2108323e1	1.0818637	
2022-02-24	12:3:09	1.67270	8.99015e-2	-4.57318e1	5.15667e1	1.13166e2	5.6856870e-4	9.4813108e-4	1.2108323e1	1.0818841	
2022-02-24	12:3:09	1.51474	8.96799e-2	-4.57542e1	5.15667e1	1.13165e2	5.1498413e-4	9.4580650e-4	1.2101609e1	1.0818877	
2022-02-24	12:3:10	1.51474	8.96799e-2	-4.57542e1	5.15667e1	1.13165e2	5.1498413e-4	9.4580650e-4	1.2101609e1	1.0818877	
2022-02-24	12:3:10	1.77576	8.98871e-2	-4.57331e1	5.15634e1	1.13169e2	6.0355663e-4	9.4801187e-4	1.2105805e1	1.0818810	
2022-02-24	12:3:11	2.20911	8.67419e-2	-4.60549e1	5.15634e1	1.13163e2	7.5036287e-4	9.1505050e-4	1.2101609e1	1.0819072	
2022-02-24	12:3:11	2.17627	8.73433e-2	-4.59923e1	5.15667e1	1.13167e2	7.3927640e-4	9.2136859e-4	1.2102448e1	1.0818881	
2022-02-24	12:3:12	1.31626	8.80107e-2	-4.59238e1	5.15667e1	1.13165e2	4.4763088e-4	9.2834234e-4	1.2102448e1	1.0818953	
2022-02-24	12:3:12	1.45207	9.86835e-2	-4.48875e1	5.15667e1	1.13144e2	4.9364566e-4	1.0397434e-3	1.2104966e1	1.0819957	
2022-02-24	12:3:13	1.71465	1.11628e-1	-4.37680e1	5.15667e1	1.13014e2	5.8197975e-4	1.1734366e-3	1.2105805e1	1.0826114	
2022-02-24	12:3:13	1.16633	9.10734e-2	-4.56286e1	5.15667e1	1.12992e2	3.9607286e-4	9.5891952e-4	1.2099092e1	1.0827498	
2022-02-24	12:3:14	1.10808	7.93804e-2	-4.68646e1	5.15667e1	1.12985e2	3.7628412e-4	8.3661079e-4	1.2100770e1	1.0827970	
2022-02-24	12:3:14	1.33267	8.97161e-2	-4.57644e1	5.15667e1	1.12992e2	4.5245885e-4	9.4473361e-4	1.2102448e1	1.0827369	
2022-02-24	12:3:15	1.51525	9.06227e-2	-4.56730e1	5.15634e1	1.12998e2	5.1432847e-4	9.5427036e-4	1.2111680e1	1.0826869	
2022-02-24	12:3:15	1.48637	9.04381e-2	-4.56907e1	5.15634e1	1.13008e2	5.0461292e-4	9.5242261e-4	1.2109162e1	1.0826413	
2022-02-24	12:3:16	1.40196	9.20379e-2	-4.55316e1	5.15634e1	1.13012e2	4.7600269e-4	9.6917152e-4	1.2102448e1	1.0826197	
2022-02-24	12:3:16	1.76922	8.94301e-2	-4.57909e1	5.15667e1	1.13021e2	6.0045719e-4	9.4199180e-4	1.2102448e1	1.0825779	
2022-02-24	12:3:17	1.66812	8.55683e-2	-4.61888e1	5.15600e1	1.13021e2	5.6624412e-4	9.0163946e-4	1.2104966e1	1.0825791	
2022-02-24	12:3:17	1.60822	8.79655e-2	-4.59397e1	5.15600e1	1.13024e2	5.4597854e-4	9.2673301e-4	1.2105805e1	1.0825699	
2022-02-24	12:3:18	1.61248	9.21812e-2	-4.55164e1	5.15667e1	1.13027e2	5.4740905e-4	9.7078084e-4	1.2100770e1	1.0825515	
2022-02-24	12:3:18	1.47177	9.29988e-2	-4.54366e1	5.15634e1	1.13024e2	4.9972534e-4	9.7930431e-4	1.2104966e1	1.0825658	
2022-02-24	12:3:19	1.62142	8.91904e-2	-4.58147e1	5.15634e1	1.13027e2	5.5044889e-4	9.3954801e-4	1.2112519e1	1.0825480	
2022-02-24	12:3:19	1.39371	8.63501e-2	-4.61064e1	5.15634e1	1.13028e2	4.7332048e-4	9.0986490e-4	1.2111680e1	1.0825520	
2022-02-24	12:3:20	1.32390	8.58247e-2	-4.61612e1	5.15634e1	1.13029e2	4.4965744e-4	9.0438127e-4	1.2101609e1	1.0825371	
2022-02-24	12:3:20	1.44510	8.58357e-2	-4.61600e1	5.15634e1	1.13030e2	4.9072504e-4	9.0450048e-4	1.2103288e1	1.0825347	
2022-02-24	12:3:21	1.62241	8.89335e-2	-4.58406e1	5.15667e1	1.13029e2	5.5080652e-4	9.3686580e-4	1.2102448e1	1.0825407	
2022-02-24	12:3:21	1.46121	8.77444e-2	-4.59617e1	5.15667e1	1.13032e2	4.9620866e-4	9.2446804e-4	1.2100770e1	1.0825228	
2022-02-24	12:3:22	1.39120	8.92953e-2	-4.58042e1	5.15667e1	1.13025e2	4.7242641e-4	9.4062089e-4	1.2101609e1	1.0825563	
2022-02-24	12:3:22	1.60411	9.15210e-2	-4.55811e1	5.15667e1	1.13031e2	5.4460763e-4	9.6392631e-4	1.2104127e1	1.0825276	
2022-02-24	12:3:23	1.60709	9.13433e-2	-4.55986e1	5.15667e1	1.13032e2	5.4562091e-4	9.6207857e-4	1.2107484e1	1.0825316	
