"2022-02-24 at 12:31"
System_Date_(Y-M-D)	System_Time_(h:m:s)	CO₂_(µmol_mol⁻¹)	H₂O_(mmol_mol⁻¹)	H₂O_(°C)	Cell_Temperature_(°C)	Cell_Pressure_(kPa)	CO₂_Absorption	H₂O_Absorption	Input_Voltage_(V)	Flow_Rate_(L_min⁻¹)	
2022-02-24	12:31:33	1.73501	8.49675e-2	-4.62848e1	5.15667e1	1.12612e2	5.8656930e-4	8.9210271e-4	1.2107484e1	1.0823048	
2022-02-24	12:31:34	1.61739	8.66668e-2	-4.61062e1	5.15634e1	1.12618e2	5.4693222e-4	9.0986490e-4	1.2105805e1	1.0823826	
2022-02-24	12:31:34	1.65886	8.80964e-2	-4.59592e1	5.15634e1	1.12612e2	5.6087970e-4	9.2470645e-4	1.2105805e1	1.0821537	
2022-02-24	12:31:35	1.55764	8.56557e-2	-4.62124e1	5.15667e1	1.12610e2	5.2672624e-4	8.9925527e-4	1.2105805e1	1.0823689	
2022-02-24	12:31:35	1.55764	8.56557e-2	-4.62124e1	5.15667e1	1.12610e2	5.2672624e-4	8.9925527e-4	1.2105805e1	1.0823689	
2022-02-24	12:31:36	2.40666	8.43276e-2	-4.63528e1	5.15634e1	1.12610e2	8.1288814e-4	8.8542699e-4	1.2108323e1	1.0823855	
2022-02-24	12:31:36	1.95753	8.01495e-2	-4.68082e1	5.15667e1	1.12609e2	6.6161155e-4	8.4185600e-4	1.2120912e1	1.0823447	
2022-02-24	12:31:37	1.67706	9.76662e-2	-4.50252e1	5.15667e1	1.12609e2	5.6701898e-4	1.0242462e-3	1.2108323e1	1.0823395	
2022-02-24	12:31:37	1.59808	1.09588e-1	-4.39707e1	5.15667e1	1.12612e2	5.4037570e-4	1.1481046e-3	1.2107484e1	1.0823315	
2022-02-24	12:31:38	1.62182	8.30616e-2	-4.64883e1	5.15667e1	1.12614e2	5.4842233e-4	8.7225437e-4	1.2105805e1	1.0824108	
2022-02-24	12:31:38	1.62182	8.30616e-2	-4.64883e1	5.15667e1	1.12614e2	5.4842233e-4	8.7225437e-4	1.2105805e1	1.0824108	
2022-02-24	12:31:39	1.73118	8.51189e-2	-4.62690e1	5.15667e1	1.12609e2	5.8525800e-4	8.9365243e-4	1.2108323e1	1.0826148	
2022-02-24	12:31:39	1.60177	8.56317e-2	-4.62148e1	5.15667e1	1.12611e2	5.4162740e-4	8.9901685e-4	1.2106645e1	1.0826283	
2022-02-24	12:31:40	1.65790	8.38448e-2	-4.64041e1	5.15667e1	1.12614e2	5.6058168e-4	8.8042020e-4	1.2119233e1	1.0824629	
2022-02-24	12:31:40	1.72597	8.40685e-2	-4.63803e1	5.15634e1	1.12612e2	5.8352947e-4	8.8274478e-4	1.2103288e1	1.0825879	
2022-02-24	12:31:41	1.57598	8.43602e-2	-4.63492e1	5.15634e1	1.12612e2	5.3292512e-4	8.8578462e-4	1.2105805e1	1.0825346	
2022-02-24	12:31:41	1.44984	8.50613e-2	-4.62746e1	5.15634e1	1.12615e2	4.9036741e-4	8.9311599e-4	1.2104966e1	1.0823947	
2022-02-24	12:31:42	1.69785	8.50056e-2	-4.62807e1	5.15600e1	1.12612e2	5.7405233e-4	8.9251995e-4	1.2106645e1	1.0825346	
2022-02-24	12:31:42	1.74806	8.75961e-2	-4.60102e1	5.15667e1	1.12616e2	5.9098005e-4	9.1952085e-4	1.2110002e1	1.0823999	
2022-02-24	12:31:43	1.61512	8.82474e-2	-4.59434e1	5.15634e1	1.12616e2	5.4615736e-4	9.2631578e-4	1.2108323e1	1.0825765	
2022-02-24	12:31:43	1.70687	8.79266e-2	-4.59763e1	5.15600e1	1.12616e2	5.7709217e-4	9.2297792e-4	1.2108323e1	1.0826156	
2022-02-24	12:31:44	1.82292	8.55517e-2	-4.62228e1	5.15600e1	1.12616e2	6.1625242e-4	8.9824199e-4	1.2119233e1	1.0825421	
2022-02-24	12:31:44	1.67111	8.52916e-2	-4.62505e1	5.15600e1	1.12612e2	5.6505203e-4	8.9550018e-4	1.2115876e1	1.0825879	
2022-02-24	12:31:45	1.62380	8.63830e-2	-4.61360e1	5.15600e1	1.12614e2	5.4907798e-4	9.0688467e-4	1.2111680e1	1.0825529	
2022-02-24	12:31:45	1.60713	8.31837e-2	-4.64748e1	5.15634e1	1.12618e2	5.4347515e-4	8.7356567e-4	1.2106645e1	1.0824549	
2022-02-24	12:31:46	1.65432	8.23966e-2	-4.65602e1	5.15634e1	1.12615e2	5.5938959e-4	8.6534023e-4	1.2108323e1	1.0828579	
2022-02-24	12:31:46	1.54219	8.40068e-2	-4.63857e1	5.15667e1	1.12627e2	5.2160024e-4	8.8220834e-4	1.2106645e1	1.0843279	
2022-02-24	12:31:47	1.72467	8.48394e-2	-4.62922e1	5.15634e1	1.12689e2	5.8352947e-4	8.9138746e-4	1.2106645e1	1.0842057	
2022-02-24	12:31:47	2.20443	8.19208e-2	-4.66064e1	5.15634e1	1.12687e2	7.4535608e-4	8.6092948e-4	1.2107484e1	1.0835591	
2022-02-24	12:31:48	1.62658	8.82859e-2	-4.59328e1	5.15701e1	1.12700e2	5.5044889e-4	9.2738866e-4	1.2104127e1	1.0841338	
2022-02-24	12:31:48	1.63667	9.00143e-2	-4.57500e1	5.15634e1	1.12796e2	5.5438280e-4	9.4622373e-4	1.2107484e1	1.0836635	
2022-02-24	12:31:49	2.08274	8.07216e-2	-4.67278e1	5.15634e1	1.12821e2	7.0524215e-4	8.4942579e-4	1.2118394e1	1.0835447	
2022-02-24	12:31:49	1.91200	8.26792e-2	-4.65126e1	5.15634e1	1.12828e2	6.4760446e-4	8.6992979e-4	1.2111680e1	1.0835009	
2022-02-24	12:31:50	1.80245	8.54519e-2	-4.62156e1	5.15667e1	1.12839e2	6.1064958e-4	8.9895725e-4	1.2106645e1	1.0834505	
2022-02-24	12:31:50	1.77350	8.54352e-2	-4.62173e1	5.15667e1	1.12838e2	6.0087442e-4	8.9877843e-4	1.2104966e1	1.0834529	
2022-02-24	12:31:51	1.76823	8.79350e-2	-4.59576e1	5.15634e1	1.12839e2	5.9908628e-4	9.2488527e-4	1.2106645e1	1.0834505	
2022-02-24	12:31:51	1.75472	8.80849e-2	-4.59418e1	5.15634e1	1.12845e2	5.9455633e-4	9.2649459e-4	1.2110841e1	1.0834242	
2022-02-24	12:31:52	1.73530	8.70919e-2	-4.60442e1	5.15600e1	1.12843e2	5.8799982e-4	9.1612339e-4	1.2106645e1	1.0834337	
2022-02-24	12:31:52	1.76565	8.59964e-2	-4.61580e1	5.15667e1	1.12844e2	5.9825181e-4	9.0467929e-4	1.2104966e1	1.0834277	
2022-02-24	12:31:53	1.82392	8.70835e-2	-4.60452e1	5.15634e1	1.12840e2	6.1792135e-4	9.1600418e-4	1.2104966e1	1.0834469	
2022-02-24	12:31:53	1.72407	8.58024e-2	-4.61785e1	5.15601e1	1.12841e2	5.8418512e-4	9.0265274e-4	1.2117555e1	1.0834398	
2022-02-24	12:31:54	1.16775	9.02311e-2	-4.57249e1	5.15634e1	1.12839e2	3.9595365e-4	9.4884634e-4	1.2120912e1	1.0834481	
2022-02-24	12:31:54	1.26299	8.05903e-2	-4.66645e1	5.15667e1	1.13806e2	4.3219327e-4	8.5544586e-4	1.2104127e1	1.0788354	
2022-02-24	12:31:55	1.03218e1	8.58085e-2	-4.61476e1	5.15634e1	1.13222e2	3.4703016e-3	9.0575218e-4	1.2110002e1	1.0816153	
2022-02-24	12:31:55	1.11662e1	1.18267e-1	-4.32369e1	5.15634e1	1.12977e2	3.7412047e-3	1.2421011e-3	1.2104966e1	1.0827887	
2022-02-24	12:31:56	1.21758	1.13435e-1	-4.36294e1	5.15634e1	1.12897e2	4.1306018e-4	1.1910200e-3	1.2107484e1	1.0831733	
2022-02-24	12:31:56	-1.39300e-1	9.50292e-2	-4.52534e1	5.15667e1	1.12865e2	-4.7326087e-5	9.9909305e-4	1.2106645e1	1.0833258	
2022-02-24	12:31:57	1.13591	8.78708e-2	-4.59634e1	5.15667e1	1.12849e2	3.8522481e-4	9.2428922e-4	1.2104966e1	1.0834014	
2022-02-24	12:31:57	1.65109	8.26125e-2	-4.65187e1	5.15667e1	1.12843e2	5.5950880e-4	8.6933374e-4	1.2110002e1	1.0834325	
2022-02-24	12:31:58	1.94102	8.56741e-2	-4.61922e1	5.15634e1	1.12838e2	6.5749883e-4	9.0128183e-4	1.2104966e1	1.0834529	
2022-02-24	12:31:58	1.84287	8.45854e-2	-4.63074e1	5.15634e1	1.12836e2	6.2429904e-4	8.8989734e-4	1.2104966e1	1.0834637	
2022-02-24	12:31:59	1.73583	8.21995e-2	-4.65641e1	5.15634e1	1.12837e2	5.8811902e-4	8.6498260e-4	1.2104127e1	1.0834613	
2022-02-24	12:31:59	1.86695	8.60570e-2	-4.61522e1	5.15634e1	1.12838e2	6.3246488e-4	9.0527534e-4	1.2106645e1	1.0834554	
2022-02-24	12:32:00	1.88067	8.72583e-2	-4.60274e1	5.15667e1	1.12837e2	6.3705444e-4	9.1779232e-4	1.2106645e1	1.0834626	
2022-02-24	12:32:00	1.71385	8.57558e-2	-4.61832e1	5.15667e1	1.12845e2	5.8072805e-4	9.0217590e-4	1.2105805e1	1.0834230	
2022-02-24	12:32:01	1.89315	8.14186e-2	-4.66495e1	5.15701e1	1.12838e2	6.4128637e-4	8.5681676e-4	1.2110002e1	1.0834642	
2022-02-24	12:32:01	1.98252	8.25372e-2	-4.65317e1	5.15667e1	1.12782e2	6.7114830e-4	8.6808204e-4	1.2106645e1	1.0837408	
2022-02-24	12:32:02	1.69592	8.68101e-2	-4.60789e1	5.15634e1	1.12773e2	5.7429075e-4	9.1260671e-4	1.2104966e1	1.0837876	
2022-02-24	12:32:02	1.63142	8.59667e-2	-4.61670e1	5.15667e1	1.12771e2	5.5247545e-4	9.0378522e-4	1.2105805e1	1.0837961	
2022-02-24	12:32:03	1.63142	8.59667e-2	-4.61670e1	5.15667e1	1.12771e2	5.5247545e-4	9.0378522e-4	1.2105805e1	1.0837961	
2022-02-24	12:32:03	1.52674	8.23930e-2	-4.65478e1	5.15667e1	1.12777e2	5.1712989e-4	8.6653232e-4	1.2105805e1	1.0837684	
2022-02-24	12:32:04	1.61317	8.67741e-2	-4.60825e1	5.15634e1	1.12775e2	5.4633617e-4	9.1224908e-4	1.2109162e1	1.0837769	
2022-02-24	12:32:04	1.88715	9.08816e-2	-4.56649e1	5.15634e1	1.12777e2	6.3890218e-4	9.5510482e-4	1.2106645e1	1.0837649	
2022-02-24	12:32:05	1.86587	8.58786e-2	-4.61759e1	5.15667e1	1.12774e2	6.3169002e-4	9.0289115e-4	1.2104966e1	1.0837805	
