"2022-03-17 at 10:13"
System_Date_(Y-M-D)	System_Time_(h:m:s)	CO₂_(µmol_mol⁻¹)	H₂O_(mmol_mol⁻¹)	H₂O_(°C)	Cell_Temperature_(°C)	Cell_Pressure_(kPa)	CO₂_Absorption	H₂O_Absorption	Input_Voltage_(V)	Flow_Rate_(L_min⁻¹)	
2022-03-17	10:13:46	7.26158e-1	9.91392e-2	-4.45226e1	5.15634e1	1.17216e2	2.5677680e-4	1.0820627e-3	1.2057969e1	1.0630317	
2022-03-17	10:13:47	5.88378e-1	9.37637e-2	-4.50313e1	5.15634e1	1.17217e2	2.0807981e-4	1.0238885e-3	1.2057969e1	1.0630272	
2022-03-17	10:13:47	1.04165	9.66707e-2	-4.47530e1	5.15634e1	1.17217e2	3.6817789e-4	1.0553598e-3	1.2059648e1	1.0630272	
2022-03-17	10:13:48	9.28418e-1	9.81747e-2	-4.46120e1	5.15634e1	1.17216e2	3.2818317e-4	1.0716319e-3	1.2057969e1	1.0630382	
2022-03-17	10:13:48	3.28696e-1	9.49394e-2	-4.49180e1	5.15667e1	1.17214e2	1.1628866e-4	1.0365843e-3	1.2057969e1	1.0630396	
2022-03-17	10:13:49	5.31330e-1	1.05689e-1	-4.39350e1	5.15634e1	1.17220e2	1.8793344e-4	1.1529326e-3	1.2058808e1	1.0630114	
2022-03-17	10:13:49	5.31330e-1	1.05689e-1	-4.39350e1	5.15634e1	1.17220e2	1.8793344e-4	1.1529326e-3	1.2058808e1	1.0630114	
2022-03-17	10:13:50	4.99496e-1	9.45127e-2	-4.49589e1	5.15634e1	1.17216e2	1.7666816e-4	1.0319948e-3	1.2058808e1	1.0630643	
2022-03-17	10:13:50	3.92797e-1	9.28081e-2	-4.51247e1	5.15634e1	1.17214e2	1.3893842e-4	1.0135173e-3	1.2059648e1	1.0630646	
2022-03-17	10:13:51	5.59729e-1	1.00074e-1	-4.44369e1	5.15667e1	1.17212e2	1.9794702e-4	1.0921359e-3	1.2058808e1	1.0630476	
2022-03-17	10:13:51	5.37228e-1	1.00657e-1	-4.43832e1	5.15634e1	1.17218e2	1.9001960e-4	1.0985136e-3	1.2059648e1	1.0630182	
2022-03-17	10:13:52	6.92959e-1	9.90869e-2	-4.45277e1	5.15634e1	1.17212e2	2.4503469e-4	1.0814666e-3	1.2068040e1	1.0630465	
2022-03-17	10:13:52	6.92959e-1	9.90869e-2	-4.45277e1	5.15634e1	1.17212e2	2.4503469e-4	1.0814666e-3	1.2068040e1	1.0630465	
2022-03-17	10:13:53	6.92317e-1	9.72588e-2	-4.46979e1	5.15667e1	1.17212e2	2.4479627e-4	1.0616779e-3	1.2059648e1	1.0630453	
2022-03-17	10:13:53	7.03737e-1	9.79458e-2	-4.46333e1	5.15701e1	1.17216e2	2.4884939e-4	1.0691285e-3	1.2066361e1	1.0630317	
2022-03-17	10:13:54	7.98976e-1	9.78145e-2	-4.46459e1	5.15634e1	1.17212e2	2.8246641e-4	1.0676980e-3	1.2063004e1	1.0630476	
2022-03-17	10:13:54	7.74789e-1	9.60886e-2	-4.48082e1	5.15634e1	1.17214e2	2.7394294e-4	1.0490417e-3	1.2058808e1	1.0630363	
2022-03-17	10:13:55	5.88372e-1	9.54314e-2	-4.48707e1	5.15600e1	1.17216e2	2.0807981e-4	1.0419487e-3	1.2058808e1	1.0630306	
2022-03-17	10:13:55	5.88372e-1	9.54314e-2	-4.48707e1	5.15600e1	1.17216e2	2.0807981e-4	1.0419487e-3	1.2058808e1	1.0630306	
2022-03-17	10:13:56	6.70850e-1	1.00354e-1	-4.44113e1	5.15634e1	1.17211e2	2.3722648e-4	1.0951757e-3	1.2061326e1	1.0630499	
2022-03-17	10:13:56	7.74791e-1	1.01379e-1	-4.43182e1	5.15634e1	1.17212e2	2.7394294e-4	1.1062622e-3	1.2058808e1	1.0630453	
2022-03-17	10:13:57	8.76027e-1	1.00248e-1	-4.44208e1	5.15667e1	1.17215e2	3.0970573e-4	1.0940432e-3	1.2062165e1	1.0630351	
2022-03-17	10:13:57	6.88103e-1	9.83840e-2	-4.45929e1	5.15667e1	1.17211e2	2.4330615e-4	1.0738372e-3	1.2060487e1	1.0630533	
2022-03-17	10:13:58	4.53665e-1	9.50630e-2	-4.49065e1	5.15634e1	1.17209e2	1.6045570e-4	1.0378956e-3	1.2058808e1	1.0630589	
2022-03-17	10:13:58	5.31392e-1	9.42187e-2	-4.49876e1	5.15634e1	1.17212e2	1.8793344e-4	1.0287761e-3	1.2053773e1	1.0630476	
2022-03-17	10:13:59	7.46460e-1	9.79206e-2	-4.46360e1	5.15667e1	1.17211e2	2.6392936e-4	1.0688304e-3	1.2058808e1	1.0630499	
2022-03-17	10:13:59	7.13074e-1	9.83081e-2	-4.46000e1	5.15701e1	1.17210e2	2.5212764e-4	1.0730028e-3	1.2058808e1	1.0630544	
2022-03-17	10:14:00	5.50393e-1	9.75683e-2	-4.46690e1	5.15667e1	1.17211e2	1.9466876e-4	1.0650157e-3	1.2063844e1	1.0630509	
2022-03-17	10:14:00	8.39960e-1	9.71309e-2	-4.47099e1	5.15634e1	1.17213e2	2.9695034e-4	1.0603070e-3	1.2059648e1	1.0630441	
2022-03-17	10:14:01	6.55158e-1	9.86225e-2	-4.45857e1	5.15634e1	1.17019e2	2.3126602e-4	1.0746717e-3	1.2057130e1	1.0639227	
2022-03-17	10:14:01	1.84490e-1	1.03008e-1	-4.41803e1	5.15667e1	1.17105e2	6.5207481e-5	1.1228322e-3	1.2057130e1	1.0635354	
2022-03-17	10:14:02	6.31759e-1	9.88017e-2	-4.45566e1	5.15667e1	1.17180e2	2.2333860e-4	1.0780692e-3	1.2070558e1	1.0631949	
2022-03-17	10:14:02	9.16233e-1	9.39629e-2	-4.50136e1	5.15667e1	1.17196e2	3.2383203e-4	1.0258555e-3	1.2062165e1	1.0631202	
2022-03-17	10:14:03	1.02961	9.58275e-2	-4.48337e1	5.15701e1	1.17206e2	3.6388635e-4	1.0461211e-3	1.2058808e1	1.0630737	
2022-03-17	10:14:03	1.09337	9.91217e-2	-4.45244e1	5.15701e1	1.17212e2	3.8641691e-4	1.0818243e-3	1.2058808e1	1.0630453	
2022-03-17	10:14:04	6.40123e-1	9.83668e-2	-4.45944e1	5.15667e1	1.17211e2	2.2637844e-4	1.0736584e-3	1.2059648e1	1.0630499	
2022-03-17	10:14:04	5.26789e-1	9.69442e-2	-4.47275e1	5.15634e1	1.17212e2	1.8632411e-4	1.0582804e-3	1.2058808e1	1.0630476	
2022-03-17	10:14:05	5.54148e-1	1.00536e-1	-4.43947e1	5.15634e1	1.17212e2	1.9598007e-4	1.0971426e-3	1.2059648e1	1.0630465	
2022-03-17	10:14:05	5.58237e-1	9.62882e-2	-4.47893e1	5.15667e1	1.17214e2	1.9741058e-4	1.0511875e-3	1.2059648e1	1.0630385	
2022-03-17	10:14:06	5.94472e-1	9.42742e-2	-4.49823e1	5.15634e1	1.17211e2	2.1022558e-4	1.0293722e-3	1.2058808e1	1.0630499	
2022-03-17	10:14:06	5.93306e-1	9.87735e-2	-4.45567e1	5.15634e1	1.17211e2	2.0980834e-4	1.0780692e-3	1.2065522e1	1.0630499	
2022-03-17	10:14:07	9.20959e-1	9.85067e-2	-4.45812e1	5.15634e1	1.17214e2	3.2556056e-4	1.0752081e-3	1.2062165e1	1.0630373	
2022-03-17	10:14:07	6.90364e-1	9.49095e-2	-4.49207e1	5.15634e1	1.17216e2	2.4414062e-4	1.0362863e-3	1.2069718e1	1.0630317	
2022-03-17	10:14:08	-3.60131e-1	1.00774e-1	-4.43622e1	5.15634e1	1.17350e2	-1.2767314e-4	1.1010169e-3	1.2069718e1	1.0624223	
2022-03-17	10:14:08	-1.97256	1.13675e-1	-4.31995e1	5.15600e1	1.18015e2	-7.0524215e-4	1.2475848e-3	1.2062165e1	1.0594248	
2022-03-17	10:14:09	2.13841e1	1.03780e-1	-4.40504e1	5.15634e1	1.17888e2	7.4014067e-3	1.1387467e-3	1.2060487e1	1.0599964	
2022-03-17	10:14:09	3.10691e1	1.00503e-1	-4.43788e1	5.15634e1	1.17454e2	1.0577678e-2	1.0990500e-3	1.2062165e1	1.0619530	
2022-03-17	10:14:10	3.10691e1	1.00503e-1	-4.43788e1	5.15634e1	1.17454e2	1.0577678e-2	1.0990500e-3	1.2062165e1	1.0619530	
2022-03-17	10:14:10	3.20141e-1	1.24861e-1	-4.23812e1	5.15634e1	1.17312e2	1.1336803e-4	1.3608336e-3	1.2068040e1	1.0625944	
2022-03-17	10:14:11	-4.32505	1.06406e-1	-4.38704e1	5.15634e1	1.17250e2	-1.5404224e-3	1.1609792e-3	1.2057969e1	1.0628731	
2022-03-17	10:14:11	-1.45139e-2	1.02899e-1	-4.41810e1	5.15634e1	1.17220e2	-5.1259994e-6	1.1227726e-3	1.2070558e1	1.0630102	
2022-03-17	10:14:12	7.89517e-1	9.83130e-2	-4.45996e1	5.15667e1	1.17210e2	2.7912855e-4	1.0730624e-3	1.2068040e1	1.0630567	
2022-03-17	10:14:12	1.01799	9.21817e-2	-4.51868e1	5.15667e1	1.17207e2	3.5977363e-4	1.0066628e-3	1.2061326e1	1.0630702	
2022-03-17	10:14:13	1.01799	9.21817e-2	-4.51868e1	5.15667e1	1.17207e2	3.5977363e-4	1.0066628e-3	1.2061326e1	1.0630702	
2022-03-17	10:14:13	9.04493e-1	9.20131e-2	-4.52036e1	5.15667e1	1.17204e2	3.1971931e-4	1.0048151e-3	1.2066361e1	1.0630816	
2022-03-17	10:14:14	7.31797e-1	9.40688e-2	-4.50025e1	5.15634e1	1.17207e2	2.5874376e-4	1.0271072e-3	1.2057969e1	1.0630714	
2022-03-17	10:14:14	6.91987e-1	9.88396e-2	-4.45511e1	5.15634e1	1.17205e2	2.4467706e-4	1.0787248e-3	1.2057969e1	1.0630793	
2022-03-17	10:14:15	6.52565e-1	9.71839e-2	-4.47057e1	5.15634e1	1.17202e2	2.3072957e-4	1.0607838e-3	1.2058808e1	1.0630929	
2022-03-17	10:14:15	6.82382e-1	9.45085e-2	-4.49600e1	5.15600e1	1.17207e2	2.4127960e-4	1.0318756e-3	1.2060487e1	1.0630725	
2022-03-17	10:14:16	6.82382e-1	9.45085e-2	-4.49600e1	5.15600e1	1.17207e2	2.4127960e-4	1.0318756e-3	1.2060487e1	1.0630725	
2022-03-17	10:14:16	6.90812e-1	9.59639e-2	-4.48209e1	5.15600e1	1.17204e2	2.4425983e-4	1.0476112e-3	1.2060487e1	1.0630828	
2022-03-17	10:14:17	7.17460e-1	9.47735e-2	-4.49346e1	5.15600e1	1.17206e2	2.5367736e-4	1.0347366e-3	1.2058808e1	1.0630770	
2022-03-17	10:14:17	7.96446e-1	9.27339e-2	-4.51328e1	5.15634e1	1.17203e2	2.8157234e-4	1.0126233e-3	1.2058808e1	1.0630861	
2022-03-17	10:14:18	7.22720e-1	9.57775e-2	-4.48386e1	5.15634e1	1.17204e2	2.5552511e-4	1.0455846e-3	1.2056291e1	1.0630816	
2022-03-17	10:14:18	5.78524e-1	9.79640e-2	-4.46325e1	5.15634e1	1.17204e2	2.0456314e-4	1.0692477e-3	1.2058808e1	1.0630816	
2022-03-17	10:14:19	5.78524e-1	9.79640e-2	-4.46325e1	5.15634e1	1.17204e2	2.0456314e-4	1.0692477e-3	1.2058808e1	1.0630816	
2022-03-17	10:14:19	6.71757e-1	9.74564e-2	-4.46799e1	5.15634e1	1.17206e2	2.3752450e-4	1.0637640e-3	1.2058808e1	1.0630770	
2022-03-17	10:14:20	9.51042e-1	9.81050e-2	-4.46192e1	5.15600e1	1.17206e2	3.3617019e-4	1.0707974e-3	1.2068879e1	1.0630748	
2022-03-17	10:14:20	1.18655	9.84351e-2	-4.45890e1	5.15600e1	1.17200e2	4.1925907e-4	1.0743141e-3	1.2057130e1	1.0631021	
2022-03-17	10:14:21	1.25767	9.89379e-2	-4.45419e1	5.15634e1	1.17206e2	4.4435262e-4	1.0797977e-3	1.2071397e1	1.0630748	
2022-03-17	10:14:21	6.40635e-1	9.77587e-2	-4.46526e1	5.15634e1	1.17193e2	2.2649765e-4	1.0669231e-3	1.2072236e1	1.0631326	
2022-03-17	10:14:22	6.40635e-1	9.77587e-2	-4.46526e1	5.15634e1	1.17193e2	2.2649765e-4	1.0669231e-3	1.2072236e1	1.0631326	
2022-03-17	10:14:22	3.67325e-1	1.07806e-1	-4.37541e1	5.15634e1	1.17198e2	1.2993812e-4	1.1755824e-3	1.2069718e1	1.0631134	
2022-03-17	10:14:23	5.49617e-1	1.07037e-1	-4.38198e1	5.15667e1	1.17202e2	1.9437074e-4	1.1672973e-3	1.2061326e1	1.0631300	
2022-03-17	10:14:23	7.23570e-1	9.40924e-2	-4.50003e1	5.15667e1	1.17206e2	2.5582313e-4	1.0273456e-3	1.2059648e1	1.0631096	
2022-03-17	10:14:24	6.00697e-1	9.71130e-2	-4.47120e1	5.15634e1	1.17208e2	2.1243095e-4	1.0600686e-3	1.2058808e1	1.0630755	
2022-03-17	10:14:24	5.84229e-1	9.69143e-2	-4.47311e1	5.15634e1	1.17202e2	2.0658969e-4	1.0578632e-3	1.2057969e1	1.0630941	
2022-03-17	10:14:25	5.84229e-1	9.69143e-2	-4.47311e1	5.15634e1	1.17202e2	2.0658969e-4	1.0578632e-3	1.2057969e1	1.0630941	
2022-03-17	10:14:25	8.22459e-1	9.50020e-2	-4.49127e1	5.15667e1	1.17204e2	2.9075145e-4	1.0371804e-3	1.2065522e1	1.0630816	
2022-03-17	10:14:26	7.33678e-1	9.60524e-2	-4.48124e1	5.15634e1	1.17205e2	2.5939941e-4	1.0485649e-3	1.2057969e1	1.0630793	
2022-03-17	10:14:26	6.20529e-1	9.61383e-2	-4.48047e1	5.15600e1	1.17200e2	2.1940469e-4	1.0494589e-3	1.2059648e1	1.0631031	
2022-03-17	10:14:27	7.79774e-1	9.77280e-2	-4.46547e1	5.15600e1	1.17202e2	2.7567148e-4	1.0666847e-3	1.2073075e1	1.0630918	
2022-03-17	10:14:27	9.44696e-1	9.75079e-2	-4.46752e1	5.15634e1	1.17203e2	3.3390522e-4	1.0643005e-3	1.2070558e1	1.0630873	
2022-03-17	10:14:28	9.44696e-1	9.75079e-2	-4.46752e1	5.15634e1	1.17203e2	3.3390522e-4	1.0643005e-3	1.2070558e1	1.0630873	
2022-03-17	10:14:28	9.44696e-1	9.75079e-2	-4.46752e1	5.15634e1	1.17203e2	3.3390522e-4	1.0643005e-3	1.2070558e1	1.0630873	
2022-03-17	10:14:29	5.74763e-1	9.47554e-2	-4.49366e1	5.15634e1	1.17202e2	2.0325183e-4	1.0344982e-3	1.2056291e1	1.0630929	
2022-03-17	10:14:29	7.76742e-1	9.65081e-2	-4.47695e1	5.15667e1	1.17201e2	2.7459859e-4	1.0534524e-3	1.2059648e1	1.0630964	
2022-03-17	10:14:30	6.67031e-1	1.00002e-1	-4.44440e1	5.15667e1	1.17206e2	2.3585557e-4	1.0913014e-3	1.2058808e1	1.0630770	
2022-03-17	10:14:30	6.17113e-1	9.80247e-2	-4.46272e1	5.15701e1	1.17200e2	2.1821260e-4	1.0698437e-3	1.2060487e1	1.0631009	
2022-03-17	10:14:31	8.97297e-1	9.73906e-2	-4.46865e1	5.15667e1	1.17200e2	3.1715631e-4	1.0629892e-3	1.2069718e1	1.0631031	
2022-03-17	10:14:31	8.97297e-1	9.73906e-2	-4.46865e1	5.15667e1	1.17200e2	3.1715631e-4	1.0629892e-3	1.2069718e1	1.0631031	
2022-03-17	10:14:32	6.66245e-1	9.76426e-2	-4.46629e1	5.15634e1	1.17200e2	2.3555755e-4	1.0657310e-3	1.2060487e1	1.0631009	
2022-03-17	10:14:32	6.47696e-1	9.85167e-2	-4.45813e1	5.15600e1	1.17201e2	2.2900104e-4	1.0752081e-3	1.2059648e1	1.0630964	
2022-03-17	10:14:33	6.33503e-1	9.65134e-2	-4.47691e1	5.15634e1	1.17200e2	2.2399425e-4	1.0535120e-3	1.2061326e1	1.0631009	
