"2022-03-08 at 13:55"
System_Date_(Y-M-D)	System_Time_(h:m:s)	CO₂_(µmol_mol⁻¹)	H₂O_(mmol_mol⁻¹)	H₂O_(°C)	Cell_Temperature_(°C)	Cell_Pressure_(kPa)	CO₂_Absorption	H₂O_Absorption	Input_Voltage_(V)	Flow_Rate_(L_min⁻¹)	
2022-03-08	13:55:38	1.06786	8.43785e-2	-4.63576e1	5.15667e1	1.12483e2	3.6090612e-4	8.8495016e-4	1.2075593e1	1.0851637	
2022-03-08	13:55:38	1.13708	8.38044e-2	-4.64187e1	5.15667e1	1.12485e2	3.8427114e-4	8.7898969e-4	1.2078111e1	1.0851541	
2022-03-08	13:55:39	1.13708	8.38044e-2	-4.64187e1	5.15667e1	1.12485e2	3.8427114e-4	8.7898969e-4	1.2078111e1	1.0851541	
2022-03-08	13:55:39	1.31094	8.51605e-2	-4.62744e1	5.15667e1	1.12486e2	4.4292211e-4	8.9311599e-4	1.2084825e1	1.0851392	
2022-03-08	13:55:40	9.44430e-1	8.21913e-2	-4.65932e1	5.15634e1	1.12482e2	3.1924247e-4	8.6218118e-4	1.2073075e1	1.0851674	
2022-03-08	13:55:40	1.12260	8.20589e-2	-4.66075e1	5.15634e1	1.12483e2	3.7938356e-4	8.6081027e-4	1.2076432e1	1.0851625	
2022-03-08	13:55:41	1.24205	8.34450e-2	-4.64573e1	5.15701e1	1.12485e2	4.1967630e-4	8.7523460e-4	1.2069718e1	1.0851565	
2022-03-08	13:55:41	9.27126e-1	8.75510e-2	-4.60255e1	5.15667e1	1.12484e2	3.1340122e-4	9.1797113e-4	1.2077271e1	1.0851511	
2022-03-08	13:55:42	9.27126e-1	8.75510e-2	-4.60255e1	5.15667e1	1.12484e2	3.1340122e-4	9.1797113e-4	1.2077271e1	1.0851511	
2022-03-08	13:55:42	1.23912	8.37793e-2	-4.64217e1	5.15667e1	1.12480e2	4.1866302e-4	8.7869167e-4	1.2075593e1	1.0851770	
2022-03-08	13:55:43	1.13959	8.51259e-2	-4.62781e1	5.15634e1	1.12486e2	3.8510560e-4	8.9275836e-4	1.2073075e1	1.0851516	
2022-03-08	13:55:43	1.20174	8.38732e-2	-4.64114e1	5.15634e1	1.12484e2	4.0608644e-4	8.7970495e-4	1.2072236e1	1.0851601	
2022-03-08	13:55:44	1.47125	8.63742e-2	-4.61472e1	5.15634e1	1.12486e2	4.9698352e-4	9.0575218e-4	1.2076432e1	1.0851504	
2022-03-08	13:55:44	1.30607	8.62117e-2	-4.61644e1	5.15667e1	1.12482e2	4.4125318e-4	9.0402364e-4	1.2077271e1	1.0851674	
2022-03-08	13:55:45	9.88337e-1	8.08815e-2	-4.67364e1	5.15634e1	1.12489e2	3.3408403e-4	8.4859132e-4	1.2074754e1	1.0851348	
2022-03-08	13:55:45	1.06110	8.45493e-2	-4.63389e1	5.15600e1	1.12489e2	3.5864114e-4	8.8679790e-4	1.2078111e1	1.0851323	
2022-03-08	13:55:46	1.13402	8.56277e-2	-4.62251e1	5.15634e1	1.12488e2	3.8325786e-4	8.9800357e-4	1.2085664e1	1.0851384	
2022-03-08	13:55:46	9.62405e-1	8.29436e-2	-4.65111e1	5.15667e1	1.12488e2	3.2532215e-4	8.7004899e-4	1.2074754e1	1.0851408	
2022-03-08	13:55:47	1.13104	8.33903e-2	-4.64629e1	5.15667e1	1.12488e2	3.8224458e-4	8.7469816e-4	1.2078111e1	1.0851420	
2022-03-08	13:55:47	1.57749	8.37735e-2	-4.64218e1	5.15667e1	1.12488e2	5.3280591e-4	8.7869167e-4	1.2073075e1	1.0851396	
2022-03-08	13:55:48	1.34689	8.61753e-2	-4.61679e1	5.15701e1	1.12486e2	4.5502185e-4	9.0366601e-4	1.2073075e1	1.0851492	
2022-03-08	13:55:48	1.28932	8.79073e-2	-4.59885e1	5.15634e1	1.12488e2	4.3565034e-4	9.2172622e-4	1.2073075e1	1.0851372	
2022-03-08	13:55:49	1.35470	8.44865e-2	-4.63456e1	5.15600e1	1.12489e2	4.5770406e-4	8.8614225e-4	1.2086503e1	1.0851335	
2022-03-08	13:55:49	1.36704	8.15725e-2	-4.66602e1	5.15634e1	1.12491e2	4.6187639e-4	8.5580348e-4	1.2072236e1	1.0851252	
2022-03-08	13:55:50	1.37603	8.37446e-2	-4.64247e1	5.15701e1	1.12489e2	4.6485662e-4	8.7839365e-4	1.2076432e1	1.0851323	
2022-03-08	13:55:50	1.23529	8.42020e-2	-4.63759e1	5.15667e1	1.12489e2	4.1741132e-4	8.8316202e-4	1.2078111e1	1.0851247	
2022-03-08	13:55:51	1.26706	8.20870e-2	-4.66038e1	5.15634e1	1.12492e2	4.2814016e-4	8.6116790e-4	1.2073075e1	1.0851215	
2022-03-08	13:55:51	1.01765	8.22830e-2	-4.65826e1	5.15634e1	1.12490e2	3.4397840e-4	8.6319446e-4	1.2082307e1	1.0851311	
2022-03-08	13:55:52	1.18967	8.18776e-2	-4.66269e1	5.15634e1	1.12488e2	4.0203332e-4	8.5896253e-4	1.2072236e1	1.0851283	
2022-03-08	13:55:52	1.32604	8.34899e-2	-4.64519e1	5.15634e1	1.12491e2	4.4804811e-4	8.7577104e-4	1.2076432e1	1.0851252	
2022-03-08	13:55:53	1.28966	8.39707e-2	-4.64003e1	5.15667e1	1.12492e2	4.3576955e-4	8.8077783e-4	1.2085664e1	1.0851191	
2022-03-08	13:55:53	1.28966	8.39707e-2	-4.64003e1	5.15667e1	1.12492e2	4.3576955e-4	8.8077783e-4	1.2085664e1	1.0851191	
2022-03-08	13:55:54	1.34266	8.39492e-2	-4.64028e1	5.15667e1	1.12490e2	4.5365095e-4	8.8053941e-4	1.2070558e1	1.0851275	
2022-03-08	13:55:54	1.18638	8.47855e-2	-4.63138e1	5.15667e1	1.12490e2	4.0090084e-4	8.8924169e-4	1.2073915e1	1.0851299	
2022-03-08	13:55:55	1.21205	8.72323e-2	-4.60575e1	5.15634e1	1.12495e2	4.0960311e-4	9.1475248e-4	1.2085664e1	1.0851082	
2022-03-08	13:55:55	-5.08832e-1	1.06393e-1	-4.42338e1	5.15600e1	1.12720e2	-1.7273426e-4	1.1160373e-3	1.2088181e1	1.0840146	
2022-03-08	13:55:56	7.36935e-1	9.52411e-2	-4.51813e1	5.15701e1	1.13511e2	2.5165081e-4	1.0070204e-3	1.2075593e1	1.0802376	
2022-03-08	13:55:56	7.36935e-1	9.52411e-2	-4.51813e1	5.15701e1	1.13511e2	2.5165081e-4	1.0070204e-3	1.2075593e1	1.0802376	
2022-03-08	13:55:57	4.39261	5.59961e-2	-4.98710e1	5.15667e1	1.13795e2	1.4966726e-3	5.9562921e-4	1.2077271e1	1.0788899	
2022-03-08	13:55:57	3.46137	6.12629e-2	-4.90925e1	5.15667e1	1.13756e2	1.1804103e-3	6.5112113e-4	1.2081468e1	1.0790760	
2022-03-08	13:55:58	1.73005e-2	9.18059e-2	-4.55133e1	5.15667e1	1.13527e2	5.9008598e-6	9.7113847e-4	1.2077271e1	1.0801626	
2022-03-08	13:55:58	1.95036e-2	9.62563e-2	-4.50884e1	5.15667e1	1.13467e2	6.6757202e-6	1.0172724e-3	1.2072236e1	1.0804505	
2022-03-08	13:55:59	4.69487e-1	9.31501e-2	-4.53852e1	5.15667e1	1.13482e2	1.6033649e-4	9.8484754e-4	1.2077271e1	1.0803779	
2022-03-08	13:55:59	4.69487e-1	9.31501e-2	-4.53852e1	5.15667e1	1.13482e2	1.6033649e-4	9.8484754e-4	1.2077271e1	1.0803779	
2022-03-08	13:56:00	1.20978	8.75484e-2	-4.59457e1	5.15634e1	1.13487e2	4.1276216e-4	9.2613697e-4	1.2076432e1	1.0803518	
2022-03-08	13:56:00	1.24746	8.82147e-2	-4.58776e1	5.15600e1	1.13484e2	4.2557716e-4	9.3311071e-4	1.2078950e1	1.0803684	
2022-03-08	13:56:01	1.45851	8.08073e-2	-4.66683e1	5.15600e1	1.13453e2	4.9728155e-4	8.5508823e-4	1.2088181e1	1.0805149	
2022-03-08	13:56:01	1.41400	8.28752e-2	-4.64458e1	5.15600e1	1.13403e2	4.8190355e-4	8.7642669e-4	1.2077271e1	1.0807507	
2022-03-08	13:56:02	1.78620	8.63196e-2	-4.60817e1	5.15634e1	1.13379e2	6.0832500e-4	9.1236829e-4	1.2081468e1	1.0808662	
2022-03-08	13:56:02	1.78620	8.63196e-2	-4.60817e1	5.15634e1	1.13379e2	6.0832500e-4	9.1236829e-4	1.2081468e1	1.0808662	
2022-03-08	13:56:03	1.85072	8.45486e-2	-4.62677e1	5.15634e1	1.13384e2	6.3025951e-4	8.9383125e-4	1.2076432e1	1.0808411	
2022-03-08	13:56:03	1.37165	8.57897e-2	-4.61399e1	5.15634e1	1.13344e2	4.6724081e-4	9.0652704e-4	1.2077271e1	1.0810354	
2022-03-08	13:56:04	1.45763	9.71922e-2	-4.50208e1	5.15634e1	1.13211e2	4.9585103e-4	1.0247826e-3	1.2076432e1	1.0816667	
2022-03-08	13:56:04	-1.13594	1.03501e-1	-4.44564e1	5.15667e1	1.13089e2	-3.8731098e-4	1.0895133e-3	1.2073075e1	1.0822688	
2022-03-08	13:56:05	-8.97558e1	9.97764e-2	-4.47837e1	5.15667e1	1.13186e2	-3.4968137e-2	1.0515451e-3	1.2074754e1	1.0818227	
2022-03-08	13:56:05	-8.97558e1	9.97764e-2	-4.47837e1	5.15667e1	1.13186e2	-3.4968137e-2	1.0515451e-3	1.2074754e1	1.0818227	
2022-03-08	13:56:06	3.40714e2	9.52575e-2	-4.51960e1	5.15634e1	1.13308e2	8.2340478e-2	1.0054111e-3	1.2083146e1	1.0812147	
2022-03-08	13:56:06	8.08934e3	7.21857e-2	-4.76718e1	5.15600e1	1.13469e2	4.2059354e-1	7.6454877e-4	1.2076432e1	1.0804387	
2022-03-08	13:56:07	4.77138e3	6.98950e-2	-4.79595e1	5.15634e1	1.13438e2	3.5447473e-1	7.4023008e-4	1.2074754e1	1.0805851	
2022-03-08	13:56:07	2.66266e3	7.49266e-2	-4.73442e1	5.15634e1	1.13429e2	2.7854080e-1	7.9309940e-4	1.2077271e1	1.0806279	
2022-03-08	13:56:08	2.02020e3	7.97545e-2	-4.67902e1	5.15634e1	1.13395e2	2.4423706e-1	8.4358453e-4	1.2078950e1	1.0807923	
2022-03-08	13:56:08	2.02020e3	7.97545e-2	-4.67902e1	5.15634e1	1.13395e2	2.4423706e-1	8.4358453e-4	1.2078950e1	1.0807923	
2022-03-08	13:56:09	2.44101e3	8.66860e-2	-4.60479e1	5.15634e1	1.13324e2	2.6739454e-1	9.1576576e-4	1.2074754e1	1.0811296	
2022-03-08	13:56:09	1.78205e3	7.88942e-2	-4.69347e1	5.15634e1	1.12792e2	2.2840433e-1	8.3011388e-4	1.2080628e1	1.0836775	
2022-03-08	13:56:10	3.53270e2	8.86089e-2	-4.59113e1	5.15634e1	1.12558e2	8.4005594e-2	9.2959403e-4	1.2078111e1	1.0848045	
2022-03-08	13:56:10	3.53270e2	8.86089e-2	-4.59113e1	5.15634e1	1.12558e2	8.4005594e-2	9.2959403e-4	1.2078111e1	1.0848045	
2022-03-08	13:56:11	-5.64728e1	9.83065e-2	-4.49667e1	5.15600e1	1.12595e2	-2.0746827e-2	1.0308027e-3	1.2075593e1	1.0846227	
2022-03-08	13:56:11	-6.92521e1	9.78747e-2	-4.50040e1	5.15600e1	1.12630e2	-2.5959134e-2	1.0266304e-3	1.2075593e1	1.0844553	
2022-03-08	13:56:12	-6.92521e1	9.78747e-2	-4.50040e1	5.15600e1	1.12630e2	-2.5959134e-2	1.0266304e-3	1.2075593e1	1.0844553	
2022-03-08	13:56:12	-3.51706e1	9.05981e-2	-4.57020e1	5.15600e1	1.12667e2	-1.2526392e-2	9.5123052e-4	1.2079789e1	1.0842760	
2022-03-08	13:56:13	-7.87985	8.75468e-2	-4.60069e1	5.15600e1	1.12721e2	-2.7018785e-3	9.1987848e-4	1.2075593e1	1.0840187	
2022-03-08	13:56:13	-3.93545	8.62099e-2	-4.61461e1	5.15634e1	1.12713e2	-1.3420581e-3	9.0587139e-4	1.2073915e1	1.0840536	
2022-03-08	13:56:14	-1.79974	7.85423e-2	-4.69864e1	5.15634e1	1.12643e2	-6.1154365e-4	8.2534551e-4	1.2083985e1	1.0843939	
2022-03-08	13:56:14	-8.22424e-1	7.90004e-2	-4.69456e1	5.15634e1	1.12503e2	-2.7871131e-4	8.2910060e-4	1.2081468e1	1.0850648	
2022-03-08	13:56:15	-8.22424e-1	7.90004e-2	-4.69456e1	5.15634e1	1.12503e2	-2.7871131e-4	8.2910060e-4	1.2081468e1	1.0850648	
2022-03-08	13:56:15	2.96087e-1	9.58471e-2	-4.51585e1	5.15600e1	1.13076e2	1.0073184e-4	1.0095238e-3	1.2075593e1	1.0823134	
2022-03-08	13:56:16	2.80651	7.39017e-2	-4.74756e1	5.15600e1	1.13314e2	9.5391273e-4	7.8153610e-4	1.2089021e1	1.0811773	
2022-03-08	13:56:16	2.84199	6.98814e-2	-4.79631e1	5.15600e1	1.13413e2	9.6684694e-4	7.3993206e-4	1.2077271e1	1.0807042	
2022-03-08	13:56:17	1.95238	7.88222e-2	-4.68868e1	5.15634e1	1.13503e2	6.6554546e-4	8.3458423e-4	1.2083985e1	1.0802792	
2022-03-08	13:56:17	1.73632	8.07796e-2	-4.66647e1	5.15567e1	1.13538e2	5.9229135e-4	8.5544586e-4	1.2072236e1	1.0801103	
2022-03-08	13:56:18	1.73632	8.07796e-2	-4.66647e1	5.15567e1	1.13538e2	5.9229135e-4	8.5544586e-4	1.2072236e1	1.0801103	
2022-03-08	13:56:18	1.62862	8.51625e-2	-4.61890e1	5.15634e1	1.13557e2	5.5569410e-4	9.0163946e-4	1.2074754e1	1.0800211	
2022-03-08	13:56:19	1.66459	8.87614e-2	-4.58149e1	5.15667e1	1.13571e2	5.6803226e-4	9.3954801e-4	1.2071397e1	1.0799546	
2022-03-08	13:56:19	1.89372	8.76210e-2	-4.59304e1	5.15667e1	1.13585e2	6.4611434e-4	9.2768669e-4	1.2077271e1	1.0798867	
2022-03-08	13:56:20	1.97727	8.50608e-2	-4.61968e1	5.15667e1	1.13595e2	6.7460536e-4	9.0086460e-4	1.2072236e1	1.0798393	
2022-03-08	13:56:20	1.84694	8.35127e-2	-4.63626e1	5.15600e1	1.13585e2	6.3019990e-4	8.8453292e-4	1.2075593e1	1.0798856	
2022-03-08	13:56:21	1.84694	8.35127e-2	-4.63626e1	5.15600e1	1.13585e2	6.3019990e-4	8.8453292e-4	1.2075593e1	1.0798856	
2022-03-08	13:56:21	1.90469	9.03176e-2	-4.56539e1	5.15667e1	1.13619e2	6.5004825e-4	9.5629692e-4	1.2073075e1	1.0797240	
2022-03-08	13:56:22	1.63383	8.66668e-2	-4.60261e1	5.15667e1	1.13623e2	5.5783987e-4	9.1797113e-4	1.2071397e1	1.0797049	
2022-03-08	13:56:22	1.56664	8.39105e-2	-4.63151e1	5.15634e1	1.13646e2	5.3507089e-4	8.8918209e-4	1.2076432e1	1.0795958	
2022-03-08	13:56:23	1.75492	8.51094e-2	-4.61843e1	5.15634e1	1.13687e2	5.9944391e-4	9.0211629e-4	1.2071397e1	1.0794011	
2022-03-08	13:56:23	1.90726	8.36290e-2	-4.63413e1	5.15634e1	1.13697e2	6.5141916e-4	8.8661909e-4	1.2077271e1	1.0793536	
2022-03-08	13:56:24	1.90726	8.36290e-2	-4.63413e1	5.15634e1	1.13697e2	6.5141916e-4	8.8661909e-4	1.2077271e1	1.0793536	
2022-03-08	13:56:24	1.71855	8.23619e-2	-4.64804e1	5.15600e1	1.13671e2	5.8698654e-4	8.7308883e-4	1.2074754e1	1.0794794	
2022-03-08	13:56:25	1.46113	8.32918e-2	-4.63803e1	5.15634e1	1.13663e2	4.9918889e-4	8.8280439e-4	1.2071397e1	1.0795161	
2022-03-08	13:56:25	1.42090	8.73042e-2	-4.59534e1	5.15634e1	1.13707e2	4.8565864e-4	9.2536211e-4	1.2073075e1	1.0793061	
2022-03-08	13:56:26	1.67630	8.72365e-2	-4.59582e1	5.15601e1	1.13735e2	5.7291984e-4	9.2488527e-4	1.2073915e1	1.0791745	
2022-03-08	13:56:26	2.05831	8.25188e-2	-4.64588e1	5.15600e1	1.13727e2	7.0309638e-4	8.7517499e-4	1.2080628e1	1.0792024	
2022-03-08	13:56:27	1.52628	8.70280e-2	-4.59850e1	5.15634e1	1.13668e2	5.2142143e-4	9.2214345e-4	1.2073075e1	1.0794901	
2022-03-08	13:56:27	1.34906	8.54997e-2	-4.61503e1	5.15600e1	1.13597e2	4.6068429e-4	9.0551376e-4	1.2073915e1	1.0798286	
2022-03-08	13:56:28	1.20334	8.84817e-2	-4.58423e1	5.15567e1	1.13584e2	4.1097402e-4	9.3674659e-4	1.2071397e1	1.0798927	
2022-03-08	13:56:28	1.02277	8.99485e-2	-4.56860e1	5.15600e1	1.13681e2	3.4970045e-4	9.5295906e-4	1.2077271e1	1.0794208	
2022-03-08	13:56:29	1.45618	8.38185e-2	-4.63243e1	5.15600e1	1.13654e2	4.9746036e-4	8.8828802e-4	1.2069718e1	1.0795565	
2022-03-08	13:56:29	2.24194	8.33163e-2	-4.63755e1	5.15600e1	1.13690e2	7.6532363e-4	8.8328123e-4	1.2087342e1	1.0793880	
2022-03-08	13:56:30	2.14845	7.97334e-2	-4.68314e1	5.15634e1	1.12903e2	7.2801113e-4	8.3971023e-4	1.2073075e1	1.0831422	
2022-03-08	13:56:30	-8.15967e-1	1.01532e-1	-4.46743e1	5.15667e1	1.12569e2	-2.7668476e-4	1.0640621e-3	1.2081468e1	1.0847390	
2022-03-08	13:56:31	-1.17302	1.08724e-1	-4.40507e1	5.15634e1	1.12524e2	-3.9780139e-4	1.1382699e-3	1.2069718e1	1.0849648	
2022-03-08	13:56:31	1.16618	9.23439e-2	-4.55410e1	5.15600e1	1.12522e2	3.9422512e-4	9.6815824e-4	1.2069718e1	1.0849781	
2022-03-08	13:56:32	2.08162	8.69257e-2	-4.60866e1	5.15600e1	1.12527e2	7.0285797e-4	9.1183185e-4	1.2070558e1	1.0849528	
2022-03-08	13:56:32	2.02921	8.37355e-2	-4.64221e1	5.15567e1	1.12535e2	6.8527460e-4	8.7869167e-4	1.2071397e1	1.0849118	
2022-03-08	13:56:33	1.76223	8.12914e-2	-4.66867e1	5.15600e1	1.12546e2	5.9539079e-4	8.5330009e-4	1.2082307e1	1.0848523	
2022-03-08	13:56:33	1.53504	8.45446e-2	-4.63339e1	5.15634e1	1.12558e2	5.1885843e-4	8.8727474e-4	1.2072236e1	1.0847957	
2022-03-08	13:56:34	1.35295	8.62674e-2	-4.61515e1	5.15600e1	1.12571e2	4.5746564e-4	9.0533494e-4	1.2074754e1	1.0847306	
2022-03-08	13:56:34	1.30962	8.36477e-2	-4.64280e1	5.15634e1	1.12578e2	4.4286251e-4	8.7809562e-4	1.2075593e1	1.0847034	
2022-03-08	13:56:35	1.35822	8.61640e-2	-4.61610e1	5.15634e1	1.12588e2	4.5931339e-4	9.0438127e-4	1.2073075e1	1.0846600	
2022-03-08	13:56:35	1.23267	8.65322e-2	-4.61223e1	5.15600e1	1.12591e2	4.1693449e-4	9.0825557e-4	1.2075593e1	1.0846419	
2022-03-08	13:56:36	1.55613	8.60603e-2	-4.61705e1	5.15634e1	1.12603e2	5.2618980e-4	9.0342760e-4	1.2074754e1	1.0845842	
2022-03-08	13:56:36	1.95466	8.67168e-2	-4.61020e1	5.15634e1	1.12605e2	6.6059827e-4	9.1028213e-4	1.2073075e1	1.0845745	
2022-03-08	13:56:37	1.48746	8.25482e-2	-4.65442e1	5.15600e1	1.12610e2	5.0306320e-4	8.6688995e-4	1.2075593e1	1.0845516	
2022-03-08	13:56:37	8.06048e-1	1.06121e-1	-4.42654e1	5.15634e1	1.12621e2	2.7287006e-4	1.1122226e-3	1.2080628e1	1.0844999	
2022-03-08	13:56:38	1.03288	8.81924e-2	-4.59482e1	5.15600e1	1.12627e2	3.4958124e-4	9.2583894e-4	1.2071397e1	1.0844963	
2022-03-08	13:56:38	1.03288	8.81924e-2	-4.59482e1	5.15600e1	1.12627e2	3.4958124e-4	9.2583894e-4	1.2071397e1	1.0844963	
2022-03-08	13:56:39	1.18947	7.54573e-2	-4.73445e1	5.15634e1	1.12628e2	4.0251016e-4	7.9303979e-4	1.2071397e1	1.0845105	
2022-03-08	13:56:39	8.83859e-1	8.62075e-2	-4.61532e1	5.15634e1	1.12628e2	2.9921531e-4	9.0515613e-4	1.2083985e1	1.0844762	
2022-03-08	13:56:40	1.08308	8.58034e-2	-4.61952e1	5.15600e1	1.12631e2	3.6656856e-4	9.0098381e-4	1.2087342e1	1.0844494	
2022-03-08	13:56:40	1.03568	8.68548e-2	-4.60854e1	5.15634e1	1.12634e2	3.5053491e-4	9.1195106e-4	1.2073915e1	1.0844373	
2022-03-08	13:56:41	9.79454e-1	8.59131e-2	-4.61837e1	5.15634e1	1.12631e2	3.3152103e-4	9.0211629e-4	1.2074754e1	1.0844506	
2022-03-08	13:56:41	9.79454e-1	8.59131e-2	-4.61837e1	5.15634e1	1.12631e2	3.3152103e-4	9.0211629e-4	1.2074754e1	1.0844506	
2022-03-08	13:56:42	1.15563	8.57292e-2	-4.62028e1	5.15667e1	1.12633e2	3.9106607e-4	9.0020895e-4	1.2071397e1	1.0844397	
