"2022-02-26 at 12:20"
System_Date_(Y-M-D)	System_Time_(h:m:s)	CO₂_(µmol_mol⁻¹)	H₂O_(mmol_mol⁻¹)	H₂O_(°C)	Cell_Temperature_(°C)	Cell_Pressure_(kPa)	CO₂_Absorption	H₂O_Absorption	Input_Voltage_(V)	Flow_Rate_(L_min⁻¹)	
2022-02-26	12:20:35	6.19053e-1	1.03621e-1	-4.43764e1	5.15667e1	1.13949e2	2.1231174e-4	1.0990500e-3	1.2093217e1	1.0781670	
2022-02-26	12:20:35	7.02111e-1	1.04615e-1	-4.42876e1	5.15667e1	1.13966e2	2.4080276e-4	1.1096596e-3	1.2091538e1	1.0780879	
2022-02-26	12:20:36	7.02111e-1	1.04615e-1	-4.42876e1	5.15667e1	1.13966e2	2.4080276e-4	1.1096596e-3	1.2091538e1	1.0780879	
2022-02-26	12:20:36	8.55276e-1	1.04503e-1	-4.42965e1	5.15667e1	1.13977e2	2.9331445e-4	1.1085867e-3	1.2089860e1	1.0780458	
2022-02-26	12:20:37	5.54608e-1	1.02512e-1	-4.44712e1	5.15667e1	1.13997e2	1.9031763e-4	1.0878443e-3	1.2090699e1	1.0779424	
2022-02-26	12:20:37	8.20256e-1	1.01622e-1	-4.45485e1	5.15667e1	1.14028e2	2.8145313e-4	1.0787844e-3	1.2102448e1	1.0777959	
2022-02-26	12:20:38	5.99921e-1	1.04506e-1	-4.42912e1	5.15634e1	1.14040e2	2.0593404e-4	1.1092424e-3	1.2093217e1	1.0777380	
2022-02-26	12:20:38	5.50842e-1	1.02330e-1	-4.44830e1	5.15634e1	1.14052e2	1.8912553e-4	1.0864734e-3	1.2095735e1	1.0776813	
2022-02-26	12:20:39	5.50842e-1	1.02330e-1	-4.44830e1	5.15634e1	1.14052e2	1.8912553e-4	1.0864734e-3	1.2095735e1	1.0776813	
2022-02-26	12:20:39	8.06380e-1	1.05379e-1	-4.42128e1	5.15667e1	1.14065e2	2.7680397e-4	1.1186599e-3	1.2106645e1	1.0776199	
2022-02-26	12:20:40	5.16742e-1	1.03411e-1	-4.43832e1	5.15634e1	1.14098e2	1.7750263e-4	1.0982751e-3	1.2104966e1	1.0774676	
2022-02-26	12:20:40	7.01259e-1	1.01219e-1	-4.45777e1	5.15634e1	1.14116e2	2.4086236e-4	1.0753870e-3	1.2093217e1	1.0773791	
2022-02-26	12:20:41	8.99614e-1	1.00219e-1	-4.46667e1	5.15600e1	1.14139e2	3.0899047e-4	1.0650753e-3	1.2103288e1	1.0772705	
2022-02-26	12:20:41	8.62204e-1	9.92220e-2	-4.47568e1	5.15634e1	1.14155e2	2.9617547e-4	1.0547041e-3	1.2109162e1	1.0771974	
2022-02-26	12:20:42	8.62204e-1	9.92220e-2	-4.47568e1	5.15634e1	1.14155e2	2.9617547e-4	1.0547041e-3	1.2109162e1	1.0771974	
2022-02-26	12:20:42	7.77651e-1	1.00287e-1	-4.46578e1	5.15667e1	1.14173e2	2.6720762e-4	1.0660886e-3	1.2094895e1	1.0771101	
2022-02-26	12:20:43	6.70274e-1	1.02913e-1	-4.44208e1	5.15667e1	1.14179e2	2.3037195e-4	1.0938048e-3	1.2093217e1	1.0770829	
2022-02-26	12:20:43	6.68782e-1	1.01588e-1	-4.45399e1	5.15667e1	1.14174e2	2.2983551e-4	1.0797977e-3	1.2092378e1	1.0771089	
2022-02-26	12:20:44	8.25574e-1	1.02792e-1	-4.44319e1	5.15667e1	1.14175e2	2.8365850e-4	1.0924935e-3	1.2089021e1	1.0771006	
2022-02-26	12:20:44	7.18061e-1	1.03523e-1	-4.43671e1	5.15667e1	1.14174e2	2.4676322e-4	1.1001825e-3	1.2094056e1	1.0771089	
2022-02-26	12:20:45	7.18061e-1	1.03523e-1	-4.43671e1	5.15667e1	1.14174e2	2.4676322e-4	1.1001825e-3	1.2094056e1	1.0771089	
2022-02-26	12:20:45	5.26991e-1	1.04986e-1	-4.42391e1	5.15667e1	1.14165e2	1.8113851e-4	1.1155009e-3	1.2094056e1	1.0771478	
2022-02-26	12:20:46	6.51465e-1	1.06597e-1	-4.40991e1	5.15634e1	1.14167e2	2.2387504e-4	1.1324882e-3	1.2092378e1	1.0771408	
2022-02-26	12:20:46	9.05203e-1	1.04539e-1	-4.42783e1	5.15634e1	1.14163e2	3.1095743e-4	1.1107921e-3	1.2099092e1	1.0771572	
2022-02-26	12:20:47	9.04165e-1	1.04791e-1	-4.42565e1	5.15634e1	1.14161e2	3.1059980e-4	1.1134147e-3	1.2092378e1	1.0771678	
2022-02-26	12:20:47	6.43100e-1	1.02875e-1	-4.44255e1	5.15634e1	1.14163e2	2.2101402e-4	1.0932683e-3	1.2092378e1	1.0771560	
2022-02-26	12:20:48	6.43100e-1	1.02875e-1	-4.44255e1	5.15634e1	1.14163e2	2.2101402e-4	1.0932683e-3	1.2092378e1	1.0771560	
2022-02-26	12:20:48	6.05502e-1	1.03664e-1	-4.43555e1	5.15667e1	1.14162e2	2.0807981e-4	1.1015534e-3	1.2095735e1	1.0771644	
2022-02-26	12:20:49	7.62276e-1	1.03069e-1	-4.44083e1	5.15634e1	1.14162e2	2.6190280e-4	1.0952949e-3	1.2091538e1	1.0771632	
2022-02-26	12:20:49	9.07479e-1	9.85577e-2	-4.48178e1	5.15667e1	1.14159e2	3.1173229e-4	1.0477304e-3	1.2097413e1	1.0771785	
2022-02-26	12:20:50	8.01386e-1	1.02965e-1	-4.44178e1	5.15667e1	1.14159e2	2.7531385e-4	1.0941624e-3	1.2093217e1	1.0771785	
2022-02-26	12:20:50	6.90237e-1	1.01767e-1	-4.45252e1	5.15634e1	1.14155e2	2.3716688e-4	1.0815262e-3	1.2091538e1	1.0771938	
2022-02-26	12:20:51	6.90237e-1	1.01767e-1	-4.45252e1	5.15634e1	1.14155e2	2.3716688e-4	1.0815262e-3	1.2091538e1	1.0771938	
2022-02-26	12:20:51	5.89735e-1	1.02380e-1	-4.44710e1	5.15600e1	1.14146e2	2.0265579e-4	1.0879039e-3	1.2090699e1	1.0772386	
2022-02-26	12:20:52	7.92234e-1	1.03426e-1	-4.43777e1	5.15634e1	1.14149e2	2.7215480e-4	1.0989308e-3	1.2106645e1	1.0772256	
2022-02-26	12:20:52	7.68436e-1	1.01225e-1	-4.45752e1	5.15634e1	1.14142e2	2.6398897e-4	1.0756850e-3	1.2091538e1	1.0772587	
2022-02-26	12:20:53	7.29992e-1	1.02163e-1	-4.44916e1	5.15667e1	1.14132e2	2.5075674e-4	1.0854601e-3	1.2090699e1	1.0773047	
2022-02-26	12:20:53	7.66103e-1	1.04973e-1	-4.42426e1	5.15634e1	1.14135e2	2.6315450e-4	1.1150836e-3	1.2092378e1	1.0772894	
2022-02-26	12:20:54	6.82385e-1	1.02541e-1	-4.44578e1	5.15600e1	1.14131e2	2.3442506e-4	1.0894536e-3	1.2099092e1	1.0773106	
2022-02-26	12:20:54	7.83163e-1	9.94206e-2	-4.47406e1	5.15667e1	1.14129e2	2.6899576e-4	1.0565519e-3	1.2100770e1	1.0773165	
2022-02-26	12:20:55	9.62858e-1	1.03018e-1	-4.44159e1	5.15634e1	1.14124e2	3.3062696e-4	1.0944008e-3	1.2099931e1	1.0773425	
2022-02-26	12:20:55	1.08855	1.03800e-1	-4.43466e1	5.15634e1	1.14123e2	3.7372112e-4	1.1026263e-3	1.2109162e1	1.0773460	
2022-02-26	12:20:56	8.22841e-1	9.98799e-2	-4.46992e1	5.15634e1	1.14121e2	2.8258562e-4	1.0613203e-3	1.2103288e1	1.0773578	
2022-02-26	12:20:56	5.68735e-1	1.00063e-1	-4.46826e1	5.15634e1	1.14118e2	1.9538402e-4	1.0632276e-3	1.2101609e1	1.0773708	
2022-02-26	12:20:57	7.80958e-1	1.00142e-1	-4.46753e1	5.15667e1	1.14119e2	2.6822090e-4	1.0640621e-3	1.2092378e1	1.0773649	
2022-02-26	12:20:57	8.69922e-1	1.00592e-1	-4.46347e1	5.15634e1	1.14115e2	2.9873847e-4	1.0687708e-3	1.2091538e1	1.0773849	
2022-02-26	12:20:58	1.19239	1.01779e-1	-4.45273e1	5.15600e1	1.14116e2	4.0930509e-4	1.0812878e-3	1.2092378e1	1.0773791	
2022-02-26	12:20:58	8.40221e-1	1.01161e-1	-4.45828e1	5.15634e1	1.14118e2	2.8854608e-4	1.0747909e-3	1.2089021e1	1.0773696	
2022-02-26	12:20:59	6.97692e-1	9.73764e-2	-4.49315e1	5.15634e1	1.14111e2	2.3961067e-4	1.0348558e-3	1.2091538e1	1.0774050	
2022-02-26	12:20:59	5.63752e-1	1.13254e-1	-4.35529e1	5.15667e1	1.14017e2	1.9347667e-4	1.2009143e-3	1.2096574e1	1.0778455	
2022-02-26	12:21:00	2.97328e-1	1.15531e-1	-4.33629e1	5.15667e1	1.14090e2	1.0216236e-4	1.2255907e-3	1.2091538e1	1.0775042	
2022-02-26	12:21:00	7.03729e-1	9.76293e-2	-4.49082e1	5.15667e1	1.14107e2	2.4169683e-4	1.0374784e-3	1.2089860e1	1.0774656	
2022-02-26	12:21:01	6.75446e-1	9.98427e-2	-4.47034e1	5.15600e1	1.14111e2	2.3198127e-4	1.0608434e-3	1.2090699e1	1.0774326	
2022-02-26	12:21:01	5.40470e-1	1.04028e-1	-4.43276e1	5.15634e1	1.14110e2	1.8566846e-4	1.1048913e-3	1.2089860e1	1.0774097	
2022-02-26	12:21:02	5.40470e-1	1.04028e-1	-4.43276e1	5.15634e1	1.14110e2	1.8566846e-4	1.1048913e-3	1.2089860e1	1.0774097	
2022-02-26	12:21:02	4.78490e-1	1.04276e-1	-4.43058e1	5.15600e1	1.14110e2	1.6438961e-4	1.1075139e-3	1.2092378e1	1.0774085	
2022-02-26	12:21:03	4.78490e-1	1.04276e-1	-4.43058e1	5.15600e1	1.14110e2	1.6438961e-4	1.1075139e-3	1.2092378e1	1.0774085	
2022-02-26	12:21:03	5.67763e-1	1.03370e-1	-4.43862e1	5.15634e1	1.14105e2	1.9502639e-4	1.0979175e-3	1.2093217e1	1.0774321	
2022-02-26	12:21:04	5.46629e-1	1.05444e-1	-4.42040e1	5.15634e1	1.14104e2	1.8775463e-4	1.1197328e-3	1.2092378e1	1.0774369	
2022-02-26	12:21:04	6.76951e-1	9.87799e-2	-4.48025e1	5.15667e1	1.14092e2	2.3245811e-4	1.0494589e-3	1.2093217e1	1.0774935	
2022-02-26	12:21:05	5.95641e-1	1.00432e-1	-4.46516e1	5.15634e1	1.14085e2	2.0456314e-4	1.0668039e-3	1.2103288e1	1.0775254	
2022-02-26	12:21:05	7.59999e-1	1.04950e-1	-4.42486e1	5.15600e1	1.14086e2	2.6094913e-4	1.1143684e-3	1.2093217e1	1.0775231	
2022-02-26	12:21:06	7.59999e-1	1.04950e-1	-4.42486e1	5.15600e1	1.14086e2	2.6094913e-4	1.1143684e-3	1.2093217e1	1.0775231	
2022-02-26	12:21:06	6.23190e-1	1.03970e-1	-4.43352e1	5.15600e1	1.14079e2	2.1398067e-4	1.1039972e-3	1.2099092e1	1.0775549	
2022-02-26	12:21:07	4.06407e-1	1.02597e-1	-4.44573e1	5.15600e1	1.14075e2	1.3959407e-4	1.0895133e-3	1.2086503e1	1.0775727	
2022-02-26	12:21:07	6.49973e-1	1.04721e-1	-4.42703e1	5.15634e1	1.14065e2	2.2315979e-4	1.1117458e-3	1.2090699e1	1.0776234	
2022-02-26	12:21:08	5.37488e-1	1.04772e-1	-4.42664e1	5.15634e1	1.14059e2	1.8453598e-4	1.1122226e-3	1.2089860e1	1.0776494	
2022-02-26	12:21:08	-5.01715e-1	1.11412e-1	-4.37014e1	5.15634e1	1.14053e2	-1.7249584e-4	1.1819601e-3	1.2101609e1	1.0776766	
2022-02-26	12:21:09	-5.01715e-1	1.11412e-1	-4.37014e1	5.15634e1	1.14053e2	-1.7249584e-4	1.1819601e-3	1.2101609e1	1.0776766	
2022-02-26	12:21:09	2.01076e-1	9.22812e-2	-4.53361e1	5.15600e1	1.15171e2	6.9797039e-5	9.9027156e-4	1.2101609e1	1.0724332	
2022-02-26	12:21:10	1.01076e1	8.91545e-2	-4.57025e1	5.15600e1	1.14486e2	3.4403800e-3	9.5129013e-4	1.2092378e1	1.0756403	
2022-02-26	12:21:10	-7.36646e-1	1.26634e-1	-4.25103e1	5.15600e1	1.14082e2	-2.5343894e-4	1.3419985e-3	1.2090699e1	1.0775419	
2022-02-26	12:21:11	-1.30664	1.10256e-1	-4.37997e1	5.15600e1	1.14027e2	-4.4965744e-4	1.1695623e-3	1.2090699e1	1.0778006	
2022-02-26	12:21:11	5.60487e-2	1.05231e-1	-4.42307e1	5.15600e1	1.14003e2	1.9252300e-5	1.1165142e-3	1.2103288e1	1.0779141	
2022-02-26	12:21:12	5.60487e-2	1.05231e-1	-4.42307e1	5.15600e1	1.14003e2	1.9252300e-5	1.1165142e-3	1.2103288e1	1.0779141	
2022-02-26	12:21:12	7.29725e-1	1.01925e-1	-4.45246e1	5.15634e1	1.13986e2	2.5033950e-4	1.0815858e-3	1.2092378e1	1.0779944	
2022-02-26	12:21:13	8.97093e-1	9.77545e-2	-4.49071e1	5.15634e1	1.13974e2	3.0761957e-4	1.0375976e-3	1.2093217e1	1.0780500	
2022-02-26	12:21:13	1.07065	9.71122e-2	-4.49675e1	5.15634e1	1.13970e2	3.6704540e-4	1.0308027e-3	1.2094056e1	1.0780689	
2022-02-26	12:21:14	8.93462e-1	9.88312e-2	-4.48078e1	5.15634e1	1.13967e2	3.0636787e-4	1.0488629e-3	1.2089860e1	1.0780831	
2022-02-26	12:21:14	6.94782e-1	1.00875e-1	-4.46211e1	5.15667e1	1.13963e2	2.3829936e-4	1.0703206e-3	1.2089021e1	1.0781021	
2022-02-26	12:21:15	6.94782e-1	1.00875e-1	-4.46211e1	5.15667e1	1.13963e2	2.3829936e-4	1.0703206e-3	1.2089021e1	1.0781021	
2022-02-26	12:21:15	7.14811e-1	1.02465e-1	-4.44784e1	5.15634e1	1.13960e2	2.4515390e-4	1.0870099e-3	1.2091538e1	1.0781185	
2022-02-26	12:21:16	7.58061e-1	1.01776e-1	-4.45409e1	5.15634e1	1.13950e2	2.5993585e-4	1.0796785e-3	1.2094895e1	1.0781635	
2022-02-26	12:21:16	7.15070e-1	1.00814e-1	-4.46279e1	5.15634e1	1.13949e2	2.4521350e-4	1.0695457e-3	1.2107484e1	1.0781706	
2022-02-26	12:21:17	6.67155e-1	1.05060e-1	-4.42504e1	5.15634e1	1.13943e2	2.2876262e-4	1.1141300e-3	1.2090699e1	1.0781954	
2022-02-26	12:21:17	6.83890e-1	1.03225e-1	-4.44126e1	5.15667e1	1.13935e2	2.3448467e-4	1.0947585e-3	1.2090699e1	1.0782333	
2022-02-26	12:21:18	6.83890e-1	1.03225e-1	-4.44126e1	5.15667e1	1.13935e2	2.3448467e-4	1.0947585e-3	1.2090699e1	1.0782333	
2022-02-26	12:21:18	7.84905e-1	9.88634e-2	-4.48073e1	5.15634e1	1.13937e2	2.6911497e-4	1.0489225e-3	1.2099092e1	1.0782262	
2022-02-26	12:21:19	6.42328e-1	1.01696e-1	-4.45504e1	5.15667e1	1.13921e2	2.2023916e-4	1.0785460e-3	1.2094056e1	1.0783020	
2022-02-26	12:21:19	8.25313e-1	9.78490e-2	-4.49028e1	5.15667e1	1.13918e2	2.8288364e-4	1.0380744e-3	1.2094895e1	1.0783138	
2022-02-26	12:21:20	7.04574e-1	1.02268e-1	-4.45000e1	5.15667e1	1.13909e2	2.4151802e-4	1.0844469e-3	1.2098252e1	1.0783599	
2022-02-26	12:21:20	6.23909e-1	1.04284e-1	-4.43220e1	5.15634e1	1.13900e2	2.1386146e-4	1.1055469e-3	1.2090699e1	1.0784025	
2022-02-26	12:21:21	6.23909e-1	1.04284e-1	-4.43220e1	5.15634e1	1.13900e2	2.1386146e-4	1.1055469e-3	1.2090699e1	1.0784025	
2022-02-26	12:21:21	5.82221e-1	1.02316e-1	-4.44976e1	5.15634e1	1.13886e2	1.9955635e-4	1.0847449e-3	1.2102448e1	1.0784687	
2022-02-26	12:21:22	6.65216e-1	1.01529e-1	-4.45683e1	5.15667e1	1.13885e2	2.2798776e-4	1.0764598e-3	1.2091538e1	1.0784711	
2022-02-26	12:21:22	6.99581e-1	1.01418e-1	-4.45790e1	5.15667e1	1.13877e2	2.3972988e-4	1.0752081e-3	1.2091538e1	1.0785102	
2022-02-26	12:21:23	5.69260e-1	1.01258e-1	-4.45944e1	5.15667e1	1.13866e2	1.9508600e-4	1.0734200e-3	1.2091538e1	1.0785635	
2022-02-26	12:21:23	5.82156e-1	1.02870e-1	-4.44505e1	5.15634e1	1.13858e2	1.9949674e-4	1.0902881e-3	1.2090699e1	1.0786014	
2022-02-26	12:21:24	5.82156e-1	1.02870e-1	-4.44505e1	5.15634e1	1.13858e2	1.9949674e-4	1.0902881e-3	1.2090699e1	1.0786014	
2022-02-26	12:21:24	6.76555e-1	1.00308e-1	-4.46814e1	5.15634e1	1.13855e2	2.3180246e-4	1.0633468e-3	1.2090699e1	1.0786168	
2022-02-26	12:21:25	7.79986e-1	1.00605e-1	-4.46545e1	5.15667e1	1.13853e2	2.6720762e-4	1.0664463e-3	1.2094056e1	1.0786238	
2022-02-26	12:21:25	7.26094e-1	1.01975e-1	-4.45311e1	5.15634e1	1.13849e2	2.4873018e-4	1.0808110e-3	1.2096574e1	1.0786440	
2022-02-26	12:21:26	7.91059e-1	1.01458e-1	-4.45782e1	5.15600e1	1.13842e2	2.7096271e-4	1.0753273e-3	1.2097413e1	1.0786749	
2022-02-26	12:21:26	8.27965e-1	1.02329e-1	-4.45001e1	5.15634e1	1.13841e2	2.8359889e-4	1.0844469e-3	1.2104127e1	1.0786807	
2022-02-26	12:21:27	5.73403e-1	1.01855e-1	-4.45428e1	5.15634e1	1.13837e2	1.9645690e-4	1.0794401e-3	1.2092378e1	1.0786985	
2022-02-26	12:21:27	4.86019e-1	1.00737e-1	-4.46442e1	5.15667e1	1.13832e2	1.6653537e-4	1.0676383e-3	1.2094895e1	1.0787234	
2022-02-26	12:21:28	6.42575e-1	1.01786e-1	-4.45495e1	5.15600e1	1.13831e2	2.2011995e-4	1.0786652e-3	1.2087342e1	1.0787281	
2022-02-26	12:21:28	5.34770e-1	1.01696e-1	-4.45580e1	5.15667e1	1.13826e2	1.8322467e-4	1.0776519e-3	1.2095735e1	1.0787506	
