"2022-02-26 at 12:41"
System_Date_(Y-M-D)	System_Time_(h:m:s)	CO₂_(µmol_mol⁻¹)	H₂O_(mmol_mol⁻¹)	H₂O_(°C)	Cell_Temperature_(°C)	Cell_Pressure_(kPa)	CO₂_Absorption	H₂O_Absorption	Input_Voltage_(V)	Flow_Rate_(L_min⁻¹)	
2022-02-26	12:41:06	6.88484e-1	9.32681e-2	-4.53342e1	5.15634e1	1.13976e2	2.3615360e-4	9.9039077e-4	1.2094895e1	1.0780394	
2022-02-26	12:41:07	8.57719e-1	9.49159e-2	-4.51753e1	5.15600e1	1.13975e2	2.9414892e-4	1.0077357e-3	1.2097413e1	1.0780476	
2022-02-26	12:41:07	8.40802e-1	9.48166e-2	-4.51844e1	5.15634e1	1.13980e2	2.8836727e-4	1.0067224e-3	1.2102448e1	1.0780252	
2022-02-26	12:41:08	8.18032e-1	9.42298e-2	-4.52411e1	5.15600e1	1.13976e2	2.8055906e-4	1.0005235e-3	1.2105805e1	1.0780417	
2022-02-26	12:41:08	8.39106e-1	9.23918e-2	-4.54200e1	5.15600e1	1.13974e2	2.8777122e-4	9.8115205e-4	1.2099931e1	1.0780500	
2022-02-26	12:41:09	8.03960e-1	9.41510e-2	-4.52488e1	5.15600e1	1.13976e2	2.7573108e-4	9.9968910e-4	1.2095735e1	1.0780441	
2022-02-26	12:41:09	8.92348e-1	9.27149e-2	-4.53884e1	5.15600e1	1.13973e2	3.0601024e-4	9.8454952e-4	1.2096574e1	1.0780535	
2022-02-26	12:41:10	9.34503e-1	9.42572e-2	-4.52390e1	5.15600e1	1.13970e2	3.2043457e-4	1.0007619e-3	1.2098252e1	1.0780689	
2022-02-26	12:41:10	9.78412e-1	9.87555e-2	-4.48147e1	5.15600e1	1.13969e2	3.3545494e-4	1.0480880e-3	1.2094895e1	1.0780771	
2022-02-26	12:41:11	8.93590e-1	9.55089e-2	-4.51195e1	5.15634e1	1.13964e2	3.0642747e-4	1.0138750e-3	1.2096574e1	1.0780973	
2022-02-26	12:41:11	9.11932e-1	8.99410e-2	-4.56640e1	5.15600e1	1.13968e2	3.1268596e-4	9.5528364e-4	1.2099092e1	1.0780783	
2022-02-26	12:41:12	1.06233	8.99409e-2	-4.56645e1	5.15600e1	1.13961e2	3.6418437e-4	9.5522403e-4	1.2097413e1	1.0781115	
2022-02-26	12:41:12	7.98011e-1	9.45531e-2	-4.52115e1	5.15667e1	1.13957e2	2.7364492e-4	1.0037422e-3	1.2099931e1	1.0781304	
2022-02-26	12:41:13	6.24043e-1	9.45636e-2	-4.52104e1	5.15667e1	1.13958e2	2.1404027e-4	1.0038614e-3	1.2093217e1	1.0781257	
2022-02-26	12:41:13	9.38867e-1	9.49837e-2	-4.51702e1	5.15667e1	1.13957e2	3.2186508e-4	1.0082721e-3	1.2100770e1	1.0781316	
2022-02-26	12:41:14	-2.66764e1	1.36089e-1	-4.18137e1	5.15634e1	1.14348e2	-9.5393657e-3	1.4443397e-3	1.2096574e1	1.0762891	
2022-02-26	12:41:14	1.31105e2	9.93201e-2	-4.47037e1	5.15634e1	1.14707e2	3.8754999e-2	1.0608434e-3	1.2100770e1	1.0746001	
2022-02-26	12:41:15	5.20146e2	8.09359e-2	-4.65947e1	5.15634e1	1.14208e2	1.1178827e-1	8.6212158e-4	1.2098252e1	1.0769486	
2022-02-26	12:41:15	2.31434e2	1.22958e-1	-4.27852e1	5.15634e1	1.14080e2	6.1685681e-2	1.3034343e-3	1.2103288e1	1.0775502	
2022-02-26	12:41:16	-1.90111e1	9.96686e-2	-4.47289e1	5.15701e1	1.13990e2	-6.7014694e-3	1.0578632e-3	1.2096574e1	1.0779743	
2022-02-26	12:41:16	-5.01918	9.75265e-2	-4.49282e1	5.15667e1	1.13977e2	-1.7350912e-3	1.0352134e-3	1.2094056e1	1.0780370	
2022-02-26	12:41:17	9.92765e-1	9.69971e-2	-4.49781e1	5.15667e1	1.13973e2	3.4040212e-4	1.0296106e-3	1.2110841e1	1.0780535	
2022-02-26	12:41:17	9.92765e-1	9.69971e-2	-4.49781e1	5.15667e1	1.13973e2	3.4040212e-4	1.0296106e-3	1.2110841e1	1.0780535	
2022-02-26	12:41:18	2.73149	9.54838e-2	-4.51211e1	5.15667e1	1.13975e2	9.3436241e-4	1.0136961e-3	1.2092378e1	1.0780464	
2022-02-26	12:41:18	2.83863	9.47012e-2	-4.51963e1	5.15667e1	1.13970e2	9.7084045e-4	1.0054111e-3	1.2094895e1	1.0780713	
2022-02-26	12:41:19	2.58893	9.21326e-2	-4.54461e1	5.15634e1	1.13967e2	8.8572502e-4	9.7835063e-4	1.2097413e1	1.0780843	
2022-02-26	12:41:19	1.72721	9.29966e-2	-4.53618e1	5.15634e1	1.13962e2	5.9157609e-4	9.8741054e-4	1.2094056e1	1.0781055	
2022-02-26	12:41:20	1.70632	1.07734e-1	-4.40182e1	5.15634e1	1.13960e2	5.8442354e-4	1.1423826e-3	1.2095735e1	1.0781162	
2022-02-26	12:41:20	1.70632	1.07734e-1	-4.40182e1	5.15634e1	1.13960e2	5.8442354e-4	1.1423826e-3	1.2095735e1	1.0781162	
2022-02-26	12:41:21	1.83937	9.35477e-2	-4.53089e1	5.15634e1	1.13953e2	6.2984228e-4	9.9313259e-4	1.2104127e1	1.0781581	
2022-02-26	12:41:21	1.59688	8.08227e-2	-4.66271e1	5.15634e1	1.13955e2	5.4699182e-4	8.5902214e-4	1.2110841e1	1.0781852	
2022-02-26	12:41:22	1.33234	9.21966e-2	-4.54411e1	5.15634e1	1.13951e2	4.5651197e-4	9.7888708e-4	1.2110002e1	1.0781600	
2022-02-26	12:41:22	1.18483	9.81926e-2	-4.48685e1	5.15667e1	1.13947e2	4.0602684e-4	1.0419487e-3	1.2110002e1	1.0781788	
2022-02-26	12:41:23	1.31463	9.80620e-2	-4.48808e1	5.15634e1	1.13946e2	4.5043230e-4	1.0405778e-3	1.2093217e1	1.0781824	
2022-02-26	12:41:23	1.31463	9.80620e-2	-4.48808e1	5.15634e1	1.13946e2	4.5043230e-4	1.0405778e-3	1.2093217e1	1.0781824	
2022-02-26	12:41:24	1.31657	9.24494e-2	-4.54172e1	5.15634e1	1.13940e2	4.5108795e-4	9.8145008e-4	1.2108323e1	1.0782144	
2022-02-26	12:41:24	1.19954	9.53051e-2	-4.51411e1	5.15634e1	1.13937e2	4.1103363e-4	1.0114908e-3	1.2097413e1	1.0782250	
2022-02-26	12:41:25	1.01415	9.73377e-2	-4.49489e1	5.15634e1	1.13938e2	3.4761428e-4	1.0328888e-3	1.2094056e1	1.0782191	
2022-02-26	12:41:25	1.17093	9.81162e-2	-4.48765e1	5.15634e1	1.13936e2	4.0125846e-4	1.0410547e-3	1.2091538e1	1.0782309	
2022-02-26	12:41:26	1.03900	9.69025e-2	-4.49904e1	5.15634e1	1.13931e2	3.5607814e-4	1.0282397e-3	1.2092378e1	1.0782557	
2022-02-26	12:41:26	1.03900	9.69025e-2	-4.49904e1	5.15634e1	1.13931e2	3.5607814e-4	1.0282397e-3	1.2092378e1	1.0782557	
2022-02-26	12:41:27	9.35939e-1	9.40996e-2	-4.52574e1	5.15634e1	1.13929e2	3.2079219e-4	9.9873542e-4	1.2089021e1	1.0782617	
2022-02-26	12:41:27	9.65958e-1	9.72358e-2	-4.49602e1	5.15600e1	1.13917e2	3.3104419e-4	1.0316371e-3	1.2095735e1	1.0783184	
2022-02-26	12:41:28	9.71934e-1	9.48921e-2	-4.51828e1	5.15634e1	1.13910e2	3.3307075e-4	1.0069012e-3	1.2095735e1	1.0783551	
2022-02-26	12:41:28	9.66810e-1	9.34815e-2	-4.53188e1	5.15634e1	1.13910e2	3.3128261e-4	9.9205970e-4	1.2093217e1	1.0783540	
2022-02-26	12:41:29	9.66810e-1	9.34815e-2	-4.53188e1	5.15634e1	1.13910e2	3.3128261e-4	9.9205970e-4	1.2093217e1	1.0783540	
2022-02-26	12:41:29	9.15955e-1	9.59122e-2	-4.50862e1	5.15600e1	1.13901e2	3.1387805e-4	1.0175704e-3	1.2099092e1	1.0783942	
2022-02-26	12:41:30	9.15955e-1	9.59122e-2	-4.50862e1	5.15600e1	1.13901e2	3.1387805e-4	1.0175704e-3	1.2099092e1	1.0783942	
2022-02-26	12:41:30	1.10677	9.89828e-2	-4.47995e1	5.15600e1	1.13897e2	3.7914514e-4	1.0498166e-3	1.2095735e1	1.0784178	
2022-02-26	12:41:31	9.57092e-1	9.53338e-2	-4.51426e1	5.15667e1	1.13884e2	3.2788515e-4	1.0113120e-3	1.2107484e1	1.0784759	
2022-02-26	12:41:31	9.57925e-1	9.34252e-2	-4.53265e1	5.15634e1	1.13882e2	3.2818317e-4	9.9122524e-4	1.2095735e1	1.0784853	
2022-02-26	12:41:32	9.57155e-1	9.16234e-2	-4.55035e1	5.15667e1	1.13877e2	3.2788515e-4	9.7221136e-4	1.2110002e1	1.0785090	
2022-02-26	12:41:32	1.05541	9.18863e-2	-4.54816e1	5.15667e1	1.13826e2	3.6132335e-4	9.7453594e-4	1.2095735e1	1.0787541	
2022-02-26	12:41:33	1.05541	9.18863e-2	-4.54816e1	5.15667e1	1.13826e2	3.6132335e-4	9.7453594e-4	1.2095735e1	1.0787541	
2022-02-26	12:41:33	6.11647e-1	9.69029e-2	-4.50069e1	5.15600e1	1.13724e2	2.0933151e-4	1.0263919e-3	1.2097413e1	1.0792343	
2022-02-26	12:41:34	7.81201e-1	9.76665e-2	-4.49362e1	5.15600e1	1.13714e2	2.6726722e-4	1.0343194e-3	1.2096574e1	1.0792818	
2022-02-26	12:41:34	9.74714e-1	9.61359e-2	-4.50802e1	5.15600e1	1.13712e2	3.3336877e-4	1.0182261e-3	1.2094895e1	1.0792936	
2022-02-26	12:41:35	1.00935	9.32627e-2	-4.53556e1	5.15634e1	1.13715e2	3.4523010e-4	9.8806619e-4	1.2095735e1	1.0792770	
2022-02-26	12:41:35	1.08830	9.47258e-2	-4.52146e1	5.15667e1	1.13710e2	3.7217140e-4	1.0033845e-3	1.2097413e1	1.0792995	
2022-02-26	12:41:36	1.08830	9.47258e-2	-4.52146e1	5.15667e1	1.13710e2	3.7217140e-4	1.0033845e-3	1.2097413e1	1.0792995	
2022-02-26	12:41:36	8.95850e-1	9.32886e-2	-4.53535e1	5.15600e1	1.13710e2	3.0642747e-4	9.8830461e-4	1.2102448e1	1.0793007	
2022-02-26	12:41:37	9.07266e-1	9.92474e-2	-4.47905e1	5.15600e1	1.13705e2	3.1030178e-4	1.0508298e-3	1.2098252e1	1.0793256	
2022-02-26	12:41:37	7.83674e-1	9.89854e-2	-4.48144e1	5.15634e1	1.13707e2	2.6810169e-4	1.0480880e-3	1.2097413e1	1.0793161	
2022-02-26	12:41:38	8.06628e-1	9.72118e-2	-4.49801e1	5.15634e1	1.13696e2	2.7590990e-4	1.0293722e-3	1.2096574e1	1.0793671	
