"2022-02-23 at 12:10"
System_Date_(Y-M-D)	System_Time_(h:m:s)	CO₂_(µmol_mol⁻¹)	H₂O_(mmol_mol⁻¹)	H₂O_(°C)	Cell_Temperature_(°C)	Cell_Pressure_(kPa)	CO₂_Absorption	H₂O_Absorption	Input_Voltage_(V)	Flow_Rate_(L_min⁻¹)	
2022-02-23	12:10:25	5.80102e-1	9.02589e-2	-4.66742e1	5.15767e1	1.01506e2	1.7535686e-4	8.5383653e-4	1.2063844e1	2.2048301e-1	
2022-02-23	12:10:25	5.20975e-1	8.97667e-2	-4.67234e1	5.15767e1	1.01503e2	1.5747547e-4	8.4918737e-4	1.2068040e1	2.2043843e-1	
2022-02-23	12:10:26	5.75827e-1	8.44971e-2	-4.72630e1	5.15801e1	1.01504e2	1.7404556e-4	7.9971551e-4	1.2064683e1	2.2038784e-1	
2022-02-23	12:10:26	6.28280e-1	8.44352e-2	-4.72696e1	5.15801e1	1.01503e2	1.8990039e-4	7.9911947e-4	1.2068879e1	2.2014753e-1	
2022-02-23	12:10:27	7.71057e-1	9.04530e-2	-4.66553e1	5.15767e1	1.01502e2	2.3299455e-4	8.5562467e-4	1.2065522e1	2.1990587e-1	
2022-02-23	12:10:27	8.94847e-1	8.91568e-2	-4.67845e1	5.15734e1	1.01502e2	2.7036666e-4	8.4346532e-4	1.2082307e1	2.2000315e-1	
2022-02-23	12:10:28	8.14302e-1	8.80141e-2	-4.68997e1	5.15734e1	1.01502e2	2.4604797e-4	8.3273649e-4	1.2072236e1	2.1961507e-1	
2022-02-23	12:10:28	5.09370e-1	9.02060e-2	-4.66798e1	5.15767e1	1.01501e2	1.5395879e-4	8.5330009e-4	1.2079789e1	2.1956675e-1	
2022-02-23	12:10:29	6.45081e-1	8.77142e-2	-4.69304e1	5.15834e1	1.01499e2	1.9496679e-4	8.2987546e-4	1.2068040e1	2.1956918e-1	
2022-02-23	12:10:29	8.60695e-1	8.43030e-2	-4.72836e1	5.15834e1	1.01503e2	2.6005506e-4	7.9786777e-4	1.2089860e1	2.1932225e-1	
2022-02-23	12:10:30	7.75408e-1	8.57189e-2	-4.71355e1	5.15801e1	1.01500e2	2.3430585e-4	8.1115961e-4	1.2069718e1	2.1908102e-1	
2022-02-23	12:10:30	7.22697e-1	8.87229e-2	-4.68282e1	5.15834e1	1.01500e2	2.1839141e-4	8.3935260e-4	1.2072236e1	2.1898410e-1	
2022-02-23	12:10:31	5.52747e-1	8.74948e-2	-4.69532e1	5.15801e1	1.01495e2	1.6707181e-4	8.2778930e-4	1.2073075e1	2.1908721e-1	
2022-02-23	12:10:31	7.08482e-1	8.91467e-2	-4.67856e1	5.15767e1	1.01500e2	2.1409988e-4	8.4334611e-4	1.2075593e1	2.1859421e-1	
2022-02-23	12:10:32	8.84295e-1	8.97221e-2	-4.67284e1	5.15801e1	1.01497e2	2.6714801e-4	8.4871053e-4	1.2074754e1	2.1898789e-1	
2022-02-23	12:10:32	7.88055e-1	8.94851e-2	-4.67518e1	5.15801e1	1.01499e2	2.3812055e-4	8.4650516e-4	1.2075593e1	2.1874167e-1	
2022-02-23	12:10:33	8.01285e-1	9.25400e-2	-4.64511e1	5.15801e1	1.01499e2	2.4211406e-4	8.7517499e-4	1.2076432e1	2.1854567e-1	
2022-02-23	12:10:33	8.07258e-1	8.87593e-2	-4.68250e1	5.15834e1	1.01495e2	2.4390220e-4	8.3965063e-4	1.2078111e1	2.1835539e-1	
2022-02-23	12:10:34	7.67765e-1	8.69182e-2	-4.70122e1	5.15834e1	1.01495e2	2.3198127e-4	8.2236528e-4	1.2075593e1	2.1850221e-1	
2022-02-23	12:10:34	8.17319e-1	8.89936e-2	-4.68013e1	5.15867e1	1.01497e2	2.4694204e-4	8.4185600e-4	1.2087342e1	2.1825573e-1	
2022-02-23	12:10:35	9.79116e-1	8.88017e-2	-4.68206e1	5.15801e1	1.01496e2	2.9575824e-4	8.4006786e-4	1.2079789e1	2.1806058e-1	
2022-02-23	12:10:35	9.40849e-1	8.91771e-2	-4.67830e1	5.15801e1	1.01495e2	2.8419494e-4	8.4358453e-4	1.2078950e1	2.1801247e-1	
2022-02-23	12:10:36	9.40849e-1	8.91771e-2	-4.67830e1	5.15801e1	1.01495e2	2.8419494e-4	8.4358453e-4	1.2078950e1	2.1801247e-1	
2022-02-23	12:10:36	7.28663e-1	8.93393e-2	-4.67664e1	5.15834e1	1.01499e2	2.2017955e-4	8.4513425e-4	1.2082307e1	2.1791000e-1	
2022-02-23	12:10:37	7.61086e-1	8.76599e-2	-4.69362e1	5.15834e1	1.01496e2	2.2995471e-4	8.2933902e-4	1.2083985e1	2.1771802e-1	
2022-02-23	12:10:37	9.47668e-1	8.66380e-2	-4.70409e1	5.15834e1	1.01496e2	2.8628110e-4	8.1974267e-4	1.2078111e1	2.1757121e-1	
2022-02-23	12:10:38	8.91047e-1	8.52559e-2	-4.71843e1	5.15834e1	1.01494e2	2.6917457e-4	8.0674886e-4	1.2079789e1	2.1767117e-1	
2022-02-23	12:10:38	6.95916e-1	8.74077e-2	-4.69621e1	5.15834e1	1.01494e2	2.1028518e-4	8.2695484e-4	1.2078950e1	2.1757309e-1	
2022-02-23	12:10:39	6.95916e-1	8.74077e-2	-4.69621e1	5.15834e1	1.01494e2	2.1028518e-4	8.2695484e-4	1.2078950e1	2.1757309e-1	
2022-02-23	12:10:39	9.75559e-1	8.97872e-2	-4.67220e1	5.15834e1	1.01496e2	2.9468536e-4	8.4930658e-4	1.2093217e1	2.1722736e-1	
2022-02-23	12:10:40	9.71669e-1	9.20086e-2	-4.65035e1	5.15834e1	1.01491e2	2.9349327e-4	8.7010860e-4	1.2081468e1	2.1703584e-1	
2022-02-23	12:10:40	1.11293	9.09516e-2	-4.66069e1	5.15801e1	1.01493e2	3.3611059e-4	8.6021423e-4	1.2084825e1	2.1698505e-1	
2022-02-23	12:10:41	7.27106e-1	8.77573e-2	-4.69266e1	5.15834e1	1.01493e2	2.1970272e-4	8.3023309e-4	1.2080628e1	2.1688587e-1	
2022-02-23	12:10:41	7.96818e-1	8.92562e-2	-4.67753e1	5.15834e1	1.01493e2	2.4074316e-4	8.4429979e-4	1.2085664e1	2.1693534e-1	
2022-02-23	12:10:42	7.96818e-1	8.92562e-2	-4.67753e1	5.15834e1	1.01493e2	2.4074316e-4	8.4429979e-4	1.2085664e1	2.1693534e-1	
2022-02-23	12:10:42	7.96818e-1	8.92562e-2	-4.67753e1	5.15834e1	1.01493e2	2.4074316e-4	8.4429979e-4	1.2085664e1	2.1693534e-1	
2022-02-23	12:10:43	5.16901e-1	9.04441e-2	-4.66570e1	5.15834e1	1.01493e2	1.5622377e-4	8.5544586e-4	1.2084825e1	2.1668949e-1	
2022-02-23	12:10:43	7.78863e-1	8.94719e-2	-4.67536e1	5.15867e1	1.01494e2	2.3531913e-4	8.4632635e-4	1.2083146e1	2.1673712e-1	
2022-02-23	12:10:44	6.55462e-1	8.74112e-2	-4.69620e1	5.15867e1	1.01491e2	1.9806623e-4	8.2695484e-4	1.2087342e1	2.1664237e-1	
2022-02-23	12:10:44	7.65431e-1	8.98028e-2	-4.67207e1	5.15834e1	1.01493e2	2.3126602e-4	8.4942579e-4	1.2080628e1	2.1654198e-1	
2022-02-23	12:10:45	1.03848	8.98765e-2	-4.67136e1	5.15867e1	1.01489e2	3.1363964e-4	8.5008144e-4	1.2094056e1	2.1644685e-1	
2022-02-23	12:10:45	1.03848	8.98765e-2	-4.67136e1	5.15867e1	1.01489e2	3.1363964e-4	8.5008144e-4	1.2094056e1	2.1644685e-1	
2022-02-23	12:10:46	7.01890e-1	8.92672e-2	-4.67745e1	5.15867e1	1.01489e2	2.1207332e-4	8.4435939e-4	1.2095735e1	2.1634874e-1	
2022-02-23	12:10:46	8.60455e-1	8.98695e-2	-4.67142e1	5.15901e1	1.01491e2	2.5993585e-4	8.5002183e-4	1.2082307e1	2.1619830e-1	
2022-02-23	12:10:47	9.94962e-1	8.69611e-2	-4.70082e1	5.15867e1	1.01490e2	3.0052661e-4	8.2272291e-4	1.2096574e1	2.1624872e-1	
2022-02-23	12:10:47	8.83405e-1	8.84677e-2	-4.68550e1	5.15867e1	1.01488e2	2.6684999e-4	8.3684921e-4	1.2087342e1	2.1615214e-1	
2022-02-23	12:10:48	8.28539e-1	9.04244e-2	-4.66594e1	5.15867e1	1.01487e2	2.5027990e-4	8.5520744e-4	1.2085664e1	2.1610331e-1	
2022-02-23	12:10:48	7.74768e-1	8.67063e-2	-4.70344e1	5.15834e1	1.01490e2	2.3406744e-4	8.2033872e-4	1.2085664e1	1.7298338e-1	
2022-02-23	12:10:49	1.10487e-1	8.86337e-2	-4.68601e1	5.15834e1	1.01240e2	3.3318996e-5	8.3637237e-4	1.2084825e1	1.2523096e-1	
2022-02-23	12:10:49	-4.47101e-2	9.24998e-2	-4.64798e1	5.15834e1	1.01219e2	-1.3470649e-5	8.7237358e-4	1.2088181e1	1.2575583e-1	
2022-02-23	12:10:50	7.92020e-1	9.29438e-2	-4.64366e1	5.15834e1	1.01221e2	2.3859739e-4	8.7654590e-4	1.2085664e1	1.2583948e-1	
2022-02-23	12:10:50	1.17561	9.15874e-2	-4.65692e1	5.15834e1	1.01214e2	3.5393238e-4	8.6379051e-4	1.2089860e1	1.2274492e-1	
2022-02-23	12:10:51	1.11618	8.90290e-2	-4.68229e1	5.15834e1	1.01211e2	3.3605098e-4	8.3982944e-4	1.2088181e1	1.2072460e-1	
2022-02-23	12:10:51	1.07530	8.95631e-2	-4.67694e1	5.15801e1	1.01211e2	3.2377243e-4	8.4483623e-4	1.2089021e1	1.2178364e-1	
2022-02-23	12:10:52	8.64968e-1	8.93432e-2	-4.67911e1	5.15801e1	1.01215e2	2.6053190e-4	8.4280967e-4	1.2083985e1	1.2169348e-1	
2022-02-23	12:10:52	1.42350	8.78690e-2	-4.69400e1	5.15801e1	1.01211e2	4.2843818e-4	8.2898139e-4	1.2094895e1	1.2151958e-1	
2022-02-23	12:10:53	1.65090	9.03106e-2	-4.66947e1	5.15801e1	1.01216e2	4.9674510e-4	8.5186958e-4	1.2087342e1	1.2195657e-1	
2022-02-23	12:10:53	6.71341e-1	8.90846e-2	-4.68172e1	5.15834e1	1.01213e2	2.0223855e-4	8.4036588e-4	1.2099092e1	1.2187031e-1	
2022-02-23	12:10:54	5.28118e-1	9.61841e-2	-4.61295e1	5.15834e1	1.01212e2	1.5914440e-4	9.0676546e-4	1.2089860e1	1.2239661e-1	
2022-02-23	12:10:54	8.62455e-1	1.07907e-1	-4.50886e1	5.15834e1	1.01214e2	2.5975704e-4	1.0162591e-3	1.2102448e1	1.2430430e-1	
2022-02-23	12:10:55	8.00000e-1	1.01611e-1	-4.56334e1	5.15834e1	1.01219e2	2.4098157e-4	9.5754861e-4	1.2098252e1	1.2618039e-1	
2022-02-23	12:10:55	7.19384e-1	9.37030e-2	-4.63638e1	5.15801e1	1.01219e2	2.1672248e-4	8.8363885e-4	1.2094895e1	1.2677265e-1	
2022-02-23	12:10:56	8.80943e-1	9.56950e-2	-4.61742e1	5.15867e1	1.01224e2	2.6535987e-4	9.0229511e-4	1.2087342e1	1.2660044e-1	
2022-02-23	12:10:56	1.29622	1.00262e-1	-4.57540e1	5.15834e1	1.01223e2	3.9023160e-4	9.4497203e-4	1.2089021e1	1.2668619e-1	
2022-02-23	12:10:57	1.15087	9.57162e-2	-4.61727e1	5.15767e1	1.01219e2	3.4654140e-4	9.0247392e-4	1.2088181e1	1.2794888e-1	
2022-02-23	12:10:57	1.16515	9.34932e-2	-4.63821e1	5.15801e1	1.01239e2	3.5089254e-4	8.8185071e-4	1.2104966e1	1.3938224e-1	
2022-02-23	12:10:58	1.23534	9.98433e-2	-4.57917e1	5.15767e1	1.01225e2	3.7193298e-4	9.4109773e-4	1.2092378e1	1.2710638e-1	
2022-02-23	12:10:58	-1.99295e1	9.77034e-2	-4.59875e1	5.15767e1	1.01222e2	-6.1725378e-3	9.2107057e-4	1.2096574e1	1.2727665e-1	
2022-02-23	12:10:59	4.86714e1	1.00312e-1	-4.57495e1	5.15801e1	1.01222e2	1.3812243e-2	9.4544887e-4	1.2090699e1	1.2744421e-1	
2022-02-23	12:10:59	2.31603e2	1.38081e-1	-4.28184e1	5.15801e1	1.01224e2	5.4580211e-2	1.2971758e-3	1.2094056e1	1.2761061e-1	
2022-02-23	12:11:00	2.82556e2	1.74431e-1	-4.06187e1	5.15767e1	1.01223e2	6.3792467e-2	1.6335248e-3	1.2104966e1	1.2769569e-1	
2022-02-23	12:11:00	2.39588e2	1.82569e-1	-4.01836e1	5.15801e1	1.01225e2	5.6072592e-2	1.7085671e-3	1.2089021e1	1.2769395e-1	
2022-02-23	12:11:01	2.21463e2	1.88619e-1	-3.98716e1	5.15801e1	1.01223e2	5.2657604e-2	1.7642378e-3	1.2089860e1	1.2802994e-1	
2022-02-23	12:11:01	2.15385e2	1.90165e-1	-3.97932e1	5.15801e1	1.01224e2	5.1490964e-2	1.7784833e-3	1.2094895e1	1.2819634e-1	
2022-02-23	12:11:02	2.13730e2	1.89806e-1	-3.98112e1	5.15801e1	1.01225e2	5.1171779e-2	1.7752051e-3	1.2093217e1	1.2819557e-1	
2022-02-23	12:11:02	2.14082e2	1.90310e-1	-3.97858e1	5.15767e1	1.01225e2	5.1240262e-2	1.7798542e-3	1.2089021e1	1.2819557e-1	
2022-02-23	12:11:03	2.05357e2	1.90582e-1	-3.97721e1	5.15767e1	1.01225e2	4.9540338e-2	1.7823576e-3	1.2092378e1	1.2852917e-1	
2022-02-23	12:11:03	1.66840e2	1.84382e-1	-4.00892e1	5.15767e1	1.01224e2	4.1725339e-2	1.7252564e-3	1.2089021e1	1.2869666e-1	
2022-02-23	12:11:04	9.97311e1	1.65500e-1	-4.11175e1	5.15834e1	1.01226e2	2.6711344e-2	1.5510916e-3	1.2089860e1	1.2902736e-1	
2022-02-23	12:11:04	3.73685e1	1.43902e-1	-4.24332e1	5.15801e1	1.01224e2	1.0749936e-2	1.3511776e-3	1.2102448e1	1.2894552e-1	
2022-02-23	12:11:05	2.47955	1.27555e-1	-4.35536e1	5.15767e1	1.01226e2	7.4535608e-4	1.1994242e-3	1.2094056e1	1.2902705e-1	
2022-02-23	12:11:05	-8.16800	1.12479e-1	-4.47091e1	5.15767e1	1.01227e2	-2.4900436e-3	1.0590553e-3	1.2095735e1	1.2902657e-1	
2022-02-23	12:11:06	-7.47147	1.07005e-1	-4.51635e1	5.15734e1	1.01230e2	-2.2757053e-3	1.0080337e-3	1.2089021e1	1.2910757e-1	
2022-02-23	12:11:06	-4.11103	1.08481e-1	-4.50389e1	5.15734e1	1.01229e2	-1.2465715e-3	1.0218024e-3	1.2094056e1	1.2968714e-1	
2022-02-23	12:11:07	-1.49279	1.05248e-1	-4.53138e1	5.15734e1	1.01231e2	-4.5108795e-4	9.9164247e-4	1.2094895e1	1.3262283e-1	
2022-02-23	12:11:07	-3.65004e-1	1.01482e-1	-4.56439e1	5.15767e1	1.01232e2	-1.1014938e-4	9.5647573e-4	1.2092378e1	1.3254144e-1	
2022-02-23	12:11:08	3.39856e-1	1.01020e-1	-4.56849e1	5.15767e1	1.01234e2	1.0246038e-4	9.5218420e-4	1.2097413e1	1.3253982e-1	
2022-02-23	12:11:08	6.71916e-1	1.03148e-1	-4.54965e1	5.15767e1	1.01231e2	2.0247697e-4	9.7203254e-4	1.2091538e1	1.3565363e-1	
2022-02-23	12:11:09	8.76777e-1	1.02240e-1	-4.55746e1	5.15801e1	1.01253e2	2.6416778e-4	9.6374750e-4	1.2090699e1	1.4894466e-1	
2022-02-23	12:11:09	1.10546	9.92021e-2	-4.58455e1	5.15767e1	1.01273e2	3.3307075e-4	9.3555450e-4	1.2106645e1	1.4892995e-1	
2022-02-23	12:11:10	1.05201	9.96396e-2	-4.58061e1	5.15767e1	1.01269e2	3.1697750e-4	9.3960762e-4	1.2091538e1	1.4893288e-1	
2022-02-23	12:11:10	1.04721	9.97833e-2	-4.57929e1	5.15767e1	1.01272e2	3.1554698e-4	9.4097852e-4	1.2106645e1	1.4907424e-1	
2022-02-23	12:11:11	1.05850	1.02666e-1	-4.55353e1	5.15767e1	1.01272e2	3.1894445e-4	9.6791982e-4	1.2093217e1	1.4914631e-1	
2022-02-23	12:11:11	9.08148e-1	1.01547e-1	-4.56343e1	5.15734e1	1.01274e2	2.7370452e-4	9.5748901e-4	1.2091538e1	1.4914467e-1	
2022-02-23	12:11:12	9.78136e-1	9.58821e-2	-4.61524e1	5.15767e1	1.01273e2	2.9474496e-4	9.0450048e-4	1.2090699e1	1.4907405e-1	
2022-02-23	12:11:12	1.17837	9.65390e-2	-4.60910e1	5.15767e1	1.01272e2	3.5500526e-4	9.1063976e-4	1.2092378e1	1.4907442e-1	
2022-02-23	12:11:13	1.05232	9.72576e-2	-4.60241e1	5.15734e1	1.01273e2	3.1709671e-4	9.1737508e-4	1.2091538e1	1.4936072e-1	
2022-02-23	12:11:13	8.90376e-1	9.73810e-2	-4.60123e1	5.15734e1	1.01277e2	2.6834011e-4	9.1856718e-4	1.2103288e1	1.4928598e-1	
2022-02-23	12:11:14	7.91608e-1	9.67346e-2	-4.60727e1	5.15734e1	1.01273e2	2.3859739e-4	9.1248750e-4	1.2089021e1	1.4950351e-1	
2022-02-23	12:11:14	8.52704e-1	9.33330e-2	-4.63945e1	5.15767e1	1.01274e2	2.5701522e-4	8.8065862e-4	1.2090699e1	1.4957465e-1	
2022-02-23	12:11:15	9.87995e-1	9.48040e-2	-4.62540e1	5.15767e1	1.01274e2	2.9772520e-4	8.9442729e-4	1.2093217e1	1.4950276e-1	
2022-02-23	12:11:15	9.20479e-1	9.98198e-2	-4.57894e1	5.15767e1	1.01274e2	2.7740001e-4	9.4133615e-4	1.2089021e1	1.4935964e-1	
2022-02-23	12:11:16	9.54898e-1	9.88097e-2	-4.58812e1	5.15700e1	1.01275e2	2.8777122e-4	9.3191862e-4	1.2094056e1	1.4943065e-1	
2022-02-23	12:11:16	8.10422e-1	9.70990e-2	-4.60388e1	5.15767e1	1.01273e2	2.4425983e-4	9.1588497e-4	1.2092378e1	1.4971814e-1	
2022-02-23	12:11:17	8.97702e-1	9.22819e-2	-4.64962e1	5.15734e1	1.01273e2	2.7054548e-4	8.7082386e-4	1.2092378e1	1.4943213e-1	
2022-02-23	12:11:17	9.43619e-1	8.98947e-2	-4.67310e1	5.15734e1	1.01273e2	2.8437376e-4	8.4847211e-4	1.2092378e1	1.4957540e-1	
2022-02-23	12:11:18	9.43619e-1	8.98947e-2	-4.67310e1	5.15734e1	1.01273e2	2.8437376e-4	8.4847211e-4	1.2092378e1	1.4957540e-1	
2022-02-23	12:11:18	7.14499e-1	9.41954e-2	-4.63117e1	5.15701e1	1.01275e2	2.1541118e-4	8.8876485e-4	1.2094056e1	1.4971611e-1	
2022-02-23	12:11:19	1.00458	9.34448e-2	-4.63836e1	5.15734e1	1.01275e2	3.0273199e-4	8.8173151e-4	1.2093217e1	1.4957318e-1	
2022-02-23	12:11:19	8.68194e-1	9.24404e-2	-4.64807e1	5.15734e1	1.01274e2	2.6166439e-4	8.7231397e-4	1.2091538e1	1.4957465e-1	
2022-02-23	12:11:20	8.68194e-1	9.24404e-2	-4.64807e1	5.15734e1	1.01274e2	2.6166439e-4	8.7231397e-4	1.2091538e1	1.4957465e-1	
2022-02-23	12:11:20	8.20067e-1	9.27952e-2	-4.64463e1	5.15701e1	1.01275e2	2.4718046e-4	8.7565183e-4	1.2093217e1	1.4985964e-1	
2022-02-23	12:11:21	6.29696e-1	9.36116e-2	-4.63677e1	5.15734e1	1.01274e2	1.8984079e-4	8.8328123e-4	1.2090699e1	1.4978843e-1	
2022-02-23	12:11:21	6.77930e-1	9.63255e-2	-4.61108e1	5.15701e1	1.01273e2	2.0438432e-4	9.0867280e-4	1.2099931e1	1.4964630e-1	
2022-02-23	12:11:22	6.77930e-1	9.63255e-2	-4.61108e1	5.15701e1	1.01273e2	2.0438432e-4	9.0867280e-4	1.2099931e1	1.4964630e-1	
2022-02-23	12:11:22	7.44270e-1	9.52449e-2	-4.62125e1	5.15734e1	1.01271e2	2.2435188e-4	8.9854001e-4	1.2091538e1	1.4979047e-1	
2022-02-23	12:11:23	8.55344e-1	8.95644e-2	-4.67640e1	5.15701e1	1.01271e2	2.5779008e-4	8.4537267e-4	1.2093217e1	1.4979102e-1	
2022-02-23	12:11:23	8.55344e-1	8.95644e-2	-4.67640e1	5.15701e1	1.01271e2	2.5779008e-4	8.4537267e-4	1.2093217e1	1.4979102e-1	
2022-02-23	12:11:24	8.10015e-1	9.33197e-2	-4.63959e1	5.15701e1	1.01272e2	2.4414062e-4	8.8053941e-4	1.2093217e1	1.5021791e-1	
2022-02-23	12:11:24	8.10015e-1	9.33197e-2	-4.63959e1	5.15701e1	1.01272e2	2.4414062e-4	8.8053941e-4	1.2093217e1	1.5021791e-1	
2022-02-23	12:11:25	6.05571e-1	9.33035e-2	-4.63971e1	5.15701e1	1.01276e2	1.8256902e-4	8.8042020e-4	1.2098252e1	1.5007267e-1	
2022-02-23	12:11:25	7.23707e-1	9.41947e-2	-4.63117e1	5.15701e1	1.01276e2	2.1815299e-4	8.8876485e-4	1.2092378e1	1.4985835e-1	
2022-02-23	12:11:26	6.59190e-1	9.28573e-2	-4.64401e1	5.15701e1	1.01276e2	1.9872188e-4	8.7624788e-4	1.2086503e1	1.5021476e-1	
2022-02-23	12:11:26	7.76295e-1	9.28688e-2	-4.64389e1	5.15701e1	1.01277e2	2.3400783e-4	8.7636709e-4	1.2092378e1	1.5021383e-1	
2022-02-23	12:11:27	1.21182	9.37800e-2	-4.63513e1	5.15701e1	1.01277e2	3.6507844e-4	8.8489055e-4	1.2094056e1	1.5014300e-1	
2022-02-23	12:11:27	1.21182	9.37800e-2	-4.63513e1	5.15701e1	1.01277e2	3.6507844e-4	8.8489055e-4	1.2094056e1	1.5014300e-1	
2022-02-23	12:11:28	-2.64263e-1	8.92291e-2	-4.67973e1	5.15634e1	1.01274e2	-7.9751014e-5	8.4227323e-4	1.2090699e1	1.5014558e-1	
2022-02-23	12:11:28	4.38953e-1	1.12263e-1	-4.47225e1	5.15634e1	1.01273e2	1.3238191e-4	1.0575652e-3	1.2089860e1	1.5028816e-1	
2022-02-23	12:11:29	7.38284e-1	1.02516e-1	-4.55480e1	5.15634e1	1.01277e2	2.2256374e-4	9.6660852e-4	1.2093217e1	1.5021420e-1	
2022-02-23	12:11:29	5.85333e-1	8.00982e-2	-4.77576e1	5.15667e1	1.01274e2	1.7648935e-4	7.5668096e-4	1.2089860e1	1.5007434e-1	
2022-02-23	12:11:30	6.68454e-1	8.87551e-2	-4.68445e1	5.15667e1	1.01278e2	2.0152330e-4	8.3786249e-4	1.2099092e1	1.4999973e-1	
2022-02-23	12:11:30	6.76366e-1	9.37734e-2	-4.63520e1	5.15667e1	1.01276e2	2.0390748e-4	8.8483095e-4	1.2102448e1	1.5078324e-1	
2022-02-23	12:11:31	6.27408e-1	9.49435e-2	-4.62405e1	5.15634e1	1.01277e2	1.8918514e-4	8.9579820e-4	1.2089021e1	1.5042744e-1	
2022-02-23	12:11:31	3.69981e-1	9.31658e-2	-4.64102e1	5.15634e1	1.01278e2	1.1157989e-4	8.7916851e-4	1.2093217e1	1.5056900e-1	
2022-02-23	12:11:32	1.61224e-1	1.01200e-1	-4.56647e1	5.15667e1	1.01280e2	4.8637390e-5	9.5432996e-4	1.2108323e1	3.0975127e-1	
2022-02-23	12:11:32	-1.74040e1	3.13307e-1	-3.46543e1	5.15701e1	1.03567e2	-5.5093765e-3	2.9670000e-3	1.2089021e1	9.9968662e-1	
2022-02-23	12:11:33	-2.06290e-1	1.26021e-1	-4.27726e1	5.15667e1	1.11458e2	-6.9141387e-5	1.3048648e-3	1.2092378e1	1.0889356	
2022-02-23	12:11:33	2.91456e1	-1.98947e-1	-2.73149e2	5.15701e1	1.13002e2	9.5426445e-3	-2.1516084e-3	1.2074754e1	1.0826789	
2022-02-23	12:11:34	1.22141e1	-8.05025e-2	-2.73149e2	5.15701e1	1.13107e2	4.0916800e-3	-8.6176395e-4	1.2068040e1	1.0821739	
2022-02-23	12:11:34	-4.50626	7.40672e-2	-4.74808e1	5.15634e1	1.12995e2	-1.5420913e-3	7.8105926e-4	1.2076432e1	1.0827137	
2022-02-23	12:11:35	-8.72585	1.29532e-1	-4.23999e1	5.15600e1	1.12855e2	-2.9993057e-3	1.3576149e-3	1.2083146e1	1.0833849	
2022-02-23	12:11:35	-7.10417	1.40284e-1	-4.16709e1	5.15600e1	1.12623e2	-2.4310350e-3	1.4659166e-3	1.2078950e1	1.0844979	
2022-02-23	12:11:36	-4.49122	1.33373e-1	-4.21606e1	5.15634e1	1.12443e2	-1.5287399e-3	1.3923048e-3	1.2079789e1	1.0853631	
2022-02-23	12:11:36	-2.11869	1.22288e-1	-4.29779e1	5.15667e1	1.12353e2	-7.1823596e-4	1.2767910e-3	1.2090699e1	1.0857977	
2022-02-23	12:11:37	-3.06438e-1	1.09349e-1	-4.40150e1	5.15667e1	1.12317e2	-1.0359287e-4	1.1426210e-3	1.2082307e1	1.0859767	
2022-02-23	12:11:37	7.06315e-1	9.46590e-2	-4.53343e1	5.15634e1	1.12301e2	2.3841857e-4	9.9027156e-4	1.2091538e1	1.0860528	
"2022-02-23 at 12:12"
System_Date_(Y-M-D)	System_Time_(h:m:s)	CO₂_(µmol_mol⁻¹)	H₂O_(mmol_mol⁻¹)	H₂O_(°C)	Cell_Temperature_(°C)	Cell_Pressure_(kPa)	CO₂_Absorption	H₂O_Absorption	Input_Voltage_(V)	Flow_Rate_(L_min⁻¹)	
2022-02-23	12:12:03	6.27556e-1	9.06116e-2	-4.57173e1	5.15401e1	1.12460e2	2.1219253e-4	9.4968080e-4	1.2068040e1	1.0853102	
2022-02-23	12:12:04	5.32707e-1	8.63655e-2	-4.61503e1	5.15367e1	1.12458e2	1.8012523e-4	9.0551376e-4	1.2061326e1	1.0853275	
2022-02-23	12:12:04	7.37572e-1	9.28358e-2	-4.54984e1	5.15367e1	1.12453e2	2.4932622e-4	9.7274780e-4	1.2062165e1	1.0853275	
"2022-02-23 at 12:12"
System_Date_(Y-M-D)	System_Time_(h:m:s)	CO₂_(µmol_mol⁻¹)	H₂O_(mmol_mol⁻¹)	H₂O_(°C)	Cell_Temperature_(°C)	Cell_Pressure_(kPa)	CO₂_Absorption	H₂O_Absorption	Input_Voltage_(V)	Flow_Rate_(L_min⁻¹)	
2022-02-23	12:12:23	9.60293e-1	9.03736e-2	-4.57438e1	5.15534e1	1.12426e2	3.2442808e-4	9.4687938e-4	1.2053773e1	1.0854488	
2022-02-23	12:12:24	1.08981	9.07410e-2	-4.57072e1	5.15534e1	1.12425e2	3.6811828e-4	9.5069408e-4	1.2065522e1	1.0854512	
2022-02-23	12:12:24	8.65278e-1	8.97460e-2	-4.58066e1	5.15500e1	1.12428e2	2.9236078e-4	9.4038248e-4	1.2057130e1	1.0854392	
2022-02-23	12:12:25	7.74567e-1	8.80323e-2	-4.59799e1	5.15534e1	1.12435e2	2.6178359e-4	9.2262029e-4	1.2054612e1	1.0854017	
2022-02-23	12:12:25	9.82668e-1	8.84409e-2	-4.59383e1	5.15534e1	1.12433e2	3.3199787e-4	9.2685222e-4	1.2056291e1	1.0854114	
2022-02-23	12:12:26	1.04680	9.05859e-2	-4.57221e1	5.15500e1	1.12432e2	3.5363435e-4	9.4914436e-4	1.2048738e1	1.0854211	
2022-02-23	12:12:26	1.11302	9.28947e-2	-4.54941e1	5.15500e1	1.12435e2	3.7598609e-4	9.7316503e-4	1.2065522e1	1.0854054	
2022-02-23	12:12:27	1.03648	9.02683e-2	-4.57536e1	5.15500e1	1.12434e2	3.5017728e-4	9.4586610e-4	1.2055451e1	1.0854078	
2022-02-23	12:12:27	7.63609e-1	8.73704e-2	-4.60477e1	5.15534e1	1.12439e2	2.5808811e-4	9.1576576e-4	1.2052934e1	1.0853849	
2022-02-23	12:12:28	7.63609e-1	8.73704e-2	-4.60477e1	5.15534e1	1.12439e2	2.5808811e-4	9.1576576e-4	1.2052934e1	1.0853849	
2022-02-23	12:12:28	8.78589e-1	8.93367e-2	-4.58469e1	5.15567e1	1.12440e2	2.9689073e-4	9.3621015e-4	1.2050416e1	1.0853800	
2022-02-23	12:12:29	9.62304e-1	9.11673e-2	-4.56638e1	5.15534e1	1.12437e2	3.2514333e-4	9.5522403e-4	1.2053773e1	1.0853946	
2022-02-23	12:12:29	8.91096e-1	9.05730e-2	-4.57226e1	5.15534e1	1.12441e2	3.0112266e-4	9.4908475e-4	1.2057969e1	1.0853729	
2022-02-23	12:12:30	7.49287e-1	8.76334e-2	-4.60204e1	5.15567e1	1.12441e2	2.5326013e-4	9.1850757e-4	1.2053773e1	1.0853753	
2022-02-23	12:12:30	7.93445e-1	8.95018e-2	-4.58295e1	5.15567e1	1.12449e2	2.6816129e-4	9.3799829e-4	1.2052094e1	1.0853390	
2022-02-23	12:12:31	8.73597e-1	9.32044e-2	-4.54632e1	5.15567e1	1.12444e2	2.9522180e-4	9.7644329e-4	1.2052934e1	1.0853607	
2022-02-23	12:12:31	6.89117e-1	9.13155e-2	-4.56484e1	5.15567e1	1.12446e2	2.3293495e-4	9.5683336e-4	1.2053773e1	1.0853499	
2022-02-23	12:12:32	8.71141e-1	8.99593e-2	-4.57838e1	5.15600e1	1.12444e2	2.9438734e-4	9.4270706e-4	1.2053773e1	1.0853607	
2022-02-23	12:12:32	1.07476	8.84272e-2	-4.59389e1	5.15534e1	1.12443e2	3.6311149e-4	9.2679262e-4	1.2050416e1	1.0853631	
2022-02-23	12:12:33	7.05845e-1	8.97913e-2	-4.58006e1	5.15567e1	1.12445e2	2.3859739e-4	9.4097852e-4	1.2051255e1	1.0853559	
2022-02-23	12:12:33	6.23834e-1	9.06060e-2	-4.57190e1	5.15600e1	1.12445e2	2.1088123e-4	9.4944238e-4	1.2053773e1	1.0853536	
2022-02-23	12:12:34	8.49611e-1	9.01565e-2	-4.57643e1	5.15600e1	1.12441e2	2.8711557e-4	9.4473361e-4	1.2056291e1	1.0853741	
2022-02-23	12:12:34	8.68806e-1	9.04498e-2	-4.57345e1	5.15600e1	1.12447e2	2.9361248e-4	9.4783306e-4	1.2063844e1	1.0853451	
2022-02-23	12:12:35	8.45840e-1	8.71170e-2	-4.60736e1	5.15567e1	1.12442e2	2.8586387e-4	9.1314315e-4	1.2053773e1	1.0853716	
2022-02-23	12:12:35	1.37947	8.62481e-2	-4.61635e1	5.15567e1	1.12446e2	4.6586990e-4	9.0414285e-4	1.2052934e1	1.0853487	
2022-02-23	12:12:36	1.64061	8.81017e-2	-4.59721e1	5.15600e1	1.12444e2	5.5384635e-4	9.2339515e-4	1.2052094e1	1.0853595	
2022-02-23	12:12:36	7.79714e-1	8.62868e-2	-4.61597e1	5.15634e1	1.12443e2	2.6351213e-4	9.0450048e-4	1.2051255e1	1.0853644	
2022-02-23	12:12:37	5.22374e-1	8.90919e-2	-4.58717e1	5.15600e1	1.12439e2	1.7660856e-4	9.3364715e-4	1.2048738e1	1.0853849	
2022-02-23	12:12:37	8.28668e-1	9.90600e-2	-4.49100e1	5.15600e1	1.12437e2	2.8002262e-4	1.0371804e-3	1.2051255e1	1.0854100	
2022-02-23	12:12:38	8.96290e-1	8.22112e-2	-4.65946e1	5.15567e1	1.12437e2	3.0285120e-4	8.6206197e-4	1.2057130e1	1.0854288	
2022-02-23	12:12:38	9.72441e-1	8.88794e-2	-4.58938e1	5.15600e1	1.12432e2	3.2854080e-4	9.3138217e-4	1.2053773e1	1.0854352	
2022-02-23	12:12:39	1.09437	9.09271e-2	-4.56881e1	5.15600e1	1.12432e2	3.6966800e-4	9.5266103e-4	1.2052934e1	1.0854211	
2022-02-23	12:12:39	1.09437	9.09271e-2	-4.56881e1	5.15600e1	1.12432e2	3.6966800e-4	9.5266103e-4	1.2052934e1	1.0854211	
2022-02-23	12:12:40	8.18104e-1	9.22239e-2	-4.55600e1	5.15634e1	1.12432e2	2.7644634e-4	9.6613168e-4	1.2050416e1	1.0854187	
2022-02-23	12:12:40	8.29071e-1	9.09148e-2	-4.56897e1	5.15667e1	1.12428e2	2.8014183e-4	9.5248222e-4	1.2050416e1	1.0854392	
2022-02-23	12:12:41	7.80558e-1	8.95835e-2	-4.58235e1	5.15634e1	1.12421e2	2.6375055e-4	9.3859434e-4	1.2047898e1	1.0854742	
2022-02-23	12:12:41	8.31899e-1	8.92397e-2	-4.58579e1	5.15567e1	1.12425e2	2.8109550e-4	9.3507766e-4	1.2053773e1	1.0854525	
2022-02-23	12:12:42	1.01511	9.10530e-2	-4.56762e1	5.15601e1	1.12425e2	3.4290552e-4	9.5391273e-4	1.2065522e1	1.0854537	
2022-02-23	12:12:42	1.01511	9.10530e-2	-4.56762e1	5.15601e1	1.12425e2	3.4290552e-4	9.5391273e-4	1.2065522e1	1.0854537	
2022-02-23	12:12:43	8.24013e-1	9.07423e-2	-4.57068e1	5.15667e1	1.12428e2	2.7841329e-4	9.5069408e-4	1.2052094e1	1.0854368	
2022-02-23	12:12:43	8.89511e-1	8.84010e-2	-4.59432e1	5.15667e1	1.12423e2	3.0052661e-4	9.2631578e-4	1.2065522e1	1.0854609	
2022-02-23	12:12:44	1.02821	8.91112e-2	-4.58711e1	5.15600e1	1.12422e2	3.4731626e-4	9.3370676e-4	1.2049577e1	1.0854669	
2022-02-23	12:12:44	1.13973	9.16366e-2	-4.56187e1	5.15634e1	1.12421e2	3.8492679e-4	9.5993280e-4	1.2053773e1	1.0854730	
2022-02-23	12:12:45	1.06884	9.24161e-2	-4.55419e1	5.15667e1	1.12423e2	3.6102533e-4	9.6803903e-4	1.2052934e1	1.0854634	
2022-02-23	12:12:45	1.06884	9.24161e-2	-4.55419e1	5.15667e1	1.12423e2	3.6102533e-4	9.6803903e-4	1.2052934e1	1.0854634	
2022-02-23	12:12:46	7.33224e-1	9.39928e-2	-4.53885e1	5.15634e1	1.12423e2	2.4777650e-4	9.8443031e-4	1.2052094e1	1.0854622	
2022-02-23	12:12:46	9.76937e-1	9.16327e-2	-4.56231e1	5.15667e1	1.12371e2	3.2985210e-4	9.5945596e-4	1.2063004e1	1.0857144	
2022-02-23	12:12:47	7.17928e-1	9.32594e-2	-4.54623e1	5.15667e1	1.12389e2	2.4253129e-4	9.7650289e-4	1.2049577e1	1.0856287	
2022-02-23	12:12:47	8.46127e-1	9.25257e-2	-4.55312e1	5.15667e1	1.12422e2	2.8586387e-4	9.6917152e-4	1.2058808e1	1.0854669	
2022-02-23	12:12:48	1.22271	8.92280e-2	-4.58588e1	5.15667e1	1.12429e2	4.1294097e-4	9.3495845e-4	1.2049577e1	1.0854344	
2022-02-23	12:12:48	8.82443e-1	9.17512e-2	-4.56067e1	5.15667e1	1.12429e2	2.9814243e-4	9.6118450e-4	1.2064683e1	1.0854332	
2022-02-23	12:12:49	8.03708e-1	9.14440e-2	-4.56363e1	5.15634e1	1.12439e2	2.7161836e-4	9.5808506e-4	1.2056291e1	1.0853861	
2022-02-23	12:12:49	1.00897	9.06076e-2	-4.57194e1	5.15667e1	1.12439e2	3.4087896e-4	9.4938278e-4	1.2053773e1	1.0853861	
2022-02-23	12:12:50	9.48000e-1	8.85942e-2	-4.59223e1	5.15634e1	1.12439e2	3.2031536e-4	9.2846155e-4	1.2052094e1	1.0853861	
2022-02-23	12:12:50	8.51768e-1	8.76948e-2	-4.60143e1	5.15667e1	1.12439e2	2.8783082e-4	9.1910362e-4	1.2063004e1	1.0853837	
2022-02-23	12:12:51	8.50611e-1	9.28055e-2	-4.55025e1	5.15701e1	1.12439e2	2.8741359e-4	9.7221136e-4	1.2056291e1	1.0853873	
2022-02-23	12:12:51	8.66619e-1	9.09318e-2	-4.56874e1	5.15667e1	1.12435e2	2.9283761e-4	9.5272064e-4	1.2052934e1	1.0854042	
2022-02-23	12:12:52	8.79070e-1	8.90435e-2	-4.58774e1	5.15667e1	1.12430e2	2.9700994e-4	9.3305110e-4	1.2051255e1	1.0854283	
2022-02-23	12:12:52	9.36088e-1	9.36125e-2	-4.54244e1	5.15701e1	1.12434e2	3.1626224e-4	9.8055601e-4	1.2057969e1	1.0854090	
2022-02-23	12:12:53	-1.39752	1.09267e-1	-4.40126e1	5.15667e1	1.12430e2	-4.7361850e-4	1.1429190e-3	1.2052934e1	1.0854295	
2022-02-23	12:12:53	-1.27845e2	-1.07115e-1	-2.73149e2	5.15667e1	1.13486e2	-5.3378105e-2	-1.1533498e-3	1.2055451e1	1.0803689	
2022-02-23	12:12:54	8.59266e2	6.57485e-1	-2.59637e1	5.15634e1	1.12758e2	1.5216856e-1	6.5926909e-3	1.2054612e1	1.0838509	
2022-02-23	12:12:54	2.42976e3	1.05462	-2.06748e1	5.15667e1	1.12580e2	2.6562600e-1	1.0252416e-2	1.2055451e1	1.0847061	
2022-02-23	12:12:55	2.12384e2	1.95868e-1	-3.84887e1	5.15667e1	1.12488e2	5.6784687e-2	2.0344257e-3	1.2054612e1	1.0851460	
2022-02-23	12:12:55	-1.96264e1	4.84573e-2	-5.12177e1	5.15667e1	1.12434e2	-6.8209171e-3	5.0961971e-4	1.2053773e1	1.0854102	
2022-02-23	12:12:56	-4.88765	7.53355e-2	-4.73752e1	5.15701e1	1.12421e2	-1.6641616e-3	7.9029798e-4	1.2059648e1	1.0854730	
2022-02-23	12:12:56	1.08129e1	9.04801e-2	-4.57342e1	5.15701e1	1.12413e2	3.6048293e-3	9.4783306e-4	1.2054612e1	1.0855091	
2022-02-23	12:12:57	1.47610e1	9.51908e-2	-4.52744e1	5.15667e1	1.12413e2	4.8956871e-3	9.9676847e-4	1.2055451e1	1.0855128	
2022-02-23	12:12:57	1.41701e1	9.55759e-2	-4.52383e1	5.15667e1	1.12405e2	4.7029852e-3	1.0007023e-3	1.2054612e1	1.0855479	
2022-02-23	12:12:58	1.21257e1	9.62650e-2	-4.51724e1	5.15700e1	1.12413e2	4.0355324e-3	1.0079145e-3	1.2061326e1	1.0855104	
2022-02-23	12:12:58	1.01172e1	9.78819e-2	-4.50212e1	5.15700e1	1.12409e2	3.3758878e-3	1.0246634e-3	1.2056291e1	1.0855286	
2022-02-23	12:12:59	8.56597	9.45204e-2	-4.53386e1	5.15701e1	1.12412e2	2.8641819e-3	9.8979473e-4	1.2056291e1	1.0855140	
2022-02-23	12:12:59	7.13934	9.41379e-2	-4.53756e1	5.15701e1	1.12410e2	2.3916363e-3	9.8580121e-4	1.2058808e1	1.0855261	
2022-02-23	12:13:00	5.89912	9.62342e-2	-4.51752e1	5.15667e1	1.12414e2	1.9795298e-3	1.0076165e-3	1.2054612e1	1.0855044	
2022-02-23	12:13:00	4.81160	9.45033e-2	-4.53404e1	5.15667e1	1.12411e2	1.6168951e-3	9.8961591e-4	1.2057969e1	1.0855201	
2022-02-23	12:13:01	4.02417	9.68132e-2	-4.51206e1	5.15667e1	1.12415e2	1.3537406e-3	1.0136365e-3	1.2057130e1	1.0854995	
2022-02-23	12:13:01	3.54806	9.63300e-2	-4.51667e1	5.15634e1	1.12408e2	1.1942982e-3	1.0085701e-3	1.2057130e1	1.0855321	
2022-02-23	12:13:02	3.10435	9.42080e-2	-4.53691e1	5.15667e1	1.12407e2	1.0455250e-3	9.8651647e-4	1.2056291e1	1.0855382	
2022-02-23	12:13:02	2.79974	9.62306e-2	-4.51762e1	5.15700e1	1.12406e2	9.4330310e-4	1.0074973e-3	1.2056291e1	1.0855430	
2022-02-23	12:13:03	2.50352	9.33791e-2	-4.54493e1	5.15734e1	1.12405e2	8.4382295e-4	9.7787380e-4	1.2058808e1	1.0855466	
2022-02-23	12:13:03	2.17039	9.48363e-2	-4.53089e1	5.15701e1	1.12405e2	7.3188543e-4	9.9301338e-4	1.2058808e1	1.0855479	
2022-02-23	12:13:04	1.94105	9.38163e-2	-4.54073e1	5.15667e1	1.12402e2	6.5469741e-4	9.8240375e-4	1.2060487e1	1.0855635	
2022-02-23	12:13:04	1.80888	9.27007e-2	-4.55160e1	5.15667e1	1.12398e2	6.1023235e-4	9.7078084e-4	1.2057969e1	1.0855840	
2022-02-23	12:13:05	1.67031	9.42812e-2	-4.53630e1	5.15667e1	1.12395e2	5.6356191e-4	9.8717212e-4	1.2052934e1	1.0855961	
2022-02-23	12:13:05	1.65507	9.05671e-2	-4.57267e1	5.15701e1	1.12398e2	5.5843591e-4	9.4860792e-4	1.2069718e1	1.0855828	
2022-02-23	12:13:06	1.48991	8.99436e-2	-4.57893e1	5.15701e1	1.12396e2	5.0282478e-4	9.4211101e-4	1.2057969e1	1.0855937	
2022-02-23	12:13:06	1.19126	8.93188e-2	-4.58523e1	5.15701e1	1.12395e2	4.0221214e-4	9.3561410e-4	1.2070558e1	1.0855961	
2022-02-23	12:13:07	1.10328	8.95596e-2	-4.58281e1	5.15667e1	1.12394e2	3.7252902e-4	9.3811750e-4	1.2065522e1	1.0856009	
2022-02-23	12:13:07	1.05431	8.82745e-2	-4.59584e1	5.15667e1	1.12395e2	3.5601854e-4	9.2476606e-4	1.2061326e1	1.0855985	
2022-02-23	12:13:08	1.05431	8.82745e-2	-4.59584e1	5.15667e1	1.12395e2	3.5601854e-4	9.2476606e-4	1.2061326e1	1.0855985	
2022-02-23	12:13:08	1.09440	8.81432e-2	-4.59719e1	5.15667e1	1.12394e2	3.6954879e-4	9.2339515e-4	1.2063004e1	1.0856021	
2022-02-23	12:13:09	1.28045	8.90897e-2	-4.58756e1	5.15667e1	1.12394e2	4.3225288e-4	9.3322992e-4	1.2055451e1	1.0856033	
2022-02-23	12:13:09	1.27139	9.15917e-2	-4.56252e1	5.15734e1	1.12395e2	4.2921304e-4	9.5921754e-4	1.2057969e1	1.0855974	
2022-02-23	12:13:10	1.51223	9.45238e-2	-4.53397e1	5.15701e1	1.12395e2	5.1033496e-4	9.8967552e-4	1.2073075e1	1.0855985	
2022-02-23	12:13:10	9.04622e-1	9.03211e-2	-4.57514e1	5.15667e1	1.12396e2	3.0553340e-4	9.4604492e-4	1.2057969e1	1.0855925	
2022-02-23	12:13:11	3.07954e-1	8.97857e-2	-4.58055e1	5.15667e1	1.12391e2	1.0406970e-4	9.4044208e-4	1.2057969e1	1.0856155	
2022-02-23	12:13:11	9.51971e-1	1.00415e-1	-4.47894e1	5.15667e1	1.12395e2	3.2150745e-4	1.0508298e-3	1.2058808e1	1.0855974	
2022-02-23	12:13:12	1.15000	1.01373e-1	-4.47030e1	5.15701e1	1.12392e2	3.8826465e-4	1.0607242e-3	1.2056291e1	1.0856131	
2022-02-23	12:13:12	8.35173e-1	8.48766e-2	-4.63118e1	5.15701e1	1.12394e2	2.8210878e-4	8.8942050e-4	1.2057969e1	1.0856388	
2022-02-23	12:13:13	8.99377e-1	8.54800e-2	-4.62483e1	5.15701e1	1.12392e2	3.0374526e-4	8.9567899e-4	1.2058808e1	1.0856397	
2022-02-23	12:13:13	1.06639	9.36593e-2	-4.54233e1	5.15701e1	1.12392e2	3.6007165e-4	9.8067522e-4	1.2059648e1	1.0856118	
2022-02-23	12:13:14	7.40557e-1	8.99832e-2	-4.57859e1	5.15667e1	1.12388e2	2.5016069e-4	9.4246864e-4	1.2059648e1	1.0856299	
2022-02-23	12:13:14	1.11133	9.25436e-2	-4.55323e1	5.15667e1	1.12387e2	3.7521123e-4	9.6905231e-4	1.2064683e1	1.0856384	
2022-02-23	12:13:15	1.04025	8.96761e-2	-4.58170e1	5.15701e1	1.12386e2	3.5125017e-4	9.3924999e-4	1.2057969e1	1.0856407	
2022-02-23	12:13:15	1.04025	8.96761e-2	-4.58170e1	5.15701e1	1.12386e2	3.5125017e-4	9.3924999e-4	1.2057969e1	1.0856407	
2022-02-23	12:13:16	8.22189e-1	9.09587e-2	-4.56886e1	5.15634e1	1.12387e2	2.7769804e-4	9.5260143e-4	1.2055451e1	1.0856372	
2022-02-23	12:13:16	7.45161e-1	9.15232e-2	-4.56328e1	5.15667e1	1.12385e2	2.5171041e-4	9.5844268e-4	1.2060487e1	1.0856444	
2022-02-23	12:13:17	9.89918e-1	9.08675e-2	-4.56981e1	5.15701e1	1.12381e2	3.3426284e-4	9.5158815e-4	1.2059648e1	1.0856637	
2022-02-23	12:13:17	1.24912	9.03569e-2	-4.57490e1	5.15701e1	1.12381e2	4.2164325e-4	9.4628334e-4	1.2058808e1	1.0856637	
2022-02-23	12:13:18	1.08071	9.04435e-2	-4.57400e1	5.15667e1	1.12387e2	3.6489963e-4	9.4723701e-4	1.2064683e1	1.0856384	
2022-02-23	12:13:18	1.08071	9.04435e-2	-4.57400e1	5.15667e1	1.12387e2	3.6489963e-4	9.4723701e-4	1.2064683e1	1.0856384	
2022-02-23	12:13:19	7.13397e-1	9.34106e-2	-4.54483e1	5.15701e1	1.12381e2	2.4098157e-4	9.7799301e-4	1.2060487e1	1.0856673	
2022-02-23	12:13:19	6.87324e-1	9.59204e-2	-4.52078e1	5.15667e1	1.12379e2	2.3216009e-4	1.0040402e-3	1.2071397e1	1.0856770	
2022-02-23	12:13:20	9.21541e-1	9.22468e-2	-4.55622e1	5.15634e1	1.12376e2	3.1119585e-4	9.6589326e-4	1.2058808e1	1.0856866	
2022-02-23	12:13:20	9.49688e-1	9.27700e-2	-4.55111e1	5.15634e1	1.12375e2	3.2067298e-4	9.7131729e-4	1.2058808e1	1.0856915	
2022-02-23	12:13:21	9.39449e-1	9.07569e-2	-4.57096e1	5.15667e1	1.12375e2	3.1721591e-4	9.5039606e-4	1.2057130e1	1.0856939	
2022-02-23	12:13:21	9.39449e-1	9.07569e-2	-4.57096e1	5.15667e1	1.12375e2	3.1721591e-4	9.5039606e-4	1.2057130e1	1.0856939	
2022-02-23	12:13:22	6.58464e-1	9.31314e-2	-4.54758e1	5.15634e1	1.12376e2	2.2244453e-4	9.7507238e-4	1.2058808e1	1.0856903	
2022-02-23	12:13:22	8.48054e-1	9.02600e-2	-4.57591e1	5.15600e1	1.12377e2	2.8640031e-4	9.4527006e-4	1.2071397e1	1.0856842	
2022-02-23	12:13:23	9.47233e-1	9.18208e-2	-4.56044e1	5.15667e1	1.12372e2	3.1983852e-4	9.6142292e-4	1.2056291e1	1.0857071	
2022-02-23	12:13:23	8.16417e-1	8.95858e-2	-4.58270e1	5.15634e1	1.12375e2	2.7573108e-4	9.3823671e-4	1.2058808e1	1.0856951	
2022-02-23	12:13:24	8.82500e-1	9.24469e-2	-4.55430e1	5.15634e1	1.12371e2	2.9802322e-4	9.6791982e-4	1.2057969e1	1.0857156	
2022-02-23	12:13:24	8.79322e-1	9.27321e-2	-4.55150e1	5.15634e1	1.12373e2	2.9695034e-4	9.7090005e-4	1.2063004e1	1.0857048	
2022-02-23	12:13:25	6.65725e-1	9.04894e-2	-4.57366e1	5.15634e1	1.12371e2	2.2488832e-4	9.4759464e-4	1.2061326e1	1.0857120	
2022-02-23	12:13:25	8.25108e-1	9.22456e-2	-4.55627e1	5.15634e1	1.12371e2	2.7865171e-4	9.6583366e-4	1.2065522e1	1.0857132	
2022-02-23	12:13:26	1.02629	9.21103e-2	-4.55762e1	5.15667e1	1.12369e2	3.4648180e-4	9.6440315e-4	1.2071397e1	1.0857217	
2022-02-23	12:13:26	8.96775e-1	8.97470e-2	-4.58113e1	5.15667e1	1.12368e2	3.0279159e-4	9.3984603e-4	1.2060487e1	1.0857278	
2022-02-23	12:13:27	7.37704e-1	8.92200e-2	-4.58645e1	5.15667e1	1.12367e2	2.4914741e-4	9.3436241e-4	1.2057969e1	1.0857325	
2022-02-23	12:13:27	9.28619e-1	9.15882e-2	-4.56282e1	5.15667e1	1.12362e2	3.1352043e-4	9.5891952e-4	1.2065522e1	1.0857567	
2022-02-23	12:13:28	1.16406	9.12402e-2	-4.56623e1	5.15667e1	1.12366e2	3.9291381e-4	9.5534324e-4	1.2059648e1	1.0857349	
2022-02-23	12:13:28	8.50147e-1	9.04749e-2	-4.57388e1	5.15667e1	1.12362e2	2.8705596e-4	9.4735622e-4	1.2058808e1	1.0857567	
2022-02-23	12:13:29	8.48509e-1	9.12750e-2	-4.56591e1	5.15600e1	1.12364e2	2.8651952e-4	9.5570087e-4	1.2061326e1	1.0857483	
2022-02-23	12:13:29	1.01720	9.06653e-2	-4.57200e1	5.15634e1	1.12360e2	3.4338235e-4	9.4932317e-4	1.2058808e1	1.0857688	
2022-02-23	12:13:30	8.02614e-1	9.21460e-2	-4.55734e1	5.15667e1	1.12361e2	2.7102231e-4	9.6470117e-4	1.2068040e1	1.0857628	
2022-02-23	12:13:30	8.67269e-1	9.40463e-2	-4.53884e1	5.15667e1	1.12361e2	2.9283761e-4	9.8443031e-4	1.2060487e1	1.0857628	
2022-02-23	12:13:31	9.84786e-1	9.37186e-2	-4.54200e1	5.15667e1	1.12361e2	3.3247470e-4	9.8103284e-4	1.2058808e1	1.0857603	
