"2022-02-23 at 12:0"
System_Date_(Y-M-D)	System_Time_(h:m:s)	CO₂_(µmol_mol⁻¹)	H₂O_(mmol_mol⁻¹)	H₂O_(°C)	Cell_Temperature_(°C)	Cell_Pressure_(kPa)	CO₂_Absorption	H₂O_Absorption	Input_Voltage_(V)	Flow_Rate_(L_min⁻¹)	
2022-02-23	12:0:44	7.82828e-1	9.34069e-2	-4.54956e1	5.15634e1	1.11800e2	2.6291608e-4	9.7292661e-4	1.2062165e1	1.0772095	
2022-02-23	12:0:45	6.29482e-1	9.47700e-2	-4.53643e1	5.15634e1	1.11799e2	2.1147727e-4	9.8699331e-4	1.2067201e1	1.0772887	
2022-02-23	12:0:45	6.29482e-1	9.47700e-2	-4.53643e1	5.15634e1	1.11799e2	2.1147727e-4	9.8699331e-4	1.2067201e1	1.0772887	
2022-02-23	12:0:46	1.01884	9.42588e-2	-4.54135e1	5.15701e1	1.11798e2	3.4207105e-4	9.8168849e-4	1.2057969e1	1.0772551	
2022-02-23	12:0:46	7.26683e-1	9.68663e-2	-4.51656e1	5.15667e1	1.11799e2	2.4408102e-4	1.0086297e-3	1.2071397e1	1.0773864	
2022-02-23	12:0:47	5.66342e-1	9.83272e-2	-4.50295e1	5.15667e1	1.11799e2	1.9025802e-4	1.0237097e-3	1.2054612e1	1.0772246	
2022-02-23	12:0:47	6.81432e-1	9.79713e-2	-4.50626e1	5.15701e1	1.11798e2	2.2888183e-4	1.0200142e-3	1.2058808e1	1.0772935	
2022-02-23	12:0:48	7.50471e-1	9.32346e-2	-4.55124e1	5.15634e1	1.11799e2	2.5206804e-4	9.7113847e-4	1.2060487e1	1.0773942	
2022-02-23	12:0:48	8.59599e-1	9.30948e-2	-4.55259e1	5.15600e1	1.11800e2	2.8866529e-4	9.6970796e-4	1.2062165e1	1.0774277	
2022-02-23	12:0:49	8.07657e-1	9.70599e-2	-4.51474e1	5.15600e1	1.11800e2	2.7126073e-4	1.0106563e-3	1.2057969e1	1.0773198	
2022-02-23	12:0:49	8.25961e-1	9.59308e-2	-4.52538e1	5.15667e1	1.11799e2	2.7740001e-4	9.9897384e-4	1.2058808e1	1.0770794	
2022-02-23	12:0:50	9.71166e-1	9.51973e-2	-4.53235e1	5.15667e1	1.11800e2	3.2609701e-4	9.9140405e-4	1.2057969e1	1.0773558	
2022-02-23	12:0:50	8.94888e-1	9.66615e-2	-4.51847e1	5.15634e1	1.11801e2	3.0052661e-4	1.0065436e-3	1.2064683e1	1.0771609	
2022-02-23	12:0:51	8.42683e-1	9.66001e-2	-4.51907e1	5.15634e1	1.11798e2	2.8300285e-4	1.0058879e-3	1.2059648e1	1.0772269	
2022-02-23	12:0:51	9.80366e-1	9.57893e-2	-4.52670e1	5.15634e1	1.11801e2	3.2919645e-4	9.9754333e-4	1.2057130e1	1.0772755	
2022-02-23	12:0:52	7.53462e-1	9.52182e-2	-4.53213e1	5.15667e1	1.11802e2	2.5308132e-4	9.9164247e-4	1.2058808e1	1.0771009	
2022-02-23	12:0:52	5.24849e-1	9.41176e-2	-4.54269e1	5.15667e1	1.11800e2	1.7631053e-4	9.8025798e-4	1.2075593e1	1.0772005	
2022-02-23	12:0:53	7.04435e-1	9.55298e-2	-4.52917e1	5.15634e1	1.11801e2	2.3663043e-4	9.9486112e-4	1.2059648e1	1.0771508	
2022-02-23	12:0:53	7.53521e-1	9.79801e-2	-4.50617e1	5.15634e1	1.11798e2	2.5308132e-4	1.0201334e-3	1.2060487e1	1.0773079	
2022-02-23	12:0:54	5.84034e-1	9.53210e-2	-4.53120e1	5.15634e1	1.11795e2	1.9621849e-4	9.9265575e-4	1.2069718e1	1.0773031	
2022-02-23	12:0:54	5.06692e-1	9.31046e-2	-4.55253e1	5.15634e1	1.11796e2	1.7023086e-4	9.6976757e-4	1.2063844e1	1.0771580	
2022-02-23	12:0:55	8.00411e-1	9.55096e-2	-4.52938e1	5.15667e1	1.11799e2	2.6881694e-4	9.9462270e-4	1.2071397e1	1.0771706	
2022-02-23	12:0:55	9.04875e-1	9.57154e-2	-4.52741e1	5.15634e1	1.11800e2	3.0386447e-4	9.9676847e-4	1.2060487e1	1.0772545	
2022-02-23	12:0:56	7.69528e-1	9.43942e-2	-4.54004e1	5.15600e1	1.11798e2	2.5844573e-4	9.8311901e-4	1.2059648e1	1.0770740	
2022-02-23	12:0:56	6.19628e-1	9.59702e-2	-4.52501e1	5.15634e1	1.11799e2	2.0813941e-4	9.9939107e-4	1.2063004e1	1.0772054	
2022-02-23	12:0:57	7.86138e-1	9.89333e-2	-4.49736e1	5.15634e1	1.11798e2	2.6404857e-4	1.0299682e-3	1.2060487e1	1.0774260	
2022-02-23	12:0:57	9.04875e-1	9.58383e-2	-4.52626e1	5.15634e1	1.11798e2	3.0386447e-4	9.9802017e-4	1.2076432e1	1.0773900	
2022-02-23	12:0:58	7.08520e-1	9.51555e-2	-4.53274e1	5.15634e1	1.11800e2	2.3800134e-4	9.9098682e-4	1.2059648e1	1.0771735	
2022-02-23	12:0:58	7.08520e-1	9.51555e-2	-4.53274e1	5.15634e1	1.11800e2	2.3800134e-4	9.9098682e-4	1.2059648e1	1.0771735	
2022-02-23	12:0:59	6.75199e-1	9.53287e-2	-4.53108e1	5.15667e1	1.11801e2	2.2679567e-4	9.9277496e-4	1.2062165e1	1.0773576	
2022-02-23	12:0:59	8.43487e-1	9.46340e-2	-4.53773e1	5.15734e1	1.11799e2	2.8324127e-4	9.8556280e-4	1.2058808e1	1.0772413	
2022-02-23	12:1:00	8.39856e-1	9.78692e-2	-4.50716e1	5.15734e1	1.11803e2	2.8204917e-4	1.0190010e-3	1.2061326e1	1.0772670	
2022-02-23	12:1:00	7.95872e-1	9.78823e-2	-4.50707e1	5.15667e1	1.11799e2	2.6726722e-4	1.0191202e-3	1.2073915e1	1.0772323	
2022-02-23	12:1:01	8.80101e-1	9.42417e-2	-4.54148e1	5.15634e1	1.11802e2	2.9557943e-4	9.8156929e-4	1.2058808e1	1.0772796	
2022-02-23	12:1:01	9.02548e-1	9.41435e-2	-4.54241e1	5.15667e1	1.11803e2	3.0308961e-4	9.8055601e-4	1.2058808e1	1.0773636	
2022-02-23	12:1:02	6.84731e-1	9.48724e-2	-4.53543e1	5.15667e1	1.11802e2	2.3001432e-4	9.8806619e-4	1.2068879e1	1.0774810	
2022-02-23	12:1:02	7.84775e-1	9.70046e-2	-4.51522e1	5.15634e1	1.11804e2	2.6357173e-4	1.0101199e-3	1.2063844e1	1.0774846	
2022-02-23	12:1:03	1.01455	9.80129e-2	-4.50584e1	5.15667e1	1.11802e2	3.4064054e-4	1.0204911e-3	1.2060487e1	1.0773911	
2022-02-23	12:1:03	8.21080e-1	9.57736e-2	-4.52682e1	5.15600e1	1.11805e2	2.7579069e-4	9.9742412e-4	1.2061326e1	1.0775451	
2022-02-23	12:1:04	7.70379e-1	9.63694e-2	-4.52124e1	5.15634e1	1.11798e2	2.5874376e-4	1.0035037e-3	1.2069718e1	1.0774530	
2022-02-23	12:1:04	8.14621e-1	9.66335e-2	-4.51873e1	5.15701e1	1.11802e2	2.7358531e-4	1.0062456e-3	1.2062165e1	1.0772808	
2022-02-23	12:1:05	9.21562e-1	9.74403e-2	-4.51115e1	5.15701e1	1.11804e2	3.0946731e-4	1.0145902e-3	1.2057130e1	1.0772454	
2022-02-23	12:1:05	6.66512e-1	9.83310e-2	-4.50289e1	5.15667e1	1.11801e2	2.2387504e-4	1.0237693e-3	1.2053773e1	1.0774655	
2022-02-23	12:1:06	5.13052e-1	1.00135e-1	-4.48629e1	5.15667e1	1.11804e2	1.7237663e-4	1.0424256e-3	1.2058808e1	1.0774857	
2022-02-23	12:1:06	7.56908e-1	9.90759e-2	-4.49601e1	5.15701e1	1.11802e2	2.5421380e-4	1.0314583e-3	1.2060487e1	1.0773606	
2022-02-23	12:1:07	9.03587e-1	9.53275e-2	-4.53108e1	5.15667e1	1.11802e2	3.0344724e-4	9.9277496e-4	1.2058808e1	1.0774762	
2022-02-23	12:1:07	7.75039e-1	9.34803e-2	-4.54884e1	5.15600e1	1.11801e2	2.6029348e-4	9.7370147e-4	1.2060487e1	1.0774756	
2022-02-23	12:1:08	5.00793e-1	9.74778e-2	-4.51085e1	5.15634e1	1.11798e2	1.6826391e-4	1.0149478e-3	1.2071397e1	1.0772719	
2022-02-23	12:1:08	6.22934e-1	9.54312e-2	-4.53010e1	5.15634e1	1.11802e2	2.0927190e-4	9.9384784e-4	1.2061326e1	1.0772652	
2022-02-23	12:1:09	7.76408e-1	9.23413e-2	-4.55991e1	5.15634e1	1.11805e2	2.6077032e-4	9.6195936e-4	1.2061326e1	1.0773305	
2022-02-23	12:1:09	6.43170e-1	9.70217e-2	-4.51510e1	5.15667e1	1.11799e2	2.1606683e-4	1.0102391e-3	1.2056291e1	1.0773030	
2022-02-23	12:1:10	6.64177e-1	9.69143e-2	-4.51608e1	5.15667e1	1.11803e2	2.2310018e-4	1.0091662e-3	1.2057969e1	1.0772478	
2022-02-23	12:1:10	8.01966e-1	9.38391e-2	-4.54536e1	5.15667e1	1.11802e2	2.6935338e-4	9.7739696e-4	1.2056291e1	1.0774618	
2022-02-23	12:1:11	8.68233e-1	9.34383e-2	-4.54922e1	5.15634e1	1.11804e2	2.9158592e-4	9.7328424e-4	1.2060487e1	1.0774701	
2022-02-23	12:1:11	1.14058	9.65987e-2	-4.51906e1	5.15667e1	1.11801e2	3.8290023e-4	1.0058879e-3	1.2058808e1	1.0774295	
2022-02-23	12:1:12	1.03426	9.77856e-2	-4.50794e1	5.15634e1	1.11803e2	3.4725666e-4	1.0181665e-3	1.2057130e1	1.0772682	
2022-02-23	12:1:12	8.59535e-1	9.67284e-2	-4.51783e1	5.15600e1	1.11802e2	2.8866529e-4	1.0072588e-3	1.2064683e1	1.0773155	
2022-02-23	12:1:13	1.34817	9.54932e-2	-4.52950e1	5.15634e1	1.11803e2	4.5245885e-4	9.9450349e-4	1.2064683e1	1.0774097	
2022-02-23	12:1:13	9.08580e-1	9.32440e-2	-4.55112e1	5.15667e1	1.11803e2	3.0511617e-4	9.7125768e-4	1.2068879e1	1.0774481	
2022-02-23	12:1:14	6.18147e-1	1.09237e-1	-4.40666e1	5.15667e1	1.11802e2	2.0766258e-4	1.1362433e-3	1.2059648e1	1.0773978	
2022-02-23	12:1:14	6.84600e-1	1.16536e-1	-4.34701e1	5.15634e1	1.11803e2	2.2995471e-4	1.2114048e-3	1.2061326e1	1.0773131	
2022-02-23	12:1:15	7.53973e-1	9.30958e-2	-4.55253e1	5.15634e1	1.11806e2	2.5326013e-4	9.6976757e-4	1.2057969e1	1.0772603	
2022-02-23	12:1:15	7.53973e-1	9.30958e-2	-4.55253e1	5.15634e1	1.11806e2	2.5326013e-4	9.6976757e-4	1.2057969e1	1.0772603	
2022-02-23	12:1:16	6.20606e-1	9.44940e-2	-4.53903e1	5.15667e1	1.11805e2	2.0849704e-4	9.8419189e-4	1.2071397e1	1.0773102	
2022-02-23	12:1:16	6.61130e-1	9.73651e-2	-4.51186e1	5.15667e1	1.11803e2	2.2208690e-4	1.0138154e-3	1.2058808e1	1.0774031	
2022-02-23	12:1:17	7.38022e-1	9.59901e-2	-4.52479e1	5.15634e1	1.11803e2	2.4789571e-4	9.9962949e-4	1.2059648e1	1.0775020	
2022-02-23	12:1:17	6.64882e-1	9.25880e-2	-4.55754e1	5.15634e1	1.11800e2	2.2333860e-4	9.6446275e-4	1.2060487e1	1.0774277	
2022-02-23	12:1:18	7.90221e-1	9.48690e-2	-4.53544e1	5.15634e1	1.11804e2	2.6541948e-4	9.8806619e-4	1.2058808e1	1.0773869	
2022-02-23	12:1:18	7.90221e-1	9.48690e-2	-4.53544e1	5.15634e1	1.11804e2	2.6541948e-4	9.8806619e-4	1.2058808e1	1.0773869	
2022-02-23	12:1:19	6.70856e-1	9.83810e-2	-4.50241e1	5.15667e1	1.11803e2	2.2536516e-4	1.0243058e-3	1.2058808e1	1.0773648	
2022-02-23	12:1:19	7.31093e-1	9.81633e-2	-4.50439e1	5.15667e1	1.11808e2	2.4557113e-4	1.0221004e-3	1.2058808e1	1.0774779	
2022-02-23	12:1:20	7.41929e-1	9.75793e-2	-4.50986e1	5.15701e1	1.11803e2	2.4920701e-4	1.0160207e-3	1.2058808e1	1.0774366	
2022-02-23	12:1:20	8.75506e-1	9.60759e-2	-4.52396e1	5.15667e1	1.11805e2	2.9402971e-4	1.0005235e-3	1.2057969e1	1.0774204	
2022-02-23	12:1:21	8.31076e-1	9.73810e-2	-4.51171e1	5.15634e1	1.11803e2	2.7912855e-4	1.0139942e-3	1.2060487e1	1.0774006	
2022-02-23	12:1:21	8.31076e-1	9.73810e-2	-4.51171e1	5.15634e1	1.11803e2	2.7912855e-4	1.0139942e-3	1.2060487e1	1.0774006	
2022-02-23	12:1:22	9.12473e-1	9.86866e-2	-4.49958e1	5.15667e1	1.11804e2	3.0642747e-4	1.0274648e-3	1.2059648e1	1.0775421	
2022-02-23	12:1:22	9.35950e-1	9.81926e-2	-4.50412e1	5.15667e1	1.11807e2	3.1429529e-4	1.0223984e-3	1.2057969e1	1.0775343	
2022-02-23	12:1:23	8.85428e-1	9.52152e-2	-4.53213e1	5.15667e1	1.11805e2	2.9736757e-4	9.9164247e-4	1.2060487e1	1.0774527	
2022-02-23	12:1:23	6.10875e-1	9.60014e-2	-4.52468e1	5.15634e1	1.11803e2	2.0521879e-4	9.9974870e-4	1.2073915e1	1.0775188	
2022-02-23	12:1:24	6.60021e-1	9.67658e-2	-4.51750e1	5.15634e1	1.11800e2	2.2172927e-4	1.0076165e-3	1.2070558e1	1.0775589	
2022-02-23	12:1:24	7.32130e-1	9.68841e-2	-4.51635e1	5.15667e1	1.11805e2	2.4592876e-4	1.0088682e-3	1.2059648e1	1.0774474	
2022-02-23	12:1:25	7.86720e-1	9.59293e-2	-4.52534e1	5.15634e1	1.11806e2	2.6422739e-4	9.9903345e-4	1.2062165e1	1.0775660	
2022-02-23	12:1:25	8.67909e-1	9.56561e-2	-4.52796e1	5.15634e1	1.11802e2	2.9146671e-4	9.9617242e-4	1.2073915e1	1.0775338	
2022-02-23	12:1:26	7.39968e-1	9.65077e-2	-4.51988e1	5.15634e1	1.11805e2	2.4855136e-4	1.0049939e-3	1.2063004e1	1.0778057	
2022-02-23	12:1:26	1.12442	9.37712e-2	-4.54604e1	5.15634e1	1.11799e2	3.7747621e-4	9.7668170e-4	1.2063844e1	1.0737103	
2022-02-23	12:1:27	7.04695e-1	9.94162e-2	-4.49332e1	5.15634e1	1.11749e2	2.3657083e-4	1.0344982e-3	1.2062165e1	1.0766093	
2022-02-23	12:1:27	4.16717e-1	9.97411e-2	-4.48999e1	5.15634e1	1.11793e2	1.4001131e-4	1.0382533e-3	1.2059648e1	1.0773535	
2022-02-23	12:1:28	1.02803	9.25472e-2	-4.55793e1	5.15634e1	1.11800e2	3.4517049e-4	9.6404552e-4	1.2057969e1	1.0775692	
2022-02-23	12:1:28	9.08895e-1	9.49398e-2	-4.53467e1	5.15634e1	1.11816e2	3.0523538e-4	9.8890066e-4	1.2057969e1	1.0781033	
2022-02-23	12:1:29	8.41135e-1	9.64553e-2	-4.52031e1	5.15667e1	1.11813e2	2.8252601e-4	1.0045170e-3	1.2059648e1	1.0777031	
2022-02-23	12:1:29	8.26942e-1	9.67595e-2	-4.51748e1	5.15701e1	1.11810e2	2.7775764e-4	1.0076165e-3	1.2061326e1	1.0777200	
2022-02-23	12:1:30	9.06896e-1	9.86568e-2	-4.49980e1	5.15667e1	1.11811e2	3.0457973e-4	1.0272264e-3	1.2063004e1	1.0777935	
2022-02-23	12:1:30	9.15771e-1	9.92824e-2	-4.49407e1	5.15634e1	1.11808e2	3.0755996e-4	1.0336637e-3	1.2058808e1	1.0775576	
2022-02-23	12:1:31	8.51373e-1	9.62293e-2	-4.52250e1	5.15634e1	1.11807e2	2.8592348e-4	1.0021328e-3	1.2059648e1	1.0773401	
2022-02-23	12:1:31	8.50919e-1	9.64613e-2	-4.52032e1	5.15634e1	1.11805e2	2.8580427e-4	1.0045170e-3	1.2059648e1	1.0774090	
2022-02-23	12:1:32	9.32106e-1	1.00944e-1	-4.47898e1	5.15600e1	1.11802e2	3.1298398e-4	1.0507702e-3	1.2057969e1	1.0773155	
2022-02-23	12:1:32	9.83231e-1	9.82022e-2	-4.50407e1	5.15667e1	1.11803e2	3.3015012e-4	1.0224580e-3	1.2064683e1	1.0776985	
2022-02-23	12:1:33	8.02811e-1	9.72499e-2	-4.51289e1	5.15667e1	1.11809e2	2.6965141e-4	1.0126829e-3	1.2059648e1	1.0777325	
2022-02-23	12:1:33	7.48722e-1	9.77534e-2	-4.50821e1	5.15634e1	1.11807e2	2.5147199e-4	1.0178685e-3	1.2073075e1	1.0776368	
2022-02-23	12:1:34	6.89464e-1	9.45691e-2	-4.53825e1	5.15667e1	1.11812e2	2.3162364e-4	9.8502635e-4	1.2056291e1	1.0777990	
2022-02-23	12:1:34	8.37310e-1	9.72221e-2	-4.51316e1	5.15667e1	1.11808e2	2.8121471e-4	1.0123848e-3	1.2075593e1	1.0777117	
2022-02-23	12:1:35	8.72136e-1	1.00571e-1	-4.48231e1	5.15667e1	1.11808e2	2.9289722e-4	1.0469555e-3	1.2058808e1	1.0776937	
2022-02-23	12:1:35	8.72644e-1	9.66549e-2	-4.51847e1	5.15634e1	1.11808e2	2.9307603e-4	1.0065436e-3	1.2060487e1	1.0777271	
2022-02-23	12:1:36	1.09440	9.24943e-2	-4.55837e1	5.15667e1	1.11809e2	3.6746263e-4	9.6356868e-4	1.2062165e1	1.0776864	
2022-02-23	12:1:36	9.04819e-1	9.63498e-2	-4.52134e1	5.15667e1	1.11808e2	3.0386447e-4	1.0033845e-3	1.2068040e1	1.0777349	
2022-02-23	12:1:37	7.45870e-1	1.00008e-1	-4.48746e1	5.15634e1	1.11804e2	2.5051832e-4	1.0411143e-3	1.2064683e1	1.0775499	
2022-02-23	12:1:37	7.88349e-1	9.58389e-2	-4.52626e1	5.15667e1	1.11799e2	2.6476383e-4	9.9802017e-4	1.2057130e1	1.0770188	
2022-02-23	12:1:38	7.88349e-1	9.58389e-2	-4.52626e1	5.15667e1	1.11799e2	2.6476383e-4	9.9802017e-4	1.2057130e1	1.0770188	
2022-02-23	12:1:38	6.89593e-1	9.30222e-2	-4.55336e1	5.15667e1	1.11792e2	2.3162364e-4	9.6887350e-4	1.2059648e1	1.0767983	
2022-02-23	12:1:39	6.72087e-1	9.69867e-2	-4.51554e1	5.15667e1	1.11787e2	2.2572278e-4	1.0097622e-3	1.2072236e1	1.0768247	
2022-02-23	12:1:39	8.53263e-1	9.77992e-2	-4.50793e1	5.15667e1	1.11789e2	2.8651952e-4	1.0181665e-3	1.2059648e1	1.0768061	
2022-02-23	12:1:40	-6.70265	1.27481e-1	-4.26331e1	5.15667e1	1.11843e2	-2.2749900e-3	1.3243556e-3	1.2058808e1	1.0869131	
2022-02-23	12:1:40	-3.67552e1	2.66711e-2	-5.61720e1	5.15667e1	1.12573e2	-1.3108611e-2	2.8139352e-4	1.2062165e1	1.0847133	
2022-02-23	12:1:41	1.41830e3	4.82552e-1	-2.93668e1	5.15634e1	1.12069e2	2.0156276e-1	4.8758983e-3	1.2060487e1	1.0838007	
2022-02-23	12:1:41	3.03017e3	7.01921e-1	-2.53261e1	5.15667e1	1.11926e2	2.9256744e-1	6.9627761e-3	1.2057969e1	1.0805494	
2022-02-23	12:1:42	4.62357e2	1.96798e-1	-3.84968e1	5.15701e1	1.11864e2	1.0113489e-1	2.0325779e-3	1.2058808e1	1.0788302	
2022-02-23	12:1:42	1.16358e2	9.50866e-2	-4.53316e1	5.15701e1	1.11829e2	3.4025847e-2	9.9050998e-4	1.2057130e1	1.0781316	
2022-02-23	12:1:43	8.09101e1	1.03427e-1	-4.45670e1	5.15634e1	1.11812e2	2.4607300e-2	1.0764598e-3	1.2059648e1	1.0776205	
2022-02-23	12:1:43	6.75972e1	1.09927e-1	-4.40084e1	5.15634e1	1.11805e2	2.0877480e-2	1.1433959e-3	1.2068879e1	1.0774359	
2022-02-23	12:1:44	5.34826e1	1.07693e-1	-4.41969e1	5.15667e1	1.11808e2	1.6798615e-2	1.1203885e-3	1.2058808e1	1.0775319	
2022-02-23	12:1:44	4.02371e1	1.05569e-1	-4.43800e1	5.15667e1	1.11803e2	1.2844204e-2	1.0984539e-3	1.2066361e1	1.0772197	
2022-02-23	12:1:45	2.98406e1	1.05490e-1	-4.43866e1	5.15634e1	1.11807e2	9.6506481e-3	1.0976791e-3	1.2062165e1	1.0774030	
2022-02-23	12:1:45	2.18442e1	1.00747e-1	-4.48073e1	5.15667e1	1.11805e2	7.1368217e-3	1.0487437e-3	1.2073915e1	1.0773719	
2022-02-23	12:1:46	1.62240e1	1.01389e-1	-4.47494e1	5.15667e1	1.11804e2	5.3392052e-3	1.0553598e-3	1.2059648e1	1.0776835	
2022-02-23	12:1:46	1.21611e1	1.03400e-1	-4.45700e1	5.15667e1	1.11804e2	4.0234327e-3	1.0761022e-3	1.2060487e1	1.0774666	
2022-02-23	12:1:47	9.79752	1.00107e-1	-4.48655e1	5.15701e1	1.11805e2	3.2514929e-3	1.0421276e-3	1.2068879e1	1.0772202	
2022-02-23	12:1:47	7.81188	9.80230e-2	-4.50579e1	5.15634e1	1.11795e2	2.5991201e-3	1.0205507e-3	1.2059648e1	1.0768713	
2022-02-23	12:1:48	5.33178	9.49762e-2	-4.53451e1	5.15600e1	1.11793e2	1.7797946e-3	9.8907947e-4	1.2073075e1	1.0767599	
2022-02-23	12:1:48	3.91247	1.11875e-1	-4.38479e1	5.15634e1	1.11791e2	1.3084411e-3	1.1633038e-3	1.2062165e1	1.0768505	
2022-02-23	12:1:49	2.96876	1.19691e-1	-4.32235e1	5.15600e1	1.11794e2	9.9414587e-4	1.2437701e-3	1.2071397e1	1.0765522	
2022-02-23	12:1:49	2.19358	1.06576e-1	-4.42947e1	5.15600e1	1.11782e2	7.3522329e-4	1.1086463e-3	1.2056291e1	1.0760645	
2022-02-23	12:1:50	1.81369	1.01376e-1	-4.47531e1	5.15667e1	1.11774e2	6.0814619e-4	1.0549426e-3	1.2057969e1	1.0756605	
2022-02-23	12:1:50	1.66311	1.02157e-1	-4.46835e1	5.15667e1	1.11767e2	5.5772066e-4	1.0629296e-3	1.2069718e1	1.0759735	
2022-02-23	12:1:51	1.23433	1.01814e-1	-4.47131e1	5.15667e1	1.11782e2	4.1425228e-4	1.0595321e-3	1.2069718e1	1.0771871	
2022-02-23	12:1:51	1.18185	9.75180e-2	-4.51045e1	5.15701e1	1.11801e2	3.9672851e-4	1.0153651e-3	1.2058808e1	1.0778442	
2022-02-23	12:1:52	1.45072	9.87029e-2	-4.49936e1	5.15701e1	1.11812e2	4.8685073e-4	1.0277032e-3	1.2060487e1	1.0780662	
2022-02-23	12:1:52	1.06022	9.63926e-2	-4.52086e1	5.15667e1	1.11819e2	3.5601854e-4	1.0039210e-3	1.2058808e1	1.0783222	
2022-02-23	12:1:53	9.01114e-1	9.71951e-2	-4.51328e1	5.15634e1	1.11824e2	3.0267238e-4	1.0122656e-3	1.2059648e1	1.0783419	
2022-02-23	12:1:53	1.09646	9.93861e-2	-4.49301e1	5.15634e1	1.11821e2	3.6817789e-4	1.0348558e-3	1.2070558e1	1.0784102	
2022-02-23	12:1:54	1.23639	1.00589e-1	-4.48205e1	5.15634e1	1.11819e2	4.1508674e-4	1.0472536e-3	1.2058808e1	1.0783056	
2022-02-23	12:1:54	1.23639	1.00589e-1	-4.48205e1	5.15634e1	1.11819e2	4.1508674e-4	1.0472536e-3	1.2058808e1	1.0783056	
2022-02-23	12:1:55	1.05717	9.93287e-2	-4.49353e1	5.15667e1	1.11822e2	3.5500526e-4	1.0342597e-3	1.2057969e1	1.0782090	
2022-02-23	12:1:55	9.40101e-1	9.80108e-2	-4.50573e1	5.15667e1	1.11817e2	3.1572580e-4	1.0206103e-3	1.2059648e1	1.0783050	
2022-02-23	12:1:56	1.08161	9.91482e-2	-4.49523e1	5.15634e1	1.11816e2	3.6317110e-4	1.0323524e-3	1.2060487e1	1.0780314	
2022-02-23	12:1:56	1.17270	9.95259e-2	-4.49173e1	5.15667e1	1.11821e2	3.9374828e-4	1.0362863e-3	1.2062165e1	1.0782587	
2022-02-23	12:1:57	1.02610	9.69374e-2	-4.51575e1	5.15667e1	1.11817e2	3.4457445e-4	1.0095238e-3	1.2073915e1	1.0782535	
2022-02-23	12:1:57	1.02610	9.69374e-2	-4.51575e1	5.15667e1	1.11817e2	3.4457445e-4	1.0095238e-3	1.2073915e1	1.0782535	
2022-02-23	12:1:58	1.02882	9.87583e-2	-4.49884e1	5.15667e1	1.11814e2	3.4546852e-4	1.0282993e-3	1.2060487e1	1.0781668	
2022-02-23	12:1:58	9.20709e-1	9.80623e-2	-4.50525e1	5.15667e1	1.11818e2	3.0922889e-4	1.0211467e-3	1.2059648e1	1.0781859	
2022-02-23	12:1:59	8.63509e-1	9.69836e-2	-4.51532e1	5.15667e1	1.11817e2	2.9003620e-4	1.0100007e-3	1.2057969e1	1.0779390	
2022-02-23	12:1:59	8.50151e-1	9.91257e-2	-4.49544e1	5.15667e1	1.11817e2	2.8556585e-4	1.0321140e-3	1.2062165e1	1.0780379	
2022-02-23	12:2:00	8.95676e-1	9.75491e-2	-4.51003e1	5.15667e1	1.11817e2	3.0082464e-4	1.0158419e-3	1.2059648e1	1.0782613	
2022-02-23	12:2:00	8.95676e-1	9.75491e-2	-4.51003e1	5.15667e1	1.11817e2	3.0082464e-4	1.0158419e-3	1.2059648e1	1.0782613	
2022-02-23	12:2:01	7.15004e-1	9.58223e-2	-4.52627e1	5.15634e1	1.11817e2	2.4020671e-4	9.9802017e-4	1.2058808e1	1.0780289	
2022-02-23	12:2:01	8.32372e-1	9.52441e-2	-4.53175e1	5.15634e1	1.11818e2	2.7960538e-4	9.9205970e-4	1.2073915e1	1.0780408	
2022-02-23	12:2:02	9.83610e-1	9.80724e-2	-4.50515e1	5.15634e1	1.11818e2	3.3032894e-4	1.0212659e-3	1.2058808e1	1.0781385	
2022-02-23	12:2:02	9.48986e-1	9.75282e-2	-4.51025e1	5.15667e1	1.11814e2	3.1870603e-4	1.0156035e-3	1.2066361e1	1.0781565	
2022-02-23	12:2:03	8.14807e-1	9.50859e-2	-4.53328e1	5.15667e1	1.11815e2	2.7370452e-4	9.9039077e-4	1.2057130e1	1.0781260	
2022-02-23	12:2:03	7.27849e-1	9.44940e-2	-4.53897e1	5.15667e1	1.11812e2	2.4449825e-4	9.8425149e-4	1.2073075e1	1.0779339	
2022-02-23	12:2:04	6.12755e-1	9.43486e-2	-4.54037e1	5.15634e1	1.11812e2	2.0587444e-4	9.8276138e-4	1.2060487e1	1.0780763	
2022-02-23	12:2:04	5.76708e-1	9.57281e-2	-4.52720e1	5.15634e1	1.11812e2	1.9377470e-4	9.9700689e-4	1.2057969e1	1.0779428	
2022-02-23	12:2:05	7.03397e-1	9.60120e-2	-4.52452e1	5.15634e1	1.11811e2	2.3627281e-4	9.9992752e-4	1.2057969e1	1.0781196	
2022-02-23	12:2:05	8.94379e-1	9.75260e-2	-4.51025e1	5.15667e1	1.11817e2	3.0040740e-4	1.0156035e-3	1.2057969e1	1.0778570	
2022-02-23	12:2:06	8.95166e-1	9.77459e-2	-4.50825e1	5.15701e1	1.11811e2	3.0064582e-4	1.0178089e-3	1.2058808e1	1.0780297	
2022-02-23	12:2:06	9.17012e-1	9.66140e-2	-4.51884e1	5.15667e1	1.11810e2	3.0797719e-4	1.0061264e-3	1.2064683e1	1.0778626	
2022-02-23	12:2:07	9.68044e-1	9.72909e-2	-4.51247e1	5.15634e1	1.11814e2	3.2508373e-4	1.0131597e-3	1.2068040e1	1.0780062	
2022-02-23	12:2:07	9.02605e-1	9.62485e-2	-4.52228e1	5.15634e1	1.11811e2	3.0314922e-4	1.0023713e-3	1.2063004e1	1.0781004	
2022-02-23	12:2:08	8.37625e-1	9.60883e-2	-4.52381e1	5.15634e1	1.11809e2	2.8133392e-4	1.0007023e-3	1.2073915e1	1.0779471	
2022-02-23	12:2:08	8.06563e-1	9.69634e-2	-4.51555e1	5.15634e1	1.11812e2	2.7090311e-4	1.0097622e-3	1.2058808e1	1.0778889	
2022-02-23	12:2:09	7.03146e-1	9.86557e-2	-4.49980e1	5.15667e1	1.11812e2	2.3621320e-4	1.0272264e-3	1.2057969e1	1.0777876	
2022-02-23	12:2:09	7.56114e-1	9.85357e-2	-4.50093e1	5.15634e1	1.11810e2	2.5397539e-4	1.0259747e-3	1.2058808e1	1.0779075	
2022-02-23	12:2:10	9.13501e-1	9.68848e-2	-4.51630e1	5.15634e1	1.11809e2	3.0678510e-4	1.0089278e-3	1.2059648e1	1.0778200	
2022-02-23	12:2:10	7.72649e-1	9.70835e-2	-4.51441e1	5.15634e1	1.11813e2	2.5951862e-4	1.0110139e-3	1.2062165e1	1.0779727	
2022-02-23	12:2:11	6.00573e-1	9.73665e-2	-4.51181e1	5.15667e1	1.11808e2	2.0176172e-4	1.0138750e-3	1.2058808e1	1.0779093	
2022-02-23	12:2:11	6.84537e-1	9.79088e-2	-4.50675e1	5.15667e1	1.11808e2	2.2995471e-4	1.0194778e-3	1.2058808e1	1.0778350	
2022-02-23	12:2:12	9.39777e-1	9.81393e-2	-4.50461e1	5.15667e1	1.11809e2	3.1560659e-4	1.0218620e-3	1.2057969e1	1.0779495	
2022-02-23	12:2:12	9.96538e-1	9.94031e-2	-4.49294e1	5.15701e1	1.11811e2	3.3462047e-4	1.0349154e-3	1.2057130e1	1.0777858	
2022-02-23	12:2:13	8.73821e-1	9.84036e-2	-4.50215e1	5.15667e1	1.11810e2	2.9349327e-4	1.0246038e-3	1.2062165e1	1.0778973	
2022-02-23	12:2:13	8.98788e-1	9.55277e-2	-4.52910e1	5.15667e1	1.11811e2	3.0183792e-4	9.9492073e-4	1.2058808e1	1.0779464	
2022-02-23	12:2:14	9.08320e-1	9.28794e-2	-4.55460e1	5.15667e1	1.11811e2	3.0505657e-4	9.6756219e-4	1.2060487e1	1.0778847	
2022-02-23	12:2:14	7.93544e-1	9.36842e-2	-4.54680e1	5.15701e1	1.11809e2	2.6655197e-4	9.7584724e-4	1.2059648e1	1.0780303	
2022-02-23	12:2:15	7.29601e-1	9.72684e-2	-4.51267e1	5.15667e1	1.11814e2	2.4509429e-4	1.0129213e-3	1.2060487e1	1.0779769	
2022-02-23	12:2:15	7.14753e-1	9.95620e-2	-4.49146e1	5.15667e1	1.11813e2	2.4008750e-4	1.0365843e-3	1.2073915e1	1.0779200	
2022-02-23	12:2:16	7.72130e-1	9.56199e-2	-4.52824e1	5.15634e1	1.11810e2	2.5933980e-4	9.9587440e-4	1.2058808e1	1.0779782	
2022-02-23	12:2:16	8.02411e-1	9.23896e-2	-4.55934e1	5.15634e1	1.11816e2	2.6953220e-4	9.6255540e-4	1.2073075e1	1.0779504	
2022-02-23	12:2:17	8.52985e-1	9.59744e-2	-4.52480e1	5.15600e1	1.11820e2	2.8651952e-4	9.9962949e-4	1.2059648e1	1.0778515	
2022-02-23	12:2:17	9.39163e-1	9.55784e-2	-4.52858e1	5.15567e1	1.11816e2	3.1542778e-4	9.9551677e-4	1.2058808e1	1.0781211	
2022-02-23	12:2:18	8.12519e-1	9.32869e-2	-4.55058e1	5.15600e1	1.11818e2	2.7292966e-4	9.7185373e-4	1.2058808e1	1.0779768	
2022-02-23	12:2:18	7.13577e-1	9.45510e-2	-4.53837e1	5.15634e1	1.11819e2	2.3972988e-4	9.8490715e-4	1.2061326e1	1.0780822	
2022-02-23	12:2:19	9.50932e-1	9.81329e-2	-4.50461e1	5.15667e1	1.11816e2	3.1936168e-4	1.0218620e-3	1.2058808e1	1.0779864	
2022-02-23	12:2:19	1.00768	9.50564e-2	-4.53356e1	5.15667e1	1.11816e2	3.3837556e-4	9.9009275e-4	1.2058808e1	1.0780684	
2022-02-23	12:2:20	7.85049e-1	9.36838e-2	-4.54675e1	5.15701e1	1.11816e2	2.6369094e-4	9.7590684e-4	1.2064683e1	1.0780314	
2022-02-23	12:2:20	1.38854	9.69400e-2	-4.51575e1	5.15667e1	1.11813e2	4.6604871e-4	1.0095238e-3	1.2059648e1	1.0781422	
2022-02-23	12:2:21	1.38854	9.69400e-2	-4.51575e1	5.15667e1	1.11813e2	4.6604871e-4	1.0095238e-3	1.2059648e1	1.0781422	
2022-02-23	12:2:21	1.55892	9.45559e-2	-4.53837e1	5.15634e1	1.11813e2	5.2309036e-4	9.8490715e-4	1.2061326e1	1.0781369	
2022-02-23	12:2:22	6.17033e-1	9.18738e-2	-4.56444e1	5.15634e1	1.11812e2	2.0730495e-4	9.5719099e-4	1.2059648e1	1.0779787	
2022-02-23	12:2:22	5.45974e-1	1.01930e-1	-4.46998e1	5.15600e1	1.11817e2	1.8346309e-4	1.0610818e-3	1.2060487e1	1.0780007	
2022-02-23	12:2:23	5.79572e-1	1.17240e-1	-4.34137e1	5.15667e1	1.11812e2	1.9472837e-4	1.2187361e-3	1.2066361e1	1.0780135	
2022-02-23	12:2:23	5.13695e-1	1.02731e-1	-4.46285e1	5.15634e1	1.11814e2	1.7261505e-4	1.0693073e-3	1.2060487e1	1.0780218	
2022-02-23	12:2:24	8.93003e-1	8.74991e-2	-4.60843e1	5.15634e1	1.11818e2	2.9993057e-4	9.1201066e-4	1.2071397e1	1.0779792	
2022-02-23	12:2:24	7.76158e-1	9.63347e-2	-4.52145e1	5.15667e1	1.11812e2	2.6071071e-4	1.0032653e-3	1.2058808e1	1.0778955	
2022-02-23	12:2:25	7.47369e-1	9.91333e-2	-4.49538e1	5.15667e1	1.11814e2	2.5105476e-4	1.0321736e-3	1.2063844e1	1.0779936	
2022-02-23	12:2:25	6.74156e-1	9.74331e-2	-4.51112e1	5.15634e1	1.11816e2	2.2649765e-4	1.0146498e-3	1.2060487e1	1.0780211	
2022-02-23	12:2:26	5.17973e-1	9.73574e-2	-4.51182e1	5.15634e1	1.11817e2	1.7404556e-4	1.0138750e-3	1.2057969e1	1.0779546	
2022-02-23	12:2:26	8.09676e-1	9.66330e-2	-4.51864e1	5.15634e1	1.11813e2	2.7197599e-4	1.0063648e-3	1.2058808e1	1.0780434	
2022-02-23	12:2:27	8.77369e-1	9.65525e-2	-4.51941e1	5.15600e1	1.11812e2	2.9468536e-4	1.0055303e-3	1.2068879e1	1.0779608	
2022-02-23	12:2:27	9.04162e-1	9.66702e-2	-4.51826e1	5.15634e1	1.11817e2	3.0368566e-4	1.0067820e-3	1.2057969e1	1.0780522	
2022-02-23	12:2:28	9.83478e-1	9.41355e-2	-4.54242e1	5.15634e1	1.11812e2	3.3026933e-4	9.8055601e-4	1.2059648e1	1.0781327	
2022-02-23	12:2:28	9.09748e-1	9.54294e-2	-4.53004e1	5.15667e1	1.11811e2	3.0553340e-4	9.9390745e-4	1.2070558e1	1.0778822	
2022-02-23	12:2:29	1.01261	9.76381e-2	-4.50922e1	5.15667e1	1.11814e2	3.4004449e-4	1.0167360e-3	1.2071397e1	1.0781038	
2022-02-23	12:2:29	1.12617	9.58978e-2	-4.52555e1	5.15634e1	1.11816e2	3.7813186e-4	9.9879503e-4	1.2064683e1	1.0779954	
2022-02-23	12:2:30	8.78998e-1	9.32295e-2	-4.55118e1	5.15634e1	1.11812e2	2.9522180e-4	9.7119808e-4	1.2073915e1	1.0781315	
2022-02-23	12:2:30	7.98715e-1	9.29436e-2	-4.55393e1	5.15634e1	1.11816e2	2.6828050e-4	9.6827745e-4	1.2057969e1	1.0779516	
2022-02-23	12:2:31	7.41646e-1	9.66727e-2	-4.51827e1	5.15600e1	1.11813e2	2.4914741e-4	1.0067820e-3	1.2059648e1	1.0780266	
2022-02-23	12:2:31	6.68976e-1	9.84614e-2	-4.50156e1	5.15667e1	1.11817e2	2.2476911e-4	1.0252594e-3	1.2058808e1	1.0780996	
2022-02-23	12:2:32	6.95170e-1	9.62206e-2	-4.52254e1	5.15667e1	1.11811e2	2.3353099e-4	1.0020732e-3	1.2058808e1	1.0778937	
2022-02-23	12:2:32	9.62476e-1	9.78473e-2	-4.50729e1	5.15667e1	1.11812e2	3.2323598e-4	1.0188817e-3	1.2058808e1	1.0781381	
2022-02-23	12:2:33	9.10786e-1	9.68401e-2	-4.51667e1	5.15667e1	1.11816e2	3.0589103e-4	1.0085105e-3	1.2075593e1	1.0779888	
2022-02-23	12:2:33	6.50748e-1	9.25654e-2	-4.55765e1	5.15634e1	1.11813e2	2.1862983e-4	9.6434354e-4	1.2070558e1	1.0779751	
2022-02-23	12:2:34	8.02218e-1	9.64705e-2	-4.52016e1	5.15634e1	1.11814e2	2.6947259e-4	1.0046958e-3	1.2060487e1	1.0780116	
2022-02-23	12:2:34	9.70519e-1	9.85906e-2	-4.50039e1	5.15667e1	1.11814e2	3.2591819e-4	1.0265707e-3	1.2070558e1	1.0780937	
2022-02-23	12:2:35	9.48986e-1	9.64645e-2	-4.52020e1	5.15667e1	1.11816e2	3.1870603e-4	1.0046362e-3	1.2058808e1	1.0780314	
2022-02-23	12:2:35	8.71161e-1	9.50745e-2	-4.53339e1	5.15667e1	1.11815e2	2.9259920e-4	9.9027156e-4	1.2058808e1	1.0780014	
2022-02-23	12:2:36	7.75121e-1	9.55600e-2	-4.52878e1	5.15667e1	1.11814e2	2.6035308e-4	9.9527835e-4	1.2057130e1	1.0779242	
2022-02-23	12:2:36	7.27979e-1	9.43975e-2	-4.53986e1	5.15667e1	1.11817e2	2.4455785e-4	9.8329782e-4	1.2057969e1	1.0780175	
2022-02-23	12:2:37	9.80624e-1	9.13521e-2	-4.56957e1	5.15634e1	1.11815e2	3.2931566e-4	9.5182657e-4	1.2063004e1	1.0779811	
2022-02-23	12:2:37	9.94125e-1	9.37243e-2	-4.54637e1	5.15667e1	1.11815e2	3.3384561e-4	9.7632408e-4	1.2057130e1	1.0779385	
2022-02-23	12:2:38	1.04304	9.78739e-2	-4.50701e1	5.15701e1	1.11816e2	3.5023689e-4	1.0191798e-3	1.2057969e1	1.0780930	
2022-02-23	12:2:38	7.15530e-1	9.56346e-2	-4.52806e1	5.15667e1	1.11814e2	2.4038553e-4	9.9605321e-4	1.2069718e1	1.0779757	
2022-02-23	12:2:39	6.07250e-1	9.25194e-2	-4.55809e1	5.15667e1	1.11814e2	2.0402669e-4	9.6386671e-4	1.2063844e1	1.0779882	
2022-02-23	12:2:39	6.07250e-1	9.25194e-2	-4.55809e1	5.15667e1	1.11814e2	2.0402669e-4	9.6386671e-4	1.2063844e1	1.0779882	
2022-02-23	12:2:40	8.41905e-1	9.76753e-2	-4.50886e1	5.15634e1	1.11817e2	2.8276443e-4	1.0171532e-3	1.2062165e1	1.0779211	
2022-02-23	12:2:40	8.55662e-1	9.75053e-2	-4.51046e1	5.15667e1	1.11814e2	2.8741359e-4	1.0153651e-3	1.2060487e1	1.0779331	
2022-02-23	12:2:41	9.22720e-1	9.75897e-2	-4.50965e1	5.15667e1	1.11817e2	3.0988454e-4	1.0162591e-3	1.2058808e1	1.0780558	
2022-02-23	12:2:41	9.41917e-1	9.68527e-2	-4.51657e1	5.15667e1	1.11814e2	3.1632184e-4	1.0086297e-3	1.2070558e1	1.0781027	
2022-02-23	12:2:42	8.74273e-1	9.47155e-2	-4.53687e1	5.15667e1	1.11809e2	2.9361248e-4	9.8651647e-4	1.2056291e1	1.0780357	
2022-02-23	12:2:42	8.74273e-1	9.47155e-2	-4.53687e1	5.15667e1	1.11809e2	2.9361248e-4	9.8651647e-4	1.2056291e1	1.0780357	
2022-02-23	12:2:43	6.08476e-1	9.46557e-2	-4.53743e1	5.15634e1	1.11811e2	2.0444393e-4	9.8592042e-4	1.2062165e1	1.0781016	
2022-02-23	12:2:43	6.09059e-1	9.32025e-2	-4.55146e1	5.15634e1	1.11810e2	2.0462274e-4	9.7090005e-4	1.2062165e1	1.0779176	
2022-02-23	12:2:44	6.98729e-1	9.52534e-2	-4.53175e1	5.15634e1	1.11807e2	2.3472309e-4	9.9205970e-4	1.2070558e1	1.0778321	
2022-02-23	12:2:44	8.42812e-1	9.53418e-2	-4.53087e1	5.15634e1	1.11811e2	2.8306245e-4	9.9301338e-4	1.2061326e1	1.0780709	
2022-02-23	12:2:45	9.22070e-1	9.47680e-2	-4.53637e1	5.15667e1	1.11809e2	3.0964612e-4	9.8705291e-4	1.2057130e1	1.0778596	
2022-02-23	12:2:45	9.22070e-1	9.47680e-2	-4.53637e1	5.15667e1	1.11809e2	3.0964612e-4	9.8705291e-4	1.2057130e1	1.0778596	
2022-02-23	12:2:46	9.68960e-1	9.30749e-2	-4.55269e1	5.15667e1	1.11812e2	3.2538175e-4	9.6958875e-4	1.2061326e1	1.0780428	
2022-02-23	12:2:46	9.58389e-1	9.47586e-2	-4.53643e1	5.15667e1	1.11813e2	3.2186508e-4	9.8699331e-4	1.2061326e1	1.0780098	
2022-02-23	12:2:47	8.12537e-1	9.49670e-2	-4.53444e1	5.15667e1	1.11812e2	2.7292966e-4	9.8913908e-4	1.2057969e1	1.0780404	
2022-02-23	12:2:47	9.63449e-1	9.69618e-2	-4.51554e1	5.15667e1	1.11815e2	3.2353401e-4	1.0097622e-3	1.2059648e1	1.0781530	
2022-02-23	12:2:48	8.96778e-1	9.64542e-2	-4.52031e1	5.15667e1	1.11814e2	3.0118227e-4	1.0045170e-3	1.2058808e1	1.0779397	
2022-02-23	12:2:48	8.94443e-1	9.69740e-2	-4.51543e1	5.15667e1	1.11814e2	3.0040740e-4	1.0098814e-3	1.2064683e1	1.0781207	
2022-02-23	12:2:49	6.98736e-1	9.64899e-2	-4.51998e1	5.15667e1	1.11813e2	2.3472309e-4	1.0048747e-3	1.2068040e1	1.0779547	
2022-02-23	12:2:49	6.32478e-1	9.57598e-2	-4.52690e1	5.15701e1	1.11811e2	2.1249055e-4	9.9730491e-4	1.2057969e1	1.0779836	
2022-02-23	12:2:50	8.05850e-1	9.79944e-2	-4.50590e1	5.15634e1	1.11815e2	2.7066469e-4	1.0204315e-3	1.2061326e1	1.0781003	
2022-02-23	12:2:50	7.18888e-1	1.00275e-1	-4.48495e1	5.15601e1	1.11814e2	2.4151802e-4	1.0439753e-3	1.2060487e1	1.0779421	
2022-02-23	12:2:51	6.88601e-1	9.76875e-2	-4.50877e1	5.15567e1	1.11813e2	2.3132562e-4	1.0172724e-3	1.2057130e1	1.0779086	
2022-02-23	12:2:51	8.04350e-1	9.55467e-2	-4.52890e1	5.15600e1	1.11814e2	2.7018785e-4	9.9515914e-4	1.2074754e1	1.0778983	
2022-02-23	12:2:52	9.19522e-1	9.57374e-2	-4.52710e1	5.15600e1	1.11813e2	3.0881166e-4	9.9712610e-4	1.2059648e1	1.0781872	
2022-02-23	12:2:52	7.33865e-1	9.51897e-2	-4.53231e1	5.15600e1	1.11813e2	2.4652481e-4	9.9146366e-4	1.2062165e1	1.0779840	
2022-02-23	12:2:53	8.73292e-1	9.63170e-2	-4.52157e1	5.15634e1	1.11819e2	2.9331445e-4	1.0031461e-3	1.2059648e1	1.0779833	
2022-02-23	12:2:53	1.01888	9.68589e-2	-4.51653e1	5.15600e1	1.11811e2	3.4213066e-4	1.0086894e-3	1.2073075e1	1.0780531	
2022-02-23	12:2:54	9.89510e-1	9.40304e-2	-4.54342e1	5.15634e1	1.11813e2	3.3229589e-4	9.7948312e-4	1.2062165e1	1.0780177	
2022-02-23	12:2:54	1.27137	9.23416e-2	-4.55984e1	5.15667e1	1.11812e2	4.2676925e-4	9.6201896e-4	1.2063004e1	1.0780392	
2022-02-23	12:2:55	1.52239	9.59763e-2	-4.52484e1	5.15634e1	1.11812e2	5.1087141e-4	9.9956989e-4	1.2058808e1	1.0781046	
2022-02-23	12:2:55	9.63707e-1	9.46415e-2	-4.53753e1	5.15667e1	1.11815e2	3.2365322e-4	9.8580121e-4	1.2057130e1	1.0780092	
2022-02-23	12:2:56	5.95515e-1	9.25134e-2	-4.55815e1	5.15667e1	1.11814e2	2.0009279e-4	9.6380710e-4	1.2060487e1	1.0780410	
2022-02-23	12:2:56	9.67333e-1	1.02492e-1	-4.46501e1	5.15634e1	1.11810e2	3.2484531e-4	1.0668039e-3	1.2059648e1	1.0779050	
2022-02-23	12:2:57	9.67333e-1	1.02492e-1	-4.46501e1	5.15634e1	1.11810e2	3.2484531e-4	1.0668039e-3	1.2059648e1	1.0779050	
2022-02-23	12:2:57	6.97114e-1	9.33285e-2	-4.55022e1	5.15667e1	1.11812e2	2.3418664e-4	9.7221136e-4	1.2057969e1	1.0780236	
2022-02-23	12:2:58	3.44056e-1	8.46738e-2	-4.63798e1	5.15667e1	1.11814e2	1.1563301e-4	8.8274478e-4	1.2057969e1	1.0780152	
2022-02-23	12:2:58	5.05531e-1	9.74696e-2	-4.51078e1	5.15667e1	1.11815e2	1.6987323e-4	1.0150074e-3	1.2067201e1	1.0778912	
2022-02-23	12:2:59	5.65564e-1	9.86422e-2	-4.49990e1	5.15667e1	1.11815e2	1.9001960e-4	1.0271072e-3	1.2059648e1	1.0781811	
2022-02-23	12:2:59	7.59478e-1	9.75928e-2	-4.50967e1	5.15600e1	1.11811e2	2.5510787e-4	1.0162591e-3	1.2057969e1	1.0780746	
2022-02-23	12:3:00	9.18420e-1	9.63780e-2	-4.52104e1	5.15600e1	1.11813e2	3.0845403e-4	1.0037422e-3	1.2060487e1	1.0778367	
2022-02-23	12:3:00	7.99243e-1	9.59458e-2	-4.52511e1	5.15667e1	1.11815e2	2.6845932e-4	9.9927186e-4	1.2059648e1	1.0780361	
2022-02-23	12:3:01	7.78420e-1	9.66952e-2	-4.51804e1	5.15634e1	1.11815e2	2.6148557e-4	1.0070204e-3	1.2070558e1	1.0780001	
2022-02-23	12:3:01	7.74335e-1	9.65011e-2	-4.51989e1	5.15634e1	1.11812e2	2.6011466e-4	1.0049939e-3	1.2066361e1	1.0780212	
2022-02-23	12:3:02	7.63376e-1	9.61266e-2	-4.52342e1	5.15634e1	1.11812e2	2.5641918e-4	1.0011196e-3	1.2058808e1	1.0779889	
2022-02-23	12:3:02	8.66613e-1	9.62777e-2	-4.52201e1	5.15634e1	1.11810e2	2.9104948e-4	1.0026693e-3	1.2060487e1	1.0780398	
2022-02-23	12:3:03	9.52163e-1	9.64271e-2	-4.52058e1	5.15667e1	1.11812e2	3.1977891e-4	1.0042190e-3	1.2058808e1	1.0779943	
2022-02-23	12:3:03	8.93016e-1	9.59520e-2	-4.52505e1	5.15667e1	1.11814e2	2.9993057e-4	9.9933147e-4	1.2070558e1	1.0778768	
2022-02-23	12:3:04	9.80301e-1	9.58636e-2	-4.52588e1	5.15634e1	1.11816e2	3.2919645e-4	9.9843740e-4	1.2057969e1	1.0781506	
2022-02-23	12:3:04	8.00849e-1	9.72186e-2	-4.51318e1	5.15600e1	1.11809e2	2.6899576e-4	1.0123848e-3	1.2059648e1	1.0778470	
2022-02-23	12:3:05	6.39922e-1	9.73764e-2	-4.51166e1	5.15634e1	1.11815e2	2.1499395e-4	1.0140538e-3	1.2058808e1	1.0779373	
2022-02-23	12:3:05	7.15529e-1	9.20787e-2	-4.56239e1	5.15667e1	1.11817e2	2.4038553e-4	9.5933675e-4	1.2060487e1	1.0779930	
2022-02-23	12:3:06	7.58973e-1	9.23754e-2	-4.55950e1	5.15667e1	1.11813e2	2.5492906e-4	9.6237659e-4	1.2059648e1	1.0780884	
2022-02-23	12:3:06	1.07669	9.38305e-2	-4.54536e1	5.15667e1	1.11812e2	3.6150217e-4	9.7739696e-4	1.2061326e1	1.0779428	
2022-02-23	12:3:07	9.38219e-1	9.50872e-2	-4.53328e1	5.15667e1	1.11813e2	3.1507015e-4	9.9039077e-4	1.2059648e1	1.0779985	
2022-02-23	12:3:07	6.97698e-1	9.44361e-2	-4.53952e1	5.15667e1	1.11812e2	2.3436546e-4	9.8365545e-4	1.2060487e1	1.0779865	
2022-02-23	12:3:08	9.08320e-1	9.34926e-2	-4.54860e1	5.15667e1	1.11816e2	3.0505657e-4	9.7393989e-4	1.2058808e1	1.0780146	
2022-02-23	12:3:08	9.53256e-1	9.66200e-2	-4.51874e1	5.15634e1	1.11815e2	3.2013654e-4	1.0062456e-3	1.2065522e1	1.0781158	
2022-02-23	12:3:09	7.88219e-1	9.49938e-2	-4.53416e1	5.15667e1	1.11815e2	2.6476383e-4	9.8943710e-4	1.2059648e1	1.0781092	
2022-02-23	12:3:09	8.26608e-1	9.43746e-2	-4.54008e1	5.15667e1	1.11817e2	2.7763843e-4	9.8305940e-4	1.2057969e1	1.0779469	
2022-02-23	12:3:10	8.50724e-1	9.39654e-2	-4.54403e1	5.15634e1	1.11815e2	2.8574466e-4	9.7882747e-4	1.2060487e1	1.0779104	
2022-02-23	12:3:10	7.46322e-1	9.42488e-2	-4.54131e1	5.15634e1	1.11814e2	2.5069713e-4	9.8174810e-4	1.2065522e1	1.0781385	
2022-02-23	12:3:11	7.62079e-1	9.60492e-2	-4.52413e1	5.15634e1	1.11814e2	2.5600194e-4	1.0003447e-3	1.2064683e1	1.0779666	
2022-02-23	12:3:11	8.35678e-1	9.25749e-2	-4.55754e1	5.15634e1	1.11815e2	2.8067827e-4	9.6446275e-4	1.2072236e1	1.0782235	
2022-02-23	12:3:12	7.09758e-1	9.26294e-2	-4.55702e1	5.15667e1	1.11813e2	2.3841857e-4	9.6499919e-4	1.2061326e1	1.0780535	
2022-02-23	12:3:12	7.05868e-1	9.49803e-2	-4.53433e1	5.15667e1	1.11810e2	2.3710727e-4	9.8925828e-4	1.2059648e1	1.0780410	
2022-02-23	12:3:13	8.96444e-1	9.68282e-2	-4.51679e1	5.15634e1	1.11815e2	3.0106306e-4	1.0083913e-3	1.2057969e1	1.0779834	
2022-02-23	12:3:13	1.00443	9.61412e-2	-4.52325e1	5.15667e1	1.11816e2	3.3730268e-4	1.0012984e-3	1.2059648e1	1.0780673	
2022-02-23	12:3:14	8.88411e-1	9.44532e-2	-4.53936e1	5.15667e1	1.11812e2	2.9838085e-4	9.8383426e-4	1.2070558e1	1.0780482	
2022-02-23	12:3:14	5.59469e-1	9.60189e-2	-4.52440e1	5.15667e1	1.11817e2	1.8799304e-4	1.0000467e-3	1.2064683e1	1.0780522	
2022-02-23	12:3:15	7.27128e-1	9.35481e-2	-4.54805e1	5.15634e1	1.11817e2	2.4425983e-4	9.7453594e-4	1.2059648e1	1.0779714	
2022-02-23	12:3:15	7.27128e-1	9.35481e-2	-4.54805e1	5.15634e1	1.11817e2	2.4425983e-4	9.7453594e-4	1.2059648e1	1.0779714	
2022-02-23	12:3:16	7.74342e-1	9.51130e-2	-4.53301e1	5.15667e1	1.11817e2	2.6011466e-4	9.9068880e-4	1.2060487e1	1.0780534	
2022-02-23	12:3:16	8.67982e-1	9.17187e-2	-4.56597e1	5.15667e1	1.11812e2	2.9152631e-4	9.5558166e-4	1.2075593e1	1.0780123	
2022-02-23	12:3:17	7.45940e-1	9.46969e-2	-4.53698e1	5.15667e1	1.11818e2	2.5057792e-4	9.8639726e-4	1.2060487e1	1.0780408	
2022-02-23	12:3:17	8.22840e-1	9.61849e-2	-4.52283e1	5.15634e1	1.11818e2	2.7638673e-4	1.0017752e-3	1.2068040e1	1.0780588	
2022-02-23	12:3:18	7.74334e-1	9.48957e-2	-4.53511e1	5.15634e1	1.11813e2	2.6011466e-4	9.8842382e-4	1.2059648e1	1.0779985	
2022-02-23	12:3:18	7.74334e-1	9.48957e-2	-4.53511e1	5.15634e1	1.11813e2	2.6011466e-4	9.8842382e-4	1.2059648e1	1.0779985	
2022-02-23	12:3:19	8.23755e-1	9.31760e-2	-4.55168e1	5.15667e1	1.11815e2	2.7668476e-4	9.7066164e-4	1.2062165e1	1.0781260	
2022-02-23	12:3:19	6.90372e-1	9.58479e-2	-4.52604e1	5.15667e1	1.11815e2	2.3192167e-4	9.9825859e-4	1.2056291e1	1.0780373	
2022-02-23	12:3:20	8.19660e-1	9.16753e-2	-4.56638e1	5.15634e1	1.11815e2	2.7531385e-4	9.5516443e-4	1.2073075e1	1.0780811	
2022-02-23	12:3:20	8.26404e-1	9.16248e-2	-4.56683e1	5.15634e1	1.11820e2	2.7757883e-4	9.5468759e-4	1.2057969e1	1.0781456	
2022-02-23	12:3:21	9.37949e-1	9.31184e-2	-4.55225e1	5.15634e1	1.11814e2	3.1501054e-4	9.7006559e-4	1.2063004e1	1.0780152	
2022-02-23	12:3:21	8.52726e-1	9.56162e-2	-4.52825e1	5.15600e1	1.11813e2	2.8640031e-4	9.9587440e-4	1.2057969e1	1.0780524	
2022-02-23	12:3:22	8.59284e-1	9.50631e-2	-4.53351e1	5.15634e1	1.11813e2	2.8860569e-4	9.9015235e-4	1.2057130e1	1.0780344	
2022-02-23	12:3:22	8.61951e-1	9.23461e-2	-4.55979e1	5.15667e1	1.11814e2	2.8949975e-4	9.6207857e-4	1.2063844e1	1.0781757	
2022-02-23	12:3:23	7.50415e-1	9.64260e-2	-4.52058e1	5.15667e1	1.11814e2	2.5206804e-4	1.0042190e-3	1.2061326e1	1.0781140	
2022-02-23	12:3:23	8.91460e-1	9.86342e-2	-4.49996e1	5.15667e1	1.11817e2	2.9939413e-4	1.0270476e-3	1.2061326e1	1.0779085	
2022-02-23	12:3:24	1.08058	9.46191e-2	-4.53775e1	5.15667e1	1.11814e2	3.6281347e-4	9.8556280e-4	1.2063844e1	1.0781835	
2022-02-23	12:3:24	9.19475e-1	9.34820e-2	-4.54871e1	5.15667e1	1.11815e2	3.0881166e-4	9.7382068e-4	1.2062165e1	1.0780373	
2022-02-23	12:3:25	9.15630e-1	9.29014e-2	-4.55439e1	5.15600e1	1.11810e2	3.0750036e-4	9.6780061e-4	1.2063844e1	1.0780693	
2022-02-23	12:3:25	8.94637e-1	9.43019e-2	-4.54080e1	5.15667e1	1.11814e2	3.0046701e-4	9.8228454e-4	1.2055451e1	1.0781757	
2022-02-23	12:3:26	7.41021e-1	9.78148e-2	-4.50760e1	5.15701e1	1.11811e2	2.4890899e-4	1.0185241e-3	1.2058808e1	1.0780901	
2022-02-23	12:3:26	8.75617e-1	9.40166e-2	-4.54354e1	5.15600e1	1.11815e2	2.9408931e-4	9.7936391e-4	1.2064683e1	1.0781183	
2022-02-23	12:3:27	9.72452e-1	9.13428e-2	-4.56968e1	5.15634e1	1.11812e2	3.2657384e-4	9.5170736e-4	1.2058808e1	1.0779763	
2022-02-23	12:3:27	8.12738e-1	9.13426e-2	-4.56966e1	5.15701e1	1.11815e2	2.7298927e-4	9.5170736e-4	1.2057969e1	1.0780541	
2022-02-23	12:3:28	6.57181e-1	9.43166e-2	-4.54068e1	5.15701e1	1.11811e2	2.2077560e-4	9.8240375e-4	1.2071397e1	1.0780260	
2022-02-23	12:3:28	8.35113e-1	9.50644e-2	-4.53349e1	5.15701e1	1.11814e2	2.8049945e-4	9.9015235e-4	1.2065522e1	1.0779500	
2022-02-23	12:3:29	1.38290	9.39198e-2	-4.54447e1	5.15667e1	1.11816e2	4.6414136e-4	9.7835063e-4	1.2073915e1	1.0781775	
2022-02-23	12:3:29	1.03025	9.53808e-2	-4.53048e1	5.15667e1	1.11814e2	3.4594535e-4	9.9343061e-4	1.2059648e1	1.0780038	
2022-02-23	12:3:30	3.64993e-1	9.22666e-2	-4.56058e1	5.15667e1	1.11812e2	1.2266635e-4	9.6124410e-4	1.2059648e1	1.0780571	
2022-02-23	12:3:30	6.94077e-1	1.02747e-1	-4.46268e1	5.15701e1	1.11818e2	2.3317337e-4	1.0694861e-3	1.2070558e1	1.0780421	
2022-02-23	12:3:31	7.67016e-1	9.87712e-2	-4.49868e1	5.15667e1	1.11819e2	2.5767087e-4	1.0284781e-3	1.2057969e1	1.0780438	
2022-02-23	12:3:31	7.82509e-1	8.48905e-2	-4.63566e1	5.15667e1	1.11817e2	2.6285648e-4	8.8500976e-4	1.2060487e1	1.0781265	
2022-02-23	12:3:32	7.78492e-1	9.34086e-2	-4.54944e1	5.15667e1	1.11813e2	2.6148557e-4	9.7304582e-4	1.2063004e1	1.0781369	
2022-02-23	12:3:32	7.04248e-1	9.63824e-2	-4.52102e1	5.15667e1	1.11811e2	2.3657083e-4	1.0037422e-3	1.2059648e1	1.0781644	
2022-02-23	12:3:33	8.31593e-1	9.45798e-2	-4.53815e1	5.15634e1	1.11812e2	2.7930736e-4	9.8514556e-4	1.2057969e1	1.0778541	
2022-02-23	12:3:33	8.31593e-1	9.45798e-2	-4.53815e1	5.15634e1	1.11812e2	2.7930736e-4	9.8514556e-4	1.2057969e1	1.0778541	
2022-02-23	12:3:34	9.26601e-1	9.70589e-2	-4.51463e1	5.15634e1	1.11815e2	3.1119585e-4	1.0107755e-3	1.2057130e1	1.0779193	
2022-02-23	12:3:34	8.65120e-1	9.34686e-2	-4.54883e1	5.15634e1	1.11816e2	2.9057264e-4	9.7370147e-4	1.2059648e1	1.0780056	
2022-02-23	12:3:35	7.89053e-1	9.30419e-2	-4.55298e1	5.15634e1	1.11816e2	2.6506185e-4	9.6929073e-4	1.2062165e1	1.0781056	
2022-02-23	12:3:35	8.36142e-1	9.56175e-2	-4.52823e1	5.15667e1	1.11814e2	2.8085708e-4	9.9587440e-4	1.2063004e1	1.0781385	
2022-02-23	12:3:36	9.84582e-1	9.58527e-2	-4.52599e1	5.15634e1	1.11815e2	3.3062696e-4	9.9831819e-4	1.2063844e1	1.0782080	
2022-02-23	12:3:36	9.59363e-1	9.73850e-2	-4.51159e1	5.15667e1	1.11813e2	3.2216310e-4	1.0141134e-3	1.2057969e1	1.0782704	
2022-02-23	12:3:37	8.39718e-1	9.76558e-2	-4.50905e1	5.15701e1	1.11815e2	2.8204917e-4	1.0169148e-3	1.2060487e1	1.0780823	
2022-02-23	12:3:37	7.71036e-1	9.72857e-2	-4.51251e1	5.15667e1	1.11814e2	2.5898218e-4	1.0131001e-3	1.2057969e1	1.0780577	
2022-02-23	12:3:38	8.47221e-1	9.31789e-2	-4.55163e1	5.15634e1	1.11817e2	2.8455257e-4	9.7072124e-4	1.2071397e1	1.0781061	
2022-02-23	12:3:38	9.13425e-1	9.31732e-2	-4.55170e1	5.15600e1	1.11816e2	3.0678510e-4	9.7066164e-4	1.2071397e1	1.0781302	
2022-02-23	12:3:39	8.03190e-1	9.42048e-2	-4.54175e1	5.15634e1	1.11812e2	2.6977062e-4	9.8127126e-4	1.2058808e1	1.0782494	
2022-02-23	12:3:39	8.07406e-1	9.62003e-2	-4.52272e1	5.15634e1	1.11813e2	2.7120113e-4	1.0018944e-3	1.2062165e1	1.0781254	
2022-02-23	12:3:40	1.01689	9.64200e-2	-4.52064e1	5.15667e1	1.11814e2	3.4147500e-4	1.0041594e-3	1.2058808e1	1.0782476	
2022-02-23	12:3:40	9.08914e-1	9.57713e-2	-4.52679e1	5.15701e1	1.11811e2	3.0523538e-4	9.9742412e-4	1.2057969e1	1.0779836	
2022-02-23	12:3:41	8.65454e-1	9.70837e-2	-4.51440e1	5.15667e1	1.11814e2	2.9069185e-4	1.0110139e-3	1.2074754e1	1.0782195	
2022-02-23	12:3:41	1.06182	9.38774e-2	-4.54487e1	5.15634e1	1.11817e2	3.5655498e-4	9.7793340e-4	1.2061326e1	1.0780367	
2022-02-23	12:3:42	7.12727e-1	9.48341e-2	-4.53567e1	5.15600e1	1.11817e2	2.3943185e-4	9.8782777e-4	1.2058808e1	1.0781433	
2022-02-23	12:3:42	6.55288e-1	9.72494e-2	-4.51284e1	5.15634e1	1.11815e2	2.2017955e-4	1.0127425e-3	1.2064683e1	1.0781799	
2022-02-23	12:3:43	7.65783e-1	9.65000e-2	-4.51988e1	5.15667e1	1.11815e2	2.5725364e-4	1.0049939e-3	1.2060487e1	1.0780092	
2022-02-23	12:3:43	6.02453e-1	9.44868e-2	-4.53903e1	5.15667e1	1.11814e2	2.0241737e-4	9.8419189e-4	1.2057969e1	1.0782488	
2022-02-23	12:3:44	6.46022e-1	9.44998e-2	-4.53892e1	5.15667e1	1.11812e2	2.1702051e-4	9.8431110e-4	1.2060487e1	1.0779608	
2022-02-23	12:3:44	7.28880e-1	9.54491e-2	-4.52983e1	5.15634e1	1.11814e2	2.4485588e-4	9.9414587e-4	1.2055451e1	1.0782643	
2022-02-23	12:3:45	5.63028e-1	9.37904e-2	-4.54571e1	5.15634e1	1.11817e2	1.8918514e-4	9.7703933e-4	1.2063844e1	1.0779714	
2022-02-23	12:3:45	6.54242e-1	9.26843e-2	-4.55648e1	5.15600e1	1.11814e2	2.1982192e-4	9.6559524e-4	1.2058808e1	1.0781207	
2022-02-23	12:3:46	9.02281e-1	9.57990e-2	-4.52648e1	5.15634e1	1.11817e2	3.0303001e-4	9.9778175e-4	1.2063844e1	1.0781984	
2022-02-23	12:3:46	8.08314e-1	9.78583e-2	-4.50719e1	5.15634e1	1.11812e2	2.7149915e-4	1.0190010e-3	1.2059648e1	1.0781674	
2022-02-23	12:3:47	8.39506e-1	9.70078e-2	-4.51511e1	5.15634e1	1.11814e2	2.8198957e-4	1.0102391e-3	1.2062165e1	1.0780949	
2022-02-23	12:3:47	1.00534	9.76950e-2	-4.50869e1	5.15667e1	1.11815e2	3.3760070e-4	1.0173320e-3	1.2059648e1	1.0780991	
2022-02-23	12:3:48	9.82247e-1	9.64387e-2	-4.52048e1	5.15634e1	1.11811e2	3.2985210e-4	1.0043382e-3	1.2061326e1	1.0781531	
2022-02-23	12:3:48	7.40616e-1	9.43454e-2	-4.54037e1	5.15634e1	1.11816e2	2.4878978e-4	9.8276138e-4	1.2061326e1	1.0781930	
2022-02-23	12:3:49	7.30111e-1	9.24521e-2	-4.55878e1	5.15634e1	1.11810e2	2.4527311e-4	9.6315145e-4	1.2068879e1	1.0780410	
2022-02-23	12:3:49	7.55140e-1	9.39158e-2	-4.54453e1	5.15634e1	1.11812e2	2.5367736e-4	9.7829103e-4	1.2063004e1	1.0781662	
2022-02-23	12:3:50	9.71092e-1	9.73624e-2	-4.51182e1	5.15634e1	1.11811e2	3.2609701e-4	1.0138750e-3	1.2058808e1	1.0781890	
2022-02-23	12:3:50	1.10744	9.69593e-2	-4.51559e1	5.15667e1	1.11811e2	3.7181377e-4	1.0097026e-3	1.2061326e1	1.0780901	
2022-02-23	12:3:51	6.61065e-1	9.59950e-2	-4.52467e1	5.15667e1	1.11811e2	2.2208690e-4	9.9974870e-4	1.2062165e1	1.0780889	
2022-02-23	12:3:51	8.84123e-1	9.76482e-2	-4.50912e1	5.15634e1	1.11814e2	2.9695034e-4	1.0168552e-3	1.2057969e1	1.0781015	
2022-02-23	12:3:52	1.05210	9.58596e-2	-4.52594e1	5.15634e1	1.11813e2	3.5327672e-4	9.9837779e-4	1.2075593e1	1.0781153	
2022-02-23	12:3:52	9.18614e-1	9.54294e-2	-4.53006e1	5.15600e1	1.11809e2	3.0851364e-4	9.9390745e-4	1.2071397e1	1.0781447	
2022-02-23	12:3:53	9.20948e-1	9.49478e-2	-4.53462e1	5.15600e1	1.11812e2	3.0928850e-4	9.8896026e-4	1.2071397e1	1.0781393	
2022-02-23	12:3:53	8.84576e-1	9.55857e-2	-4.52857e1	5.15634e1	1.11810e2	2.9706954e-4	9.9551677e-4	1.2062165e1	1.0779806	
2022-02-23	12:3:54	8.00069e-1	9.42318e-2	-4.54149e1	5.15600e1	1.11813e2	2.6875734e-4	9.8156929e-4	1.2061326e1	1.0780559	
2022-02-23	12:3:54	8.00069e-1	9.42318e-2	-4.54149e1	5.15600e1	1.11813e2	2.6875734e-4	9.8156929e-4	1.2061326e1	1.0780559	
2022-02-23	12:3:55	8.96509e-1	9.68851e-2	-4.51625e1	5.15634e1	1.11816e2	3.0112266e-4	1.0089874e-3	1.2063004e1	1.0780504	
2022-02-23	12:3:55	9.23032e-1	9.32586e-2	-4.55085e1	5.15634e1	1.11819e2	3.1000375e-4	9.7155570e-4	1.2058808e1	1.0780462	
2022-02-23	12:3:56	8.65445e-1	9.57384e-2	-4.52709e1	5.15634e1	1.11813e2	2.9069185e-4	9.9712610e-4	1.2057130e1	1.0782320	
2022-02-23	12:3:56	8.53967e-1	9.70909e-2	-4.51436e1	5.15634e1	1.11811e2	2.8681755e-4	1.0110735e-3	1.2060487e1	1.0782955	
2022-02-23	12:3:57	9.79597e-1	9.31820e-2	-4.55162e1	5.15667e1	1.11815e2	3.2895803e-4	9.7072124e-4	1.2059648e1	1.0779654	
2022-02-23	12:3:57	9.79597e-1	9.31820e-2	-4.55162e1	5.15667e1	1.11815e2	3.2895803e-4	9.7072124e-4	1.2059648e1	1.0779654	
2022-02-23	12:3:58	7.09484e-1	9.37397e-2	-4.54622e1	5.15600e1	1.11815e2	2.3835897e-4	9.7650289e-4	1.2061326e1	1.0781183	
2022-02-23	12:3:58	7.44368e-1	9.31185e-2	-4.55226e1	5.15600e1	1.11812e2	2.5004148e-4	9.7006559e-4	1.2058808e1	1.0782548	
2022-02-23	12:3:59	8.52289e-1	9.44748e-2	-4.53914e1	5.15667e1	1.11814e2	2.8628110e-4	9.8407268e-4	1.2059648e1	1.0782015	
2022-02-23	12:3:59	9.20052e-1	9.89212e-2	-4.49736e1	5.15634e1	1.11811e2	3.0899047e-4	1.0299682e-3	1.2061326e1	1.0781788	
2022-02-23	12:4:00	8.74581e-1	9.76856e-2	-4.50881e1	5.15600e1	1.11810e2	2.9373168e-4	1.0172128e-3	1.2058808e1	1.0781309	
2022-02-23	12:4:00	8.14344e-1	9.47825e-2	-4.53621e1	5.15634e1	1.11811e2	2.7352571e-4	9.8723173e-4	1.2061326e1	1.0781004	
2022-02-23	12:4:01	6.38105e-1	9.46403e-2	-4.53754e1	5.15634e1	1.11815e2	2.1439790e-4	9.8580121e-4	1.2058808e1	1.0780080	
2022-02-23	12:4:01	7.33865e-1	9.43126e-2	-4.54071e1	5.15600e1	1.11813e2	2.4652481e-4	9.8240375e-4	1.2063004e1	1.0781638	
2022-02-23	12:4:02	8.53447e-1	9.37577e-2	-4.54604e1	5.15634e1	1.11815e2	2.8663873e-4	9.7668170e-4	1.2059648e1	1.0781260	
2022-02-23	12:4:02	7.90610e-1	9.25849e-2	-4.55742e1	5.15634e1	1.11817e2	2.6559829e-4	9.6458196e-4	1.2062165e1	1.0782152	
2022-02-23	12:4:03	1.15593	9.13328e-2	-4.56980e1	5.15600e1	1.11809e2	3.8808584e-4	9.5158815e-4	1.2057969e1	1.0781615	
2022-02-23	12:4:03	6.42896e-1	9.18020e-2	-4.56513e1	5.15600e1	1.11814e2	2.1600723e-4	9.5647573e-4	1.2058808e1	1.0781577	
2022-02-23	12:4:04	2.86563e-1	9.36577e-2	-4.54704e1	5.15634e1	1.11810e2	9.6321105e-5	9.7560882e-4	1.2062165e1	1.0783004	
2022-02-23	12:4:04	8.95541e-1	1.09070e-1	-4.40798e1	5.15634e1	1.11812e2	3.0076503e-4	1.1346340e-3	1.2061326e1	1.0783292	
2022-02-23	12:4:05	8.70767e-1	1.07335e-1	-4.42267e1	5.15634e1	1.11818e2	2.9247999e-4	1.1168122e-3	1.2058808e1	1.0782307	
2022-02-23	12:4:05	7.11435e-1	8.76271e-2	-4.60713e1	5.15634e1	1.11816e2	2.3901462e-4	9.1332197e-4	1.2067201e1	1.0784446	
2022-02-23	12:4:06	7.19995e-1	8.96020e-2	-4.58707e1	5.15634e1	1.11812e2	2.4187564e-4	9.3370676e-4	1.2070558e1	1.0781955	
2022-02-23	12:4:06	8.23553e-1	9.64900e-2	-4.51999e1	5.15634e1	1.11812e2	2.7662515e-4	1.0048747e-3	1.2068040e1	1.0781584	
2022-02-23	12:4:07	5.93759e-1	9.66777e-2	-4.51820e1	5.15634e1	1.11815e2	1.9949674e-4	1.0068416e-3	1.2073915e1	1.0783134	
2022-02-23	12:4:07	5.88119e-1	9.59141e-2	-4.52545e1	5.15634e1	1.11810e2	1.9758939e-4	9.9891424e-4	1.2058808e1	1.0782105	
2022-02-23	12:4:08	7.96706e-1	9.60314e-2	-4.52430e1	5.15634e1	1.11815e2	2.6762485e-4	1.0001659e-3	1.2061326e1	1.0780720	
2022-02-23	12:4:08	7.79270e-1	9.33647e-2	-4.54983e1	5.15667e1	1.11817e2	2.6178359e-4	9.7262859e-4	1.2058808e1	1.0781972	
2022-02-23	12:4:09	9.57210e-1	9.14619e-2	-4.56848e1	5.15634e1	1.11815e2	3.2144784e-4	9.5295906e-4	1.2057969e1	1.0781619	
2022-02-23	12:4:09	8.93330e-1	9.41665e-2	-4.54209e1	5.15634e1	1.11816e2	3.0004978e-4	9.8091363e-4	1.2063004e1	1.0780763	
2022-02-23	12:4:10	8.65908e-1	9.50942e-2	-4.53323e1	5.15667e1	1.11812e2	2.9081106e-4	9.9045038e-4	1.2056291e1	1.0781764	
2022-02-23	12:4:10	7.32583e-1	9.44977e-2	-4.53892e1	5.15667e1	1.11814e2	2.4610757e-4	9.8431110e-4	1.2059648e1	1.0781015	
2022-02-23	12:4:11	6.54976e-1	9.48637e-2	-4.53542e1	5.15701e1	1.11813e2	2.2006034e-4	9.8806619e-4	1.2060487e1	1.0781638	
2022-02-23	12:4:11	8.34067e-1	9.56577e-2	-4.52784e1	5.15667e1	1.11814e2	2.8014183e-4	9.9629163e-4	1.2061326e1	1.0781464	
2022-02-23	12:4:12	8.34067e-1	9.56577e-2	-4.52784e1	5.15667e1	1.11814e2	2.8014183e-4	9.9629163e-4	1.2061326e1	1.0781464	
2022-02-23	12:4:12	8.57978e-1	9.50104e-2	-4.53402e1	5.15600e1	1.11813e2	2.8818845e-4	9.8961591e-4	1.2060487e1	1.0782781	
2022-02-23	12:4:13	9.65308e-1	9.37668e-2	-4.54599e1	5.15600e1	1.11810e2	3.2418966e-4	9.7674131e-4	1.2060487e1	1.0781770	
2022-02-23	12:4:13	7.08844e-1	9.50347e-2	-4.53379e1	5.15634e1	1.11813e2	2.3812055e-4	9.8985433e-4	1.2057969e1	1.0781626	
2022-02-23	12:4:14	7.17670e-1	9.68525e-2	-4.51657e1	5.15667e1	1.11814e2	2.4110078e-4	1.0086297e-3	1.2058808e1	1.0781104	
2022-02-23	12:4:14	8.80110e-1	9.49950e-2	-4.53416e1	5.15667e1	1.11813e2	2.9557943e-4	9.8943710e-4	1.2057969e1	1.0782153	
2022-02-23	12:4:15	8.17529e-1	9.27821e-2	-4.55556e1	5.15667e1	1.11810e2	2.7459859e-4	9.6654891e-4	1.2058808e1	1.0781052	
2022-02-23	12:4:15	8.33232e-1	9.49778e-2	-4.53432e1	5.15701e1	1.11814e2	2.7984380e-4	9.8925828e-4	1.2070558e1	1.0783003	
2022-02-23	12:4:16	7.35616e-1	9.66620e-2	-4.51837e1	5.15601e1	1.11812e2	2.4712085e-4	1.0066628e-3	1.2061326e1	1.0780314	
2022-02-23	12:4:16	7.18108e-1	9.36039e-2	-4.54756e1	5.15600e1	1.11811e2	2.4121999e-4	9.7507238e-4	1.2058808e1	1.0781159	
