"2022-02-15 at 14:48"
System_Date_(Y-M-D)	System_Time_(h:m:s)	CO₂_(µmol_mol⁻¹)	H₂O_(mmol_mol⁻¹)	H₂O_(°C)	Cell_Temperature_(°C)	Cell_Pressure_(kPa)	CO₂_Absorption	H₂O_Absorption	Input_Voltage_(V)	Flow_Rate_(L_min⁻¹)	
2022-02-15	14:48:41	8.54231e-1	1.30745e-1	-4.25860e1	5.15600e1	1.09602e2	2.8073787e-4	1.3307332e-3	1.2026916e1	1.0073182	
2022-02-15	14:48:42	9.48666e-1	1.30831e-1	-4.25800e1	5.15634e1	1.09600e2	3.1173229e-4	1.3315677e-3	1.2031953e1	1.0073338	
2022-02-15	14:48:42	8.70063e-1	1.31439e-1	-4.25370e1	5.15634e1	1.09598e2	2.8592348e-4	1.3376474e-3	1.2028595e1	1.0073759	
2022-02-15	14:48:43	7.64230e-1	1.28708e-1	-4.27328e1	5.15634e1	1.09597e2	2.5117397e-4	1.3101696e-3	1.2031953e1	1.0072102	
2022-02-15	14:48:43	9.64674e-1	1.26291e-1	-4.29093e1	5.15600e1	1.09597e2	3.1697750e-4	1.2858510e-3	1.2024399e1	1.0073083	
2022-02-15	14:48:44	8.69738e-1	1.27431e-1	-4.28258e1	5.15634e1	1.09596e2	2.8580427e-4	1.2972950e-3	1.2027755e1	1.0071964	
2022-02-15	14:48:44	6.76954e-1	1.30496e-1	-4.26046e1	5.15634e1	1.09593e2	2.2250413e-4	1.3281106e-3	1.2031114e1	1.0072287	
2022-02-15	14:48:45	8.96578e-1	1.30333e-1	-4.26161e1	5.15600e1	1.09595e2	2.9462575e-4	1.3265013e-3	1.2031114e1	1.0072327	
2022-02-15	14:48:45	8.27779e-1	1.26418e-1	-4.29005e1	5.15634e1	1.09591e2	2.7203559e-4	1.2870430e-3	1.2031953e1	1.0071899	
2022-02-15	14:48:46	8.80123e-1	1.27130e-1	-4.28483e1	5.15667e1	1.09591e2	2.8920173e-4	1.2941956e-3	1.2029434e1	1.0070133	
2022-02-15	14:48:46	8.98024e-1	1.32564e-1	-4.24573e1	5.15667e1	1.09599e2	2.9510259e-4	1.3489723e-3	1.2025238e1	1.0071738	
2022-02-15	14:48:47	7.35181e-1	1.31945e-1	-4.25013e1	5.15634e1	1.09595e2	2.4163722e-4	1.3427138e-3	1.2031114e1	1.0070341	
2022-02-15	14:48:47	7.56636e-1	1.29060e-1	-4.27077e1	5.15600e1	1.09595e2	2.4867057e-4	1.3136863e-3	1.2032792e1	1.0069689	
2022-02-15	14:48:48	7.92162e-1	1.28234e-1	-4.27674e1	5.15567e1	1.09596e2	2.6035308e-4	1.3054013e-3	1.2031953e1	1.0069545	
2022-02-15	14:48:48	8.85748e-1	1.29308e-1	-4.26901e1	5.15600e1	1.09590e2	2.9104948e-4	1.3161301e-3	1.2025238e1	1.0069406	
2022-02-15	14:48:49	9.21676e-1	1.29508e-1	-4.26756e1	5.15600e1	1.09591e2	3.0285120e-4	1.3181567e-3	1.2031953e1	1.0070612	
2022-02-15	14:48:49	9.52223e-1	1.30377e-1	-4.26136e1	5.15600e1	1.09588e2	3.1286478e-4	1.3268589e-3	1.2027755e1	1.0068320	
2022-02-15	14:48:50	8.73752e-1	1.32948e-1	-4.24312e1	5.15600e1	1.09588e2	2.8711557e-4	1.3527274e-3	1.2031114e1	1.0069203	
2022-02-15	14:48:50	8.73752e-1	1.32948e-1	-4.24312e1	5.15600e1	1.09588e2	2.8711557e-4	1.3527274e-3	1.2031114e1	1.0069203	
2022-02-15	14:48:51	9.43912e-1	1.30181e-1	-4.26276e1	5.15567e1	1.09587e2	3.1012296e-4	1.3248920e-3	1.2031953e1	1.0068475	
2022-02-15	14:48:51	1.07636	1.30284e-1	-4.26203e1	5.15600e1	1.09586e2	3.5357475e-4	1.3259053e-3	1.2042024e1	1.0055936	
2022-02-15	14:48:52	9.12736e-1	1.30106e-1	-4.26389e1	5.15634e1	1.09518e2	2.9969215e-4	1.3232827e-3	1.2032792e1	1.0033562	
2022-02-15	14:48:52	5.41449e-1	1.30790e-1	-4.25884e1	5.15634e1	1.09537e2	1.7791986e-4	1.3303756e-3	1.2031953e1	1.0051127	
2022-02-15	14:48:53	6.73777e-1	1.33356e-1	-4.24056e1	5.15634e1	1.09552e2	2.2137165e-4	1.3563632e-3	1.2037827e1	1.0055848	
2022-02-15	14:48:53	9.49443e-1	1.28121e-1	-4.27788e1	5.15634e1	1.09558e2	3.1185150e-4	1.3037919e-3	1.2042024e1	1.0058290	
2022-02-15	14:48:54	8.69607e-1	1.25136e-1	-4.29976e1	5.15634e1	1.09563e2	2.8568506e-4	1.2738108e-3	1.2036988e1	1.0058652	
2022-02-15	14:48:54	8.96393e-1	1.29690e-1	-4.26649e1	5.15634e1	1.09563e2	2.9444694e-4	1.3196468e-3	1.2026077e1	1.0061981	
2022-02-15	14:48:55	8.96774e-1	1.32130e-1	-4.24905e1	5.15600e1	1.09569e2	2.9462575e-4	1.3442635e-3	1.2031953e1	1.0060046	
2022-02-15	14:48:55	1.00307	1.32376e-1	-4.24729e1	5.15600e1	1.09571e2	3.2949447e-4	1.3467669e-3	1.2036988e1	1.0060752	
2022-02-15	14:48:56	9.08975e-1	1.30464e-1	-4.26088e1	5.15634e1	1.09571e2	2.9861927e-4	1.3275146e-3	1.2028595e1	1.0062544	
2022-02-15	14:48:56	9.29708e-1	1.28311e-1	-4.27639e1	5.15567e1	1.09571e2	3.0541419e-4	1.3058781e-3	1.2028595e1	1.0061168	
2022-02-15	14:48:57	7.70375e-1	1.28270e-1	-4.27669e1	5.15567e1	1.09570e2	2.5314092e-4	1.3054609e-3	1.2026916e1	1.0062272	
2022-02-15	14:48:57	8.17980e-1	1.29827e-1	-4.26543e1	5.15600e1	1.09572e2	2.6875734e-4	1.3211369e-3	1.2031114e1	1.0062572	
2022-02-15	14:48:58	8.17980e-1	1.29827e-1	-4.26543e1	5.15600e1	1.09572e2	2.6875734e-4	1.3211369e-3	1.2031114e1	1.0062572	
2022-02-15	14:48:58	8.89196e-1	1.33662e-1	-4.23824e1	5.15634e1	1.09573e2	2.9212236e-4	1.3597011e-3	1.2030273e1	1.0062341	
2022-02-15	14:48:59	9.52160e-1	1.33837e-1	-4.23701e1	5.15600e1	1.09574e2	3.1280517e-4	1.3614892e-3	1.2026077e1	1.0062175	
2022-02-15	14:48:59	9.11819e-1	1.30115e-1	-4.26335e1	5.15600e1	1.09574e2	2.9957294e-4	1.3240575e-3	1.2024399e1	1.0060505	
2022-02-15	14:49:00	1.05257	1.28109e-1	-4.27788e1	5.15634e1	1.09569e2	3.4570693e-4	1.3037919e-3	1.2032792e1	1.0061850	
2022-02-15	14:49:00	9.70661e-1	1.25796e-1	-4.29484e1	5.15667e1	1.09567e2	3.1882524e-4	1.2804865e-3	1.2031953e1	1.0061230	
2022-02-15	14:49:01	9.70661e-1	1.25796e-1	-4.29484e1	5.15667e1	1.09567e2	3.1882524e-4	1.2804865e-3	1.2031953e1	1.0061230	
2022-02-15	14:49:01	9.25179e-1	1.30152e-1	-4.26314e1	5.15600e1	1.09568e2	3.0392408e-4	1.3243556e-3	1.2031114e1	1.0061676	
2022-02-15	14:49:02	1.09420	1.29287e-1	-4.26935e1	5.15600e1	1.09568e2	3.5935640e-4	1.3156533e-3	1.2029434e1	1.0061883	
2022-02-15	14:49:02	1.06982	1.27773e-1	-4.28034e1	5.15634e1	1.09566e2	3.5136938e-4	1.3003945e-3	1.2029434e1	1.0060173	
2022-02-15	14:49:03	6.05951e-1	1.29197e-1	-4.26999e1	5.15601e1	1.09569e2	1.9913911e-4	1.3147592e-3	1.2031114e1	1.0060757	
2022-02-15	14:49:03	7.02492e-1	1.26053e-1	-4.29294e1	5.15600e1	1.09568e2	2.3084878e-4	1.2831091e-3	1.2029434e1	1.0060104	
2022-02-15	14:49:04	7.02492e-1	1.26053e-1	-4.29294e1	5.15600e1	1.09568e2	2.3084878e-4	1.2831091e-3	1.2029434e1	1.0060104	
2022-02-15	14:49:04	9.55745e-1	1.30928e-1	-4.25761e1	5.15667e1	1.09566e2	3.1393766e-4	1.3321042e-3	1.2026916e1	1.0059421	
2022-02-15	14:49:05	7.91343e-1	1.27250e-1	-4.28417e1	5.15667e1	1.09564e2	2.5999546e-4	1.2950897e-3	1.2029434e1	1.0059479	
2022-02-15	14:49:05	8.89905e-1	1.23611e-1	-4.31112e1	5.15634e1	1.09567e2	2.9236078e-4	1.2584924e-3	1.2026916e1	1.0059658	
2022-02-15	14:49:06	8.90675e-1	1.25665e-1	-4.29582e1	5.15600e1	1.09565e2	2.9259920e-4	1.2791752e-3	1.2032792e1	1.0058450	
2022-02-15	14:49:06	1.04057	1.27900e-1	-4.27943e1	5.15634e1	1.09565e2	3.4177303e-4	1.3016462e-3	1.2029434e1	1.0059751	
2022-02-15	14:49:07	7.26111e-1	1.32058e-1	-4.24932e1	5.15667e1	1.09596e2	2.3865699e-4	1.3438463e-3	1.2031953e1	1.0136235	
2022-02-15	14:49:07	-5.45507	9.72883e-2	-4.52921e1	5.15600e1	1.09775e2	-1.8111467e-3	9.9468231e-4	1.2027755e1	1.0236699	
2022-02-15	14:49:08	7.50171	2.30870e-1	-3.70999e1	5.15600e1	1.09983e2	2.4530291e-3	2.3376941e-3	1.2031953e1	1.0341598	
2022-02-15	14:49:08	7.80429e1	7.16697e-1	-2.52809e1	5.15634e1	1.10069e2	2.3420095e-2	6.9842338e-3	1.2029434e1	1.0198047	
2022-02-15	14:49:09	1.59963e2	1.14176	-2.00464e1	5.15634e1	1.09807e2	4.3872413e-2	1.0762453e-2	1.2029434e1	1.0152344	
2022-02-15	14:49:09	8.51960e1	7.03970e-1	-2.55123e1	5.15600e1	1.09730e2	2.5276243e-2	6.8458914e-3	1.2031953e1	1.0120588	
2022-02-15	14:49:10	-7.40435	1.28165e-1	-4.27656e1	5.15600e1	1.09675e2	-2.4623870e-3	1.3056397e-3	1.2031953e1	1.0101543	
2022-02-15	14:49:10	-1.30320e1	7.25184e-2	-4.79349e1	5.15600e1	1.09639e2	-4.3658018e-3	7.4213743e-4	1.2031953e1	1.0085021	
2022-02-15	14:49:11	-5.28880	1.03962e-1	-4.47014e1	5.15600e1	1.09612e2	-1.7527341e-3	1.0607242e-3	1.2026916e1	1.0073190	
2022-02-15	14:49:11	-1.23321	1.20390e-1	-4.33536e1	5.15634e1	1.09596e2	-4.0638446e-4	1.2263655e-3	1.2029434e1	1.0066686	
2022-02-15	14:49:12	2.15144e-1	1.27534e-1	-4.28198e1	5.15634e1	1.09579e2	7.0750713e-5	1.2981295e-3	1.2031114e1	1.0061269	
2022-02-15	14:49:12	6.76363e-1	1.30992e-1	-4.25712e1	5.15600e1	1.09569e2	2.2226572e-4	1.3328194e-3	1.2030273e1	1.0056115	
2022-02-15	14:49:13	8.87444e-1	1.31438e-1	-4.25404e1	5.15634e1	1.09559e2	2.9152631e-4	1.3371706e-3	1.2039506e1	1.0053908	
2022-02-15	14:49:13	9.98791e-1	1.31053e-1	-4.25683e1	5.15600e1	1.09553e2	3.2800436e-4	1.3332366e-3	1.2028595e1	1.0051944	
2022-02-15	14:49:14	6.98279e-1	1.32486e-1	-4.24670e1	5.15600e1	1.09549e2	2.2941827e-4	1.3476014e-3	1.2042863e1	1.0051428	
2022-02-15	14:49:14	6.85456e-1	1.34106e-1	-4.23537e1	5.15667e1	1.09546e2	2.2518634e-4	1.3638138e-3	1.2027755e1	1.0047653	
2022-02-15	14:49:15	1.06977	1.35113e-1	-4.22840e1	5.15667e1	1.09542e2	3.5125017e-4	1.3738870e-3	1.2027755e1	1.0047148	
2022-02-15	14:49:15	1.07663	1.34450e-1	-4.23303e1	5.15634e1	1.09540e2	3.5351514e-4	1.3672113e-3	1.2031114e1	1.0047917	
2022-02-15	14:49:16	9.24411e-1	1.33762e-1	-4.23786e1	5.15634e1	1.09535e2	3.0356645e-4	1.3602375e-3	1.2031114e1	1.0048528	
2022-02-15	14:49:16	9.59109e-1	1.33717e-1	-4.23816e1	5.15634e1	1.09538e2	3.1495094e-4	1.3598203e-3	1.2031114e1	1.0045351	
2022-02-15	14:49:17	8.74408e-1	1.30844e-1	-4.25846e1	5.15634e1	1.09536e2	2.8717517e-4	1.3309121e-3	1.2030273e1	1.0044667	
2022-02-15	14:49:17	9.75656e-1	1.29285e-1	-4.26963e1	5.15667e1	1.09537e2	3.2037496e-4	1.3152360e-3	1.2030273e1	1.0046195	
2022-02-15	14:49:18	9.57690e-1	1.28925e-1	-4.27224e1	5.15667e1	1.09536e2	3.1447410e-4	1.3116002e-3	1.2040345e1	1.0044667	
2022-02-15	14:49:18	7.24207e-1	1.28813e-1	-4.27308e1	5.15567e1	1.09532e2	2.3788213e-4	1.3104677e-3	1.2036149e1	1.0046031	
2022-02-15	14:49:19	1.13291	1.29634e-1	-4.26714e1	5.15567e1	1.09534e2	3.7193298e-4	1.3187527e-3	1.2032792e1	1.0044354	
2022-02-15	14:49:19	1.11502	1.28258e-1	-4.27707e1	5.15601e1	1.09536e2	3.6609172e-4	1.3049244e-3	1.2042863e1	1.0044447	
2022-02-15	14:49:20	8.25179e-1	1.31207e-1	-4.25590e1	5.15601e1	1.09533e2	2.7102231e-4	1.3345479e-3	1.2032792e1	1.0043317	
2022-02-15	14:49:20	8.51193e-1	1.34482e-1	-4.23286e1	5.15634e1	1.09533e2	2.7954578e-4	1.3674497e-3	1.2028595e1	1.0044978	
2022-02-15	14:49:21	7.56903e-1	1.29510e-1	-4.26806e1	5.15634e1	1.09531e2	2.4861097e-4	1.3174414e-3	1.2033631e1	1.0040738	
2022-02-15	14:49:21	9.58264e-1	1.27968e-1	-4.27925e1	5.15634e1	1.09527e2	3.1465291e-4	1.3018846e-3	1.2031114e1	1.0044182	
2022-02-15	14:49:22	1.06509	1.30139e-1	-4.26355e1	5.15634e1	1.09531e2	3.4970045e-4	1.3237595e-3	1.2032792e1	1.0044404	
2022-02-15	14:49:22	1.07688	1.29736e-1	-4.26641e1	5.15600e1	1.09535e2	3.5357475e-4	1.3197660e-3	1.2039506e1	1.0042854	
2022-02-15	14:49:23	1.11672	1.26967e-1	-4.28648e1	5.15634e1	1.09537e2	3.6662817e-4	1.2919306e-3	1.2028595e1	1.0044118	
2022-02-15	14:49:23	1.05872	1.27654e-1	-4.28151e1	5.15600e1	1.09531e2	3.4761428e-4	1.2987852e-3	1.2028595e1	1.0043495	
2022-02-15	14:49:24	8.54629e-1	1.30754e-1	-4.25914e1	5.15634e1	1.09532e2	2.8067827e-4	1.3299584e-3	1.2030273e1	1.0042685	
2022-02-15	14:49:24	6.51537e-1	1.29271e-1	-4.26977e1	5.15634e1	1.09532e2	2.1404027e-4	1.3150572e-3	1.2033631e1	1.0044127	
2022-02-15	14:49:25	7.77265e-1	1.29826e-1	-4.26576e1	5.15634e1	1.09534e2	2.5528669e-4	1.3206601e-3	1.2026916e1	1.0042372	
2022-02-15	14:49:25	7.77265e-1	1.29826e-1	-4.26576e1	5.15634e1	1.09534e2	2.5528669e-4	1.3206601e-3	1.2026916e1	1.0042372	
2022-02-15	14:49:26	8.64023e-1	1.29325e-1	-4.26944e1	5.15600e1	1.09526e2	2.8371810e-4	1.3155341e-3	1.2044541e1	1.0042345	
2022-02-15	14:49:26	8.89184e-1	1.27096e-1	-4.28562e1	5.15600e1	1.09527e2	2.9200315e-4	1.2931227e-3	1.2026077e1	1.0042705	
2022-02-15	14:49:27	9.85375e-1	1.29100e-1	-4.27105e1	5.15634e1	1.09527e2	3.2353401e-4	1.3132691e-3	1.2028595e1	1.0042902	
2022-02-15	14:49:27	9.59173e-1	1.31014e-1	-4.25732e1	5.15634e1	1.09527e2	3.1495094e-4	1.3325214e-3	1.2029434e1	1.0043272	
2022-02-15	14:49:28	8.51775e-1	1.29570e-1	-4.26768e1	5.15634e1	1.09526e2	2.7972459e-4	1.3179779e-3	1.2028595e1	1.0041790	
2022-02-15	14:49:28	8.00933e-1	1.28648e-1	-4.27435e1	5.15634e1	1.09524e2	2.6303529e-4	1.3086795e-3	1.2028595e1	1.0039210	
2022-02-15	14:49:29	7.93143e-1	1.28716e-1	-4.27384e1	5.15600e1	1.09525e2	2.6047229e-4	1.3093948e-3	1.2031953e1	1.0041036	
2022-02-15	14:49:29	8.93401e-1	1.32083e-1	-4.24976e1	5.15600e1	1.09525e2	2.9337406e-4	1.3432502e-3	1.2031953e1	1.0039471	
2022-02-15	14:49:30	8.96838e-1	1.30546e-1	-4.26067e1	5.15600e1	1.09526e2	2.9450654e-4	1.3278126e-3	1.2027755e1	1.0039403	
2022-02-15	14:49:30	1.13488	1.29430e-1	-4.26870e1	5.15634e1	1.09523e2	3.7252902e-4	1.3165473e-3	1.2027755e1	1.0039232	
2022-02-15	14:49:31	1.12022	1.31793e-1	-4.25184e1	5.15634e1	1.09521e2	3.6770105e-4	1.3402700e-3	1.2028595e1	1.0037586	
2022-02-15	14:49:31	7.26621e-1	1.27905e-1	-4.27977e1	5.15634e1	1.09520e2	2.3865699e-4	1.3011693e-3	1.2029434e1	1.0038988	
2022-02-15	14:49:32	9.05149e-1	1.32074e-1	-4.24987e1	5.15634e1	1.09519e2	2.9718875e-4	1.3430714e-3	1.2033631e1	1.0037666	
2022-02-15	14:49:32	9.45867e-1	1.29827e-1	-4.26589e1	5.15601e1	1.09518e2	3.1054019e-4	1.3204813e-3	1.2028595e1	1.0036826	
2022-02-15	14:49:33	9.50732e-1	1.30961e-1	-4.25779e1	5.15601e1	1.09517e2	3.1214952e-4	1.3318657e-3	1.2033631e1	1.0035601	
2022-02-15	14:49:33	9.42764e-1	1.31214e-1	-4.25601e1	5.15634e1	1.09514e2	3.0952692e-4	1.3343691e-3	1.2029434e1	1.0036319	
