System_Date_(Y-M-D)	System_Time_(h:m:s)	CO₂_(µmol_mol⁻¹)	H₂O_(mmol_mol⁻¹)	H₂O_(°C)	Cell_Temperature_(°C)	Cell_Pressure_(kPa)	CO₂_Absorption	H₂O_Absorption	Input_Voltage_(V)	Flow_Rate_(L_min⁻¹)	
2022-03-03	13:0:52	1.59699	9.59718e-2	-4.49726e1	5.15434e1	1.15260e2	5.5384635e-4	1.0303854e-3	1.2056291e1	1.0720102	
2022-03-03	13:0:52	1.48082	9.97132e-2	-4.46237e1	5.15400e1	1.15259e2	5.1367282e-4	1.0702013e-3	1.2052934e1	1.0720149	
2022-03-03	13:0:53	1.59697	9.92251e-2	-4.46690e1	5.15400e1	1.15253e2	5.5384635e-4	1.0649561e-3	1.2056291e1	1.0720417	
2022-03-03	13:0:53	1.59697	9.92251e-2	-4.46690e1	5.15400e1	1.15253e2	5.5384635e-4	1.0649561e-3	1.2056291e1	1.0720417	
2022-03-03	13:0:54	1.81497	9.73184e-2	-4.48470e1	5.15400e1	1.15243e2	6.2918663e-4	1.0445713e-3	1.2056291e1	1.0720916	
2022-03-03	13:0:54	1.65202	9.66411e-2	-4.49116e1	5.15434e1	1.15230e2	5.7274103e-4	1.0372400e-3	1.2052094e1	1.0721498	
2022-03-03	13:0:55	1.76008	9.71842e-2	-4.48621e1	5.15434e1	1.15211e2	6.0999393e-4	1.0428428e-3	1.2052934e1	1.0722405	
2022-03-03	13:0:55	1.86167	9.59011e-2	-4.49842e1	5.15467e1	1.15199e2	6.4504146e-4	1.0290741e-3	1.2064683e1	1.0722965	
2022-03-03	13:0:56	1.61321	9.62160e-2	-4.49561e1	5.15434e1	1.15176e2	5.5903196e-4	1.0322332e-3	1.2053773e1	1.0724011	
2022-03-03	13:0:56	1.61321	9.62160e-2	-4.49561e1	5.15434e1	1.15176e2	5.5903196e-4	1.0322332e-3	1.2053773e1	1.0724011	
2022-03-03	13:0:57	1.67683	1.00795e-1	-4.45314e1	5.15467e1	1.15178e2	5.8102607e-4	1.0809302e-3	1.2050416e1	1.0723953	
2022-03-03	13:0:57	1.80884	9.96922e-2	-4.46327e1	5.15467e1	1.15170e2	6.2662363e-4	1.0691285e-3	1.2066361e1	1.0724302	
2022-03-03	13:0:58	1.74476	9.81265e-2	-4.47778e1	5.15434e1	1.15164e2	6.0445070e-4	1.0524392e-3	1.2054612e1	1.0724582	
2022-03-03	13:0:58	1.59064	9.77321e-2	-4.48143e1	5.15467e1	1.15167e2	5.5116415e-4	1.0482668e-3	1.2054612e1	1.0724419	
2022-03-03	13:0:59	1.33066	9.46238e-2	-4.51082e1	5.15500e1	1.15173e2	4.6128034e-4	1.0152459e-3	1.2053773e1	1.0724163	
2022-03-03	13:0:59	1.33066	9.46238e-2	-4.51082e1	5.15500e1	1.15173e2	4.6128034e-4	1.0152459e-3	1.2053773e1	1.0724163	
2022-03-03	13:1:00	-2.83488	1.16363e-1	-4.31488e1	5.15467e1	1.15921e2	-9.9527835e-4	1.2542009e-3	1.2052094e1	1.0689483	
2022-03-03	13:1:00	2.39516e1	1.02903e-1	-4.43299e1	5.15467e1	1.15329e2	8.0701112e-3	1.1047720e-3	1.2051255e1	1.0716930	
2022-03-03	13:1:01	1.82528	1.22395e-1	-4.27380e1	5.15467e1	1.15187e2	6.3240528e-4	1.3101696e-3	1.2052094e1	1.0723500	
2022-03-03	13:1:01	-2.21830	1.05726e-1	-4.40987e1	5.15467e1	1.15111e2	-7.7223777e-4	1.1326670e-3	1.2049577e1	1.0727027	
2022-03-03	13:1:02	-1.95670e-2	9.99567e-2	-4.46136e1	5.15500e1	1.15106e2	-6.7949295e-6	1.0713338e-3	1.2050416e1	1.0727283	
2022-03-03	13:1:02	-1.95670e-2	9.99567e-2	-4.46136e1	5.15500e1	1.15106e2	-6.7949295e-6	1.0713338e-3	1.2050416e1	1.0727283	
2022-03-03	13:1:03	1.34766	9.50969e-2	-4.50690e1	5.15500e1	1.15096e2	4.6682357e-4	1.0195970e-3	1.2057130e1	1.0727750	
2022-03-03	13:1:03	1.62192	9.51084e-2	-4.50611e1	5.15467e1	1.15182e2	5.6207180e-4	1.0204911e-3	1.2051255e1	1.0723743	
2022-03-03	13:1:04	2.07880	9.41693e-2	-4.51479e1	5.15434e1	1.15226e2	7.2026252e-4	1.0108947e-3	1.2048738e1	1.0721696	
2022-03-03	13:1:04	2.06869	9.40907e-2	-4.51569e1	5.15467e1	1.15207e2	7.1662664e-4	1.0098814e-3	1.2047898e1	1.0722579	
2022-03-03	13:1:05	1.60252	9.55541e-2	-4.50151e1	5.15467e1	1.15225e2	5.5557489e-4	1.0256171e-3	1.2047898e1	1.0721731	
2022-03-03	13:1:05	1.60252	9.55541e-2	-4.50151e1	5.15467e1	1.15225e2	5.5557489e-4	1.0256171e-3	1.2047898e1	1.0721731	
2022-03-03	13:1:06	1.40539	9.48200e-2	-4.50852e1	5.15467e1	1.15226e2	4.8738718e-4	1.0178089e-3	1.2050416e1	1.0721707	
2022-03-03	13:1:06	1.64329	9.51252e-2	-4.50540e1	5.15500e1	1.15250e2	5.6982040e-4	1.0212659e-3	1.2061326e1	1.0720556	
2022-03-03	13:1:07	1.83231	9.67443e-2	-4.49003e1	5.15534e1	1.15251e2	6.3520669e-4	1.0384917e-3	1.2052094e1	1.0720545	
2022-03-03	13:1:07	1.71890	9.63169e-2	-4.49406e1	5.15500e1	1.15252e2	5.9598684e-4	1.0339617e-3	1.2050416e1	1.0720498	
2022-03-03	13:1:08	1.61175	9.75899e-2	-4.48210e1	5.15500e1	1.15250e2	5.5891275e-4	1.0474920e-3	1.2049577e1	1.0720591	
2022-03-03	13:1:08	1.61175	9.75899e-2	-4.48210e1	5.15500e1	1.15250e2	5.5891275e-4	1.0474920e-3	1.2049577e1	1.0720591	
2022-03-03	13:1:09	1.49788	9.48253e-2	-4.50824e1	5.15534e1	1.15255e2	5.1951408e-4	1.0181069e-3	1.2063844e1	1.0720324	
2022-03-03	13:1:09	1.77921	9.52938e-2	-4.50384e1	5.15534e1	1.15244e2	6.1678886e-4	1.0229945e-3	1.2048738e1	1.0720847	
2022-03-03	13:1:10	2.11860	9.39475e-2	-4.51681e1	5.15534e1	1.15240e2	7.3409080e-4	1.0086297e-3	1.2052094e1	1.0721021	
2022-03-03	13:1:10	2.09453	9.38838e-2	-4.51745e1	5.15567e1	1.15237e2	7.2574615e-4	1.0079145e-3	1.2049577e1	1.0721161	
2022-03-03	13:1:11	1.70652	9.29028e-2	-4.52705e1	5.15534e1	1.15231e2	5.9157609e-4	9.9742412e-4	1.2049577e1	1.0721464	
2022-03-03	13:1:11	1.70652	9.29028e-2	-4.52705e1	5.15534e1	1.15231e2	5.9157609e-4	9.9742412e-4	1.2049577e1	1.0721464	
2022-03-03	13:1:12	1.48544	1.16581e-1	-4.31918e1	5.15534e1	1.15169e2	5.1480531e-4	1.2483596e-3	1.2048738e1	1.0724349	
2022-03-03	13:1:12	1.10473	1.01205e-1	-4.44997e1	5.15534e1	1.15110e2	3.8284063e-4	1.0846257e-3	1.2054612e1	1.0727337	
2022-03-03	13:1:13	1.23480	9.33942e-2	-4.52321e1	5.15567e1	1.15110e2	4.2784214e-4	1.0015964e-3	1.2048738e1	1.0727348	
2022-03-03	13:1:13	1.78797	9.37025e-2	-4.52044e1	5.15534e1	1.15082e2	6.1887502e-4	1.0046362e-3	1.2048738e1	1.0728414	
2022-03-03	13:1:14	4.72467	5.68087e-2	-4.96888e1	5.15534e1	1.14551e2	1.6207695e-3	6.0826539e-4	1.2050416e1	1.0753239	
2022-03-03	13:1:14	4.72467	5.68087e-2	-4.96888e1	5.15534e1	1.14551e2	1.6207695e-3	6.0826539e-4	1.2050416e1	1.0753239	
2022-03-03	13:1:15	-3.49187	1.47215e-1	-4.11955e1	5.15534e1	1.12863e2	-1.1918544e-3	1.5407204e-3	1.2051255e1	1.0833330	
2022-03-03	13:1:15	-8.11160e-1	1.26468e-1	-4.26266e1	5.15567e1	1.12817e2	-2.7573108e-4	1.3254284e-3	1.2057130e1	1.0835549	
2022-03-03	13:1:16	2.36824	9.85483e-2	-4.49256e1	5.15567e1	1.12827e2	8.0168247e-4	1.0354518e-3	1.2055451e1	1.0835082	
2022-03-03	13:1:16	3.49957	8.55646e-2	-4.62031e1	5.15600e1	1.12846e2	1.1830329e-3	9.0020895e-4	1.2053773e1	1.0834157	
2022-03-03	13:1:17	3.35924	8.47969e-2	-4.62834e1	5.15567e1	1.12856e2	1.1359453e-3	8.9228153e-4	1.2056291e1	1.0833678	
2022-03-03	13:1:17	3.35924	8.47969e-2	-4.62834e1	5.15567e1	1.12856e2	1.1359453e-3	8.9228153e-4	1.2056291e1	1.0833678	
2022-03-03	13:1:18	2.02852	9.01119e-2	-4.57347e1	5.15600e1	1.12866e2	6.8724155e-4	9.4783306e-4	1.2060487e1	1.0833221	
2022-03-03	13:1:18	1.74330	9.01935e-2	-4.57260e1	5.15634e1	1.12872e2	5.9086084e-4	9.4872713e-4	1.2047059e1	1.0832922	
2022-03-03	13:1:19	1.74965	9.37203e-2	-4.53789e1	5.15600e1	1.12869e2	5.9300661e-4	9.8550319e-4	1.2052934e1	1.0833053	
2022-03-03	13:1:19	1.69500	9.55970e-2	-4.51980e1	5.15600e1	1.12881e2	5.7458877e-4	1.0051727e-3	1.2059648e1	1.0832502	
2022-03-03	13:1:20	1.77094	9.51712e-2	-4.52383e1	5.15600e1	1.12884e2	6.0027837e-4	1.0007619e-3	1.2047898e1	1.0832346	
2022-03-03	13:1:20	1.63964	9.53205e-2	-4.52241e1	5.15600e1	1.12883e2	5.5587291e-4	1.0023117e-3	1.2061326e1	1.0832382	
2022-03-03	13:1:21	1.49830	9.56842e-2	-4.51893e1	5.15600e1	1.12886e2	5.0806999e-4	1.0061264e-3	1.2049577e1	1.0832262	
2022-03-03	13:1:21	1.58337	9.46269e-2	-4.52903e1	5.15600e1	1.12885e2	5.3685903e-4	9.9509954e-4	1.2053773e1	1.0832273	
2022-03-03	13:1:22	1.64115	9.53214e-2	-4.52235e1	5.15634e1	1.12890e2	5.5640935e-4	1.0023713e-3	1.2061326e1	1.0832058	
2022-03-03	13:1:22	1.60623	9.60741e-2	-4.51518e1	5.15634e1	1.12892e2	5.4460763e-4	1.0102391e-3	1.2056291e1	1.0831950	
2022-03-03	13:1:23	1.60215	9.50005e-2	-4.52535e1	5.15634e1	1.12898e2	5.4323673e-4	9.9909305e-4	1.2049577e1	1.0831686	
2022-03-03	13:1:23	1.83762	9.60781e-2	-4.51507e1	5.15634e1	1.12901e2	6.2292814e-4	1.0103583e-3	1.2052094e1	1.0831531	
2022-03-03	13:1:24	1.68410	9.65641e-2	-4.51049e1	5.15600e1	1.12900e2	5.7101249e-4	1.0154247e-3	1.2063844e1	1.0831590	
2022-03-03	13:1:24	1.55514	9.46234e-2	-4.52892e1	5.15600e1	1.12903e2	5.2738189e-4	9.9521875e-4	1.2068879e1	1.0831422	
2022-03-03	13:1:25	1.76155	9.44787e-2	-4.53028e1	5.15634e1	1.12907e2	5.9723854e-4	9.9372863e-4	1.2053773e1	1.0831266	
