System_Date_(Y-M-D)	System_Time_(h:m:s)	CO₂_(µmol_mol⁻¹)	H₂O_(mmol_mol⁻¹)	H₂O_(°C)	Cell_Temperature_(°C)	Cell_Pressure_(kPa)	CO₂_Absorption	H₂O_Absorption	Input_Voltage_(V)	Flow_Rate_(L_min⁻¹)	
2022-02-24	10:58:40	9.01839e-1	1.04152e-1	-4.44379e1	5.15667e1	1.12610e2	3.0523538e-4	1.0916590e-3	1.2098252e1	1.0789870	
2022-02-24	10:58:41	8.24416e-1	1.05272e-1	-4.43399e1	5.15701e1	1.12611e2	2.7906894e-4	1.1032819e-3	1.2097413e1	1.0788396	
2022-02-24	10:58:41	8.24416e-1	1.05272e-1	-4.43399e1	5.15701e1	1.12611e2	2.7906894e-4	1.1032819e-3	1.2097413e1	1.0788396	
2022-02-24	10:58:42	9.43151e-1	1.02306e-1	-4.46017e1	5.15667e1	1.12608e2	3.1918287e-4	1.0724663e-3	1.2104127e1	1.0787892	
2022-02-24	10:58:42	9.38083e-1	1.02287e-1	-4.46039e1	5.15634e1	1.12602e2	3.1745433e-4	1.0722279e-3	1.2105805e1	1.0786663	
2022-02-24	10:58:43	8.70386e-1	1.03663e-1	-4.44814e1	5.15667e1	1.12605e2	2.9456615e-4	1.0865330e-3	1.2094056e1	1.0786365	
2022-02-24	10:58:43	6.72219e-1	1.03571e-1	-4.44895e1	5.15667e1	1.12605e2	2.2757053e-4	1.0855793e-3	1.2097413e1	1.0787233	
2022-02-24	10:58:44	9.52035e-1	9.82607e-2	-4.49703e1	5.15667e1	1.12604e2	3.2216310e-4	1.0303854e-3	1.2092378e1	1.0785152	
2022-02-24	10:58:44	9.52035e-1	9.82607e-2	-4.49703e1	5.15667e1	1.12604e2	3.2216310e-4	1.0303854e-3	1.2092378e1	1.0785152	
2022-02-24	10:58:45	8.06572e-1	9.87730e-2	-4.49231e1	5.15667e1	1.12602e2	2.7298927e-4	1.0356903e-3	1.2097413e1	1.0784814	
2022-02-24	10:58:45	5.64078e-1	1.19243e-1	-4.31921e1	5.15667e1	1.12595e2	1.9097328e-4	1.2480020e-3	1.2099092e1	1.0784804	
2022-02-24	10:58:46	6.73915e-1	1.35044e-1	-4.20315e1	5.15667e1	1.12591e2	2.2810697e-4	1.4113783e-3	1.2096574e1	1.0784437	
2022-02-24	10:58:46	8.02492e-1	1.14033e-1	-4.36058e1	5.15667e1	1.12593e2	2.7161836e-4	1.1940002e-3	1.2099092e1	1.0783271	
2022-02-24	10:58:47	8.61750e-1	9.84469e-2	-4.49539e1	5.15634e1	1.12593e2	2.9164552e-4	1.0322332e-3	1.2097413e1	1.0782991	
2022-02-24	10:58:47	8.61750e-1	9.84469e-2	-4.49539e1	5.15634e1	1.12593e2	2.9164552e-4	1.0322332e-3	1.2097413e1	1.0782991	
2022-02-24	10:58:48	8.95873e-1	1.04400e-1	-4.44177e1	5.15667e1	1.12590e2	3.0314922e-4	1.0940432e-3	1.2094895e1	1.0783402	
2022-02-24	10:58:48	6.98934e-1	1.05538e-1	-4.43185e1	5.15667e1	1.12589e2	2.3657083e-4	1.1058449e-3	1.2094056e1	1.0782226	
2022-02-24	10:58:49	7.63970e-1	1.03597e-1	-4.44885e1	5.15667e1	1.12590e2	2.5856494e-4	1.0856986e-3	1.2096574e1	1.0782445	
2022-02-24	10:58:49	7.93020e-1	1.00525e-1	-4.47635e1	5.15667e1	1.12592e2	2.6839971e-4	1.0538101e-3	1.2105805e1	1.0782450	
2022-02-24	10:58:50	8.58322e-1	9.99283e-2	-4.48178e1	5.15667e1	1.12593e2	2.9045343e-4	1.0476112e-3	1.2094056e1	1.0782760	
2022-02-24	10:58:50	8.58322e-1	9.99283e-2	-4.48178e1	5.15667e1	1.12593e2	2.9045343e-4	1.0476112e-3	1.2094056e1	1.0782760	
2022-02-24	10:58:51	1.05041	1.04677e-1	-4.43937e1	5.15634e1	1.12588e2	3.5536289e-4	1.0969042e-3	1.2107484e1	1.0780411	
2022-02-24	10:58:51	8.62660e-1	1.05218e-1	-4.43461e1	5.15634e1	1.12593e2	2.9194355e-4	1.1025667e-3	1.2094895e1	1.0782492	
2022-02-24	10:58:52	8.97818e-1	1.03425e-1	-4.45037e1	5.15667e1	1.12590e2	3.0380487e-4	1.0839104e-3	1.2110002e1	1.0781106	
2022-02-24	10:58:52	9.60533e-1	1.03238e-1	-4.45200e1	5.15667e1	1.12593e2	3.2502412e-4	1.0820031e-3	1.2102448e1	1.0781118	
2022-02-24	10:58:53	6.56269e-1	1.03185e-1	-4.45251e1	5.15667e1	1.12588e2	2.2214651e-4	1.0814070e-3	1.2106645e1	1.0781012	
2022-02-24	10:58:53	7.86220e-1	1.03260e-1	-4.45184e1	5.15701e1	1.12589e2	2.6607513e-4	1.0821819e-3	1.2107484e1	1.0780352	
2022-02-24	10:58:54	8.48272e-1	1.06030e-1	-4.42757e1	5.15667e1	1.12591e2	2.8705596e-4	1.1109709e-3	1.2094056e1	1.0780625	
2022-02-24	10:58:54	7.29084e-1	1.01349e-1	-4.46893e1	5.15667e1	1.12588e2	2.4676322e-4	1.0623335e-3	1.2095735e1	1.0780578	
2022-02-24	10:58:55	8.28548e-1	1.01143e-1	-4.47080e1	5.15634e1	1.12586e2	2.8038024e-4	1.0601878e-3	1.2098252e1	1.0779299	
2022-02-24	10:58:55	8.52795e-1	1.07721e-1	-4.41308e1	5.15601e1	1.12586e2	2.8860569e-4	1.1284947e-3	1.2094056e1	1.0779924	
2022-02-24	10:58:56	9.16488e-1	1.06533e-1	-4.42326e1	5.15634e1	1.12587e2	3.1012296e-4	1.1161565e-3	1.2094056e1	1.0779556	
2022-02-24	10:58:56	9.99392e-1	1.00710e-1	-4.47467e1	5.15701e1	1.12591e2	3.3813714e-4	1.0557174e-3	1.2094056e1	1.0779161	
2022-02-24	10:58:57	9.50231e-1	1.04757e-1	-4.43870e1	5.15701e1	1.12584e2	3.2150745e-4	1.0976791e-3	1.2094895e1	1.0780133	
2022-02-24	10:58:57	9.77797e-1	1.06279e-1	-4.42547e1	5.15701e1	1.12584e2	3.3080577e-4	1.1134743e-3	1.2096574e1	1.0779317	
2022-02-24	10:58:58	8.11828e-1	1.06619e-1	-4.42256e1	5.15667e1	1.12582e2	2.7471780e-4	1.1169910e-3	1.2095735e1	1.0779336	
2022-02-24	10:58:58	6.36164e-1	1.07303e-1	-4.41666e1	5.15634e1	1.12586e2	2.1535158e-4	1.1241436e-3	1.2094895e1	1.0779335	
2022-02-24	10:58:59	7.46908e-1	1.02082e-1	-4.46239e1	5.15634e1	1.12582e2	2.5278329e-4	1.0699033e-3	1.2096574e1	1.0776736	
2022-02-24	10:58:59	8.84459e-1	1.04116e-1	-4.44435e1	5.15667e1	1.12581e2	2.9927492e-4	1.0910034e-3	1.2096574e1	1.0777242	
2022-02-24	10:59:00	9.47833e-1	1.07193e-1	-4.41767e1	5.15701e1	1.12577e2	3.2067298e-4	1.1228919e-3	1.2099931e1	1.0781527	
2022-02-24	10:59:00	2.66123	8.81213e-2	-4.59639e1	5.15634e1	1.12522e2	8.9782476e-4	9.2422962e-4	1.2096574e1	1.0507762	
2022-02-24	10:59:01	1.39636	9.44116e-2	-4.53971e1	5.15600e1	1.11819e2	4.6867132e-4	9.8347663e-4	1.2096574e1	1.0364336	
2022-02-24	10:59:01	1.39636	9.44116e-2	-4.53971e1	5.15600e1	1.11819e2	4.6867132e-4	9.8347663e-4	1.2096574e1	1.0364336	
2022-02-24	10:59:02	-1.62461	1.23986e-1	-4.29049e1	5.15634e1	1.11689e2	-5.4681301e-4	1.2866854e-3	1.2093217e1	1.0368777	
2022-02-24	10:59:02	-2.59669e-1	1.15991e-1	-4.35211e1	5.15667e1	1.11711e2	-8.7261199e-5	1.2047886e-3	1.2094056e1	1.0380641	
2022-02-24	10:59:03	1.38939	1.01403e-1	-4.47535e1	5.15667e1	1.11738e2	4.6598911e-4	1.0548830e-3	1.2090699e1	1.0387006	
2022-02-24	10:59:03	1.67343	9.90264e-2	-4.49687e1	5.15667e1	1.11753e2	5.6111812e-4	1.0305047e-3	1.2095735e1	1.0392956	
2022-02-24	10:59:04	1.59353	9.79976e-2	-4.50632e1	5.15667e1	1.11760e2	5.3441524e-4	1.0199546e-3	1.2091538e1	1.0396174	
2022-02-24	10:59:04	1.27563	9.38181e-2	-4.54587e1	5.15634e1	1.11764e2	4.2802095e-4	9.7686052e-4	1.2095735e1	1.0399063	
2022-02-24	10:59:05	1.18157	9.51802e-2	-4.53279e1	5.15634e1	1.11765e2	3.9649009e-4	9.9092721e-4	1.2092378e1	1.0398854	
2022-02-24	10:59:05	1.05664	1.01101e-1	-4.47787e1	5.15634e1	1.11764e2	3.5464763e-4	1.0520219e-3	1.2104127e1	1.0401312	
2022-02-24	10:59:06	7.97429e-1	1.00135e-1	-4.48656e1	5.15667e1	1.11773e2	2.6774406e-4	1.0421276e-3	1.2096574e1	1.0402755	
2022-02-24	10:59:06	7.87702e-1	9.94913e-2	-4.49247e1	5.15667e1	1.11769e2	2.6446580e-4	1.0354518e-3	1.2095735e1	1.0403000	
2022-02-24	10:59:07	7.67083e-1	1.03780e-1	-4.45393e1	5.15667e1	1.11769e2	2.5755167e-4	1.0796785e-3	1.2095735e1	1.0399855	
2022-02-24	10:59:07	1.00398	9.77613e-2	-4.50841e1	5.15667e1	1.11773e2	3.3700466e-4	1.0176301e-3	1.2112519e1	1.0401463	
2022-02-24	10:59:08	8.23888e-1	1.01377e-1	-4.47530e1	5.15667e1	1.11774e2	2.7662515e-4	1.0549426e-3	1.2091538e1	1.0402162	
2022-02-24	10:59:08	8.23888e-1	1.01377e-1	-4.47530e1	5.15667e1	1.11774e2	2.7662515e-4	1.0549426e-3	1.2091538e1	1.0402162	
2022-02-24	10:59:09	8.48086e-1	1.03224e-1	-4.45883e1	5.15701e1	1.11771e2	2.8473138e-4	1.0739564e-3	1.2107484e1	1.0402266	
2022-02-24	10:59:09	9.09240e-1	9.96409e-2	-4.49108e1	5.15701e1	1.11771e2	3.0523538e-4	1.0370016e-3	1.2106645e1	1.0402079	
2022-02-24	10:59:10	1.01929	9.75309e-2	-4.51057e1	5.15667e1	1.11772e2	3.4213066e-4	1.0152459e-3	1.2093217e1	1.0402802	
2022-02-24	10:59:10	9.40490e-1	9.89359e-2	-4.49756e1	5.15667e1	1.11770e2	3.1572580e-4	1.0297298e-3	1.2097413e1	1.0401102	
2022-02-24	10:59:11	9.40490e-1	9.89359e-2	-4.49756e1	5.15667e1	1.11770e2	3.1572580e-4	1.0297298e-3	1.2097413e1	1.0401102	
2022-02-24	10:59:11	9.19997e-1	1.01174e-1	-4.47713e1	5.15667e1	1.11774e2	3.0887126e-4	1.0528564e-3	1.2093217e1	1.0400928	
2022-02-24	10:59:12	9.31292e-1	1.01125e-1	-4.47759e1	5.15701e1	1.11772e2	3.1262636e-4	1.0523200e-3	1.2097413e1	1.0401847	
2022-02-24	10:59:12	7.54575e-1	1.03009e-1	-4.46072e1	5.15701e1	1.11772e2	2.5337934e-4	1.0717511e-3	1.2109162e1	1.0402313	
2022-02-24	10:59:13	8.38162e-1	9.97859e-2	-4.48976e1	5.15701e1	1.11771e2	2.8139352e-4	1.0384917e-3	1.2094056e1	1.0401544	
2022-02-24	10:59:13	8.39969e-1	9.90086e-2	-4.49692e1	5.15667e1	1.11766e2	2.8198957e-4	1.0304450e-3	1.2107484e1	1.0399413	
2022-02-24	10:59:14	9.79728e-1	9.71612e-2	-4.51407e1	5.15667e1	1.11765e2	3.2883882e-4	1.0113716e-3	1.2110002e1	1.0400775	
2022-02-24	10:59:14	9.79728e-1	9.71612e-2	-4.51407e1	5.15667e1	1.11765e2	3.2883882e-4	1.0113716e-3	1.2110002e1	1.0400775	
2022-02-24	10:59:15	9.94267e-1	9.73821e-2	-4.51201e1	5.15701e1	1.11765e2	3.3372640e-4	1.0136365e-3	1.2108323e1	1.0400333	
2022-02-24	10:59:15	9.72919e-1	1.00105e-1	-4.48687e1	5.15667e1	1.11767e2	3.2657384e-4	1.0417699e-3	1.2095735e1	1.0400857	
2022-02-24	10:59:16	7.46972e-1	1.00854e-1	-4.48006e1	5.15634e1	1.11769e2	2.5081634e-4	1.0495185e-3	1.2104127e1	1.0400391	
2022-02-24	10:59:16	7.66028e-1	9.96719e-2	-4.49085e1	5.15600e1	1.11765e2	2.5719404e-4	1.0372996e-3	1.2094895e1	1.0401136	
2022-02-24	10:59:17	1.20447	9.87361e-2	-4.49943e1	5.15634e1	1.11766e2	4.0417909e-4	1.0276436e-3	1.2096574e1	1.0399786	
2022-02-24	10:59:17	1.20447	9.87361e-2	-4.49943e1	5.15634e1	1.11766e2	4.0417909e-4	1.0276436e-3	1.2096574e1	1.0399786	
2022-02-24	10:59:18	1.10536	9.78524e-2	-4.50761e1	5.15667e1	1.11767e2	3.7097930e-4	1.0185241e-3	1.2100770e1	1.0400018	
2022-02-24	10:59:18	1.15006	1.02091e-1	-4.46897e1	5.15667e1	1.11764e2	3.8594007e-4	1.0622143e-3	1.2097413e1	1.0399994	
2022-02-24	10:59:19	-4.12860e-1	1.12517e-1	-4.37946e1	5.15667e1	1.11798e2	-1.3887882e-4	1.1699795e-3	1.2109162e1	1.0627596	
2022-02-24	10:59:19	1.15991e-1	1.04067e-1	-4.44615e1	5.15667e1	1.12412e2	3.9219856e-5	1.0888576e-3	1.2094056e1	1.0774525	
2022-02-24	10:59:20	2.60747	9.46044e-2	-4.53124e1	5.15667e1	1.12637e2	8.8071823e-4	9.9265575e-4	1.2104966e1	1.0829310	
2022-02-24	10:59:20	2.60747	9.46044e-2	-4.53124e1	5.15667e1	1.12637e2	8.8071823e-4	9.9265575e-4	1.2104966e1	1.0829310	
2022-02-24	10:59:21	2.28443	9.89181e-2	-4.49003e1	5.15701e1	1.12717e2	7.7253580e-4	1.0382533e-3	1.2094895e1	1.0839457	
2022-02-24	10:59:21	1.72372e-1	9.71960e-2	-4.50573e1	5.15701e1	1.12755e2	5.8472156e-5	1.0206699e-3	1.2098252e1	1.0839262	
2022-02-24	10:59:22	1.20332e-1	1.03865e-1	-4.44517e1	5.15667e1	1.12752e2	4.0829181e-5	1.0900497e-3	1.2097413e1	1.0838749	
2022-02-24	10:59:22	1.56558e-1	1.04829e-1	-4.43676e1	5.15667e1	1.12744e2	5.3107738e-5	1.1000037e-3	1.2095735e1	1.0837539	
2022-02-24	10:59:23	5.49033e-1	1.02531e-1	-4.45711e1	5.15667e1	1.12738e2	1.8614530e-4	1.0760426e-3	1.2094056e1	1.0836243	
2022-02-24	10:59:23	5.49033e-1	1.02531e-1	-4.45711e1	5.15667e1	1.12738e2	1.8614530e-4	1.0760426e-3	1.2094056e1	1.0836243	
2022-02-24	10:59:24	9.74811e-1	1.00921e-1	-4.47167e1	5.15701e1	1.12726e2	3.3026933e-4	1.0591745e-3	1.2100770e1	1.0834438	
2022-02-24	10:59:24	9.94786e-1	9.78908e-2	-4.49947e1	5.15701e1	1.12726e2	3.3700466e-4	1.0276436e-3	1.2111680e1	1.0832297	
2022-02-24	10:59:25	1.03597	1.02220e-1	-4.46002e1	5.15701e1	1.12722e2	3.5095214e-4	1.0726451e-3	1.2100770e1	1.0831714	
2022-02-24	10:59:25	1.10532	1.01372e-1	-4.46768e1	5.15734e1	1.12716e2	3.7437677e-4	1.0637640e-3	1.2098252e1	1.0830725	
2022-02-24	10:59:26	1.03545	9.91515e-2	-4.48792e1	5.15701e1	1.12713e2	3.5071372e-4	1.0406374e-3	1.2092378e1	1.0829309	
2022-02-24	10:59:26	1.03545	9.91515e-2	-4.48792e1	5.15701e1	1.12713e2	3.5071372e-4	1.0406374e-3	1.2092378e1	1.0829309	
2022-02-24	10:59:27	9.35830e-1	9.88939e-2	-4.49040e1	5.15701e1	1.12699e2	3.1697750e-4	1.0378360e-3	1.2093217e1	1.0835180	
2022-02-24	10:59:27	8.44842e-1	9.90992e-2	-4.48788e1	5.15701e1	1.12778e2	2.8640031e-4	1.0406970e-3	1.2099092e1	1.0837867	
2022-02-24	10:59:28	1.13075	1.00211e-1	-4.47728e1	5.15734e1	1.12829e2	3.8337707e-4	1.0527372e-3	1.2093217e1	1.0835263	
2022-02-24	10:59:28	1.28622	9.63884e-2	-4.51252e1	5.15667e1	1.12854e2	4.3612718e-4	1.0131597e-3	1.2099931e1	1.0834063	
2022-02-24	10:59:29	1.08629	9.74887e-2	-4.50211e1	5.15667e1	1.12864e2	3.6847591e-4	1.0247230e-3	1.2093217e1	1.0833548	
2022-02-24	10:59:29	1.08629	9.74887e-2	-4.50211e1	5.15667e1	1.12864e2	3.6847591e-4	1.0247230e-3	1.2093217e1	1.0833548	
2022-02-24	10:59:30	8.30372e-1	1.00157e-1	-4.47746e1	5.15667e1	1.12867e2	2.8175115e-4	1.0525584e-3	1.2111680e1	1.0833404	
2022-02-24	10:59:30	9.18441e-1	1.01459e-1	-4.46569e1	5.15667e1	1.12865e2	3.1161308e-4	1.0660886e-3	1.2104966e1	1.0833423	
2022-02-24	10:59:31	9.28493e-1	1.00452e-1	-4.47480e1	5.15667e1	1.12864e2	3.1501054e-4	1.0555982e-3	1.2092378e1	1.0833572	
2022-02-24	10:59:31	9.43669e-1	1.01186e-1	-4.46817e1	5.15667e1	1.12862e2	3.2013654e-4	1.0632276e-3	1.2104127e1	1.0833643	
2022-02-24	10:59:32	1.04570	1.03167e-1	-4.45043e1	5.15701e1	1.12863e2	3.5470724e-4	1.0838508e-3	1.2097413e1	1.0833607	
2022-02-24	10:59:32	1.04570	1.03167e-1	-4.45043e1	5.15701e1	1.12863e2	3.5470724e-4	1.0838508e-3	1.2097413e1	1.0833607	
2022-02-24	10:59:33	8.43601e-1	9.92210e-2	-4.48610e1	5.15667e1	1.12859e2	2.8622150e-4	1.0427236e-3	1.2097413e1	1.0833799	
"2022-02-24 at 11:19"
System_Date_(Y-M-D)	System_Time_(h:m:s)	CO₂_(µmol_mol⁻¹)	H₂O_(mmol_mol⁻¹)	H₂O_(°C)	Cell_Temperature_(°C)	Cell_Pressure_(kPa)	CO₂_Absorption	H₂O_Absorption	Input_Voltage_(V)	Flow_Rate_(L_min⁻¹)	
2022-02-24	11:19:15	1.10191	9.64809e-2	-4.51087e1	5.15634e1	1.12951e2	3.7407875e-4	1.0150074e-3	1.2100770e1	1.0829220	
2022-02-24	11:19:16	1.10270	9.28968e-2	-4.54526e1	5.15667e1	1.12948e2	3.7431716e-4	9.7757577e-4	1.2099931e1	1.0829365	
2022-02-24	11:19:16	1.04160	9.21124e-2	-4.55293e1	5.15667e1	1.12950e2	3.5363435e-4	9.6940994e-4	1.2100770e1	1.0829246	
2022-02-24	11:19:17	1.26799	9.13024e-2	-4.56093e1	5.15667e1	1.12950e2	4.3034553e-4	9.6094608e-4	1.2111680e1	1.0829293	
2022-02-24	11:19:17	1.49197	9.66305e-2	-4.50946e1	5.15667e1	1.12951e2	5.0622224e-4	1.0165572e-3	1.2098252e1	1.0829220	
2022-02-24	11:19:18	1.77740	9.75561e-2	-4.50078e1	5.15667e1	1.12951e2	6.0284137e-4	1.0262131e-3	1.2099931e1	1.0829209	
2022-02-24	11:19:18	1.45834	9.12915e-2	-4.56105e1	5.15634e1	1.12948e2	4.9483776e-4	9.6082687e-4	1.2099092e1	1.0829377	
2022-02-24	11:19:19	9.17333e-1	8.87045e-2	-4.58701e1	5.15667e1	1.12950e2	3.1149387e-4	9.3382596e-4	1.2113358e1	1.0829246	
2022-02-24	11:19:19	1.07397	1.02022e-1	-4.45994e1	5.15667e1	1.12950e2	3.6460161e-4	1.0727643e-3	1.2099092e1	1.0829246	
2022-02-24	11:19:20	1.13272	9.19716e-2	-4.55434e1	5.15634e1	1.12947e2	3.8450956e-4	9.6791982e-4	1.2097413e1	1.0829590	
2022-02-24	11:19:20	1.21148	7.89593e-2	-4.69147e1	5.15667e1	1.12952e2	4.1121244e-4	8.3196163e-4	1.2098252e1	1.0829551	
2022-02-24	11:19:21	1.07695	9.44540e-2	-4.53016e1	5.15667e1	1.12950e2	3.6561489e-4	9.9384784e-4	1.2101609e1	1.0829422	
2022-02-24	11:19:21	8.52671e-1	9.97901e-2	-4.48014e1	5.15634e1	1.12952e2	2.8955936e-4	1.0495185e-3	1.2099092e1	1.0829197	
2022-02-24	11:19:22	1.15153	9.55396e-2	-4.51979e1	5.15634e1	1.12949e2	3.9088726e-4	1.0051727e-3	1.2104966e1	1.0829305	
2022-02-24	11:19:22	1.16381	9.62491e-2	-4.51307e1	5.15667e1	1.12949e2	3.9505958e-4	1.0125637e-3	1.2102448e1	1.0829305	
2022-02-24	11:19:23	9.93987e-1	9.74869e-2	-4.50143e1	5.15634e1	1.12951e2	3.3748149e-4	1.0254979e-3	1.2115037e1	1.0829234	
2022-02-24	11:19:23	9.93987e-1	9.74869e-2	-4.50143e1	5.15634e1	1.12951e2	3.3748149e-4	1.0254979e-3	1.2115037e1	1.0829234	
2022-02-24	11:19:24	1.08484	9.33079e-2	-4.54122e1	5.15600e1	1.12953e2	3.6829710e-4	9.8192691e-4	1.2107484e1	1.0829137	
2022-02-24	11:19:24	1.24195	9.36080e-2	-4.53834e1	5.15600e1	1.12949e2	4.2152404e-4	9.8502635e-4	1.2100770e1	1.0829317	
2022-02-24	11:19:25	1.10300	9.49853e-2	-4.52509e1	5.15600e1	1.12948e2	3.7443637e-4	9.9939107e-4	1.2104127e1	1.0829353	
2022-02-24	11:19:25	1.01240	9.31675e-2	-4.54260e1	5.15634e1	1.12951e2	3.4373998e-4	9.8043680e-4	1.2099092e1	1.0829220	
2022-02-24	11:19:26	1.28979	9.16670e-2	-4.55731e1	5.15667e1	1.12950e2	4.3773651e-4	9.6476078e-4	1.2112519e1	1.0829246	
2022-02-24	11:19:26	1.15725	9.48529e-2	-4.52633e1	5.15667e1	1.12952e2	3.9285421e-4	9.9802017e-4	1.2099092e1	1.0829185	
2022-02-24	11:19:27	1.13850	9.47243e-2	-4.52760e1	5.15634e1	1.12947e2	3.8647651e-4	9.9664926e-4	1.2101609e1	1.0829401	
2022-02-24	11:19:27	1.20413	9.53450e-2	-4.52165e1	5.15600e1	1.12949e2	4.0870904e-4	1.0031461e-3	1.2098252e1	1.0829341	
2022-02-24	11:19:28	1.24364	9.95463e-2	-4.48240e1	5.15600e1	1.12948e2	4.2212009e-4	1.0469555e-3	1.2097413e1	1.0829365	
2022-02-24	11:19:28	1.34290	9.66403e-2	-4.50937e1	5.15600e1	1.12950e2	4.5573711e-4	1.0166764e-3	1.2100770e1	1.0829246	
2022-02-24	11:19:29	1.19532	9.44147e-2	-4.53056e1	5.15634e1	1.12949e2	4.0572881e-4	9.9343061e-4	1.2099931e1	1.0829341	
2022-02-24	11:19:29	1.20077	9.43507e-2	-4.53116e1	5.15634e1	1.12950e2	4.0757656e-4	9.9277496e-4	1.2112519e1	1.0829269	
2022-02-24	11:19:30	1.24204	9.22433e-2	-4.55164e1	5.15667e1	1.12951e2	4.2158365e-4	9.7078084e-4	1.2114198e1	1.0829220	
2022-02-24	11:19:30	1.18859	9.45657e-2	-4.52907e1	5.15667e1	1.12954e2	4.0346384e-4	9.9503993e-4	1.2101609e1	1.0829101	
2022-02-24	11:19:31	1.11709	9.61030e-2	-4.51448e1	5.15634e1	1.12945e2	3.7920475e-4	1.0110139e-3	1.2097413e1	1.0829497	
2022-02-24	11:19:31	1.24250	9.57183e-2	-4.51810e1	5.15667e1	1.12949e2	4.2170286e-4	1.0070204e-3	1.2096574e1	1.0829341	
2022-02-24	11:19:32	1.28168	9.85582e-2	-4.49148e1	5.15667e1	1.12949e2	4.3499469e-4	1.0366439e-3	1.2101609e1	1.0829305	
2022-02-24	11:19:32	1.09102	9.86185e-2	-4.49091e1	5.15634e1	1.12951e2	3.7038326e-4	1.0372996e-3	1.2096574e1	1.0829220	
2022-02-24	11:19:33	1.23749	9.28301e-2	-4.54588e1	5.15634e1	1.12952e2	4.2003393e-4	9.7692012e-4	1.2111680e1	1.0829197	
2022-02-24	11:19:33	1.32804	9.30788e-2	-4.54344e1	5.15600e1	1.12954e2	4.5073032e-4	9.7954273e-4	1.2102448e1	1.0829101	
2022-02-24	11:19:34	1.38781	9.82544e-2	-4.49430e1	5.15634e1	1.12949e2	4.7093629e-4	1.0334849e-3	1.2099092e1	1.0829405	
2022-02-24	11:19:34	9.55787e-1	9.89306e-2	-4.48890e1	5.15634e1	1.12844e2	3.2418966e-4	1.0395646e-3	1.2099931e1	1.0834378	
2022-02-24	11:19:35	1.29407	9.42263e-2	-4.53242e1	5.15667e1	1.12943e2	4.3916702e-4	9.9140405e-4	1.2110841e1	1.0829616	
2022-02-24	11:19:35	1.29407	9.42263e-2	-4.53242e1	5.15667e1	1.12943e2	4.3916702e-4	9.9140405e-4	1.2110841e1	1.0829616	
2022-02-24	11:19:36	1.18040	9.51005e-2	-4.52388e1	5.15634e1	1.12962e2	4.0072202e-4	1.0007023e-3	1.2099092e1	1.0828705	
2022-02-24	11:19:36	1.17333	9.41620e-2	-4.53287e1	5.15634e1	1.12964e2	3.9833784e-4	9.9092721e-4	1.2099092e1	1.0828610	
2022-02-24	11:19:37	1.12060	9.32539e-2	-4.54165e1	5.15667e1	1.12965e2	3.8045644e-4	9.8145008e-4	1.2099092e1	1.0828551	
2022-02-24	11:19:37	9.09821e-1	9.35408e-2	-4.53887e1	5.15701e1	1.12964e2	3.0899047e-4	9.8443031e-4	1.2108323e1	1.0828574	
2022-02-24	11:19:38	9.18644e-1	9.84143e-2	-4.49269e1	5.15701e1	1.12964e2	3.1197071e-4	1.0352730e-3	1.2110002e1	1.0828574	
2022-02-24	11:19:38	9.18644e-1	9.84143e-2	-4.49269e1	5.15701e1	1.12964e2	3.1197071e-4	1.0352730e-3	1.2110002e1	1.0828574	
2022-02-24	11:19:39	1.29328	9.65785e-2	-4.50984e1	5.15634e1	1.12964e2	4.3898820e-4	1.0161399e-3	1.2100770e1	1.0828610	
2022-02-24	11:19:39	1.31364	9.67788e-2	-4.50797e1	5.15600e1	1.12962e2	4.4590234e-4	1.0182261e-3	1.2096574e1	1.0828682	
2022-02-24	11:19:40	9.92820e-1	9.92257e-2	-4.48522e1	5.15634e1	1.12962e2	3.3712387e-4	1.0437369e-3	1.2101609e1	1.0828670	
2022-02-24	11:19:40	9.74335e-1	9.62632e-2	-4.51286e1	5.15634e1	1.12958e2	3.3086538e-4	1.0128021e-3	1.2104127e1	1.0828874	
2022-02-24	11:19:41	1.19973	9.13192e-2	-4.56066e1	5.15634e1	1.12963e2	4.0727853e-4	9.6124410e-4	1.2104127e1	1.0828658	
2022-02-24	11:19:41	1.19973	9.13192e-2	-4.56066e1	5.15634e1	1.12963e2	4.0727853e-4	9.6124410e-4	1.2104127e1	1.0828658	
2022-02-24	11:19:42	-1.09528e2	4.52949e-2	-5.17070e1	5.15600e1	1.13567e2	-4.4297337e-2	4.8130750e-4	1.2099931e1	1.0799800	
2022-02-24	11:19:42	6.45756e2	5.23023e-1	-2.83742e1	5.15634e1	1.13481e2	1.2811338e-1	5.3338408e-3	1.2099092e1	1.0803915	
2022-02-24	11:19:43	4.64932e3	1.09795	-2.01497e1	5.15634e1	1.13174e2	3.5071814e-1	1.0696768e-2	1.2099092e1	1.0818547	
2022-02-24	11:19:43	1.29258e3	5.72403e-1	-2.74438e1	5.15634e1	1.13052e2	1.9299965e-1	5.7927966e-3	1.2099092e1	1.0824359	
2022-02-24	11:19:44	2.43547e1	6.29838e-2	-4.89091e1	5.15667e1	1.12994e2	8.0224876e-3	6.6483020e-4	1.2100770e1	1.0827149	
2022-02-24	11:19:44	2.43547e1	6.29838e-2	-4.89091e1	5.15667e1	1.12994e2	8.0224876e-3	6.6483020e-4	1.2100770e1	1.0827149	
2022-02-24	11:19:45	7.58322	8.71229e-2	-4.60317e1	5.15634e1	1.12958e2	2.5523304e-3	9.1737508e-4	1.2099092e1	1.0828886	
2022-02-24	11:19:45	2.14490e1	1.00478e-1	-4.47383e1	5.15634e1	1.12955e2	7.0892572e-3	1.0567307e-3	1.2102448e1	1.0829005	
2022-02-24	11:19:46	2.35599e1	1.04863e-1	-4.43477e1	5.15667e1	1.12954e2	7.7655911e-3	1.1023879e-3	1.2101609e1	1.0829101	
2022-02-24	11:19:46	2.21142e1	1.04125e-1	-4.44130e1	5.15634e1	1.12945e2	7.3021650e-3	1.0946393e-3	1.2101609e1	1.0829485	
2022-02-24	11:19:47	1.89551e1	1.02394e-1	-4.45667e1	5.15634e1	1.12943e2	6.2844753e-3	1.0765790e-3	1.2102448e1	1.0829604	
2022-02-24	11:19:47	1.89551e1	1.02394e-1	-4.45667e1	5.15634e1	1.12943e2	6.2844753e-3	1.0765790e-3	1.2102448e1	1.0829604	
2022-02-24	11:19:48	1.42515e1	1.01725e-1	-4.46262e1	5.15634e1	1.12948e2	4.7543048e-3	1.0696649e-3	1.2100770e1	1.0829353	
2022-02-24	11:19:48	1.21200e1	1.00987e-1	-4.46926e1	5.15667e1	1.12950e2	4.0545463e-3	1.0619759e-3	1.2106645e1	1.0829281	
2022-02-24	11:19:49	1.04638e1	1.01003e-1	-4.46911e1	5.15667e1	1.12951e2	3.5082101e-3	1.0621547e-3	1.2110002e1	1.0829209	
2022-02-24	11:19:49	9.28112	1.00824e-1	-4.47070e1	5.15701e1	1.12954e2	3.1166076e-3	1.0603070e-3	1.2101609e1	1.0829054	
2022-02-24	11:19:50	8.20759	1.01962e-1	-4.46045e1	5.15667e1	1.12954e2	2.7600526e-3	1.0721683e-3	1.2101609e1	1.0829077	
2022-02-24	11:19:50	7.01925	1.02882e-1	-4.45223e1	5.15667e1	1.12954e2	2.3641586e-3	1.0817646e-3	1.2101609e1	1.0829054	
2022-02-24	11:19:51	6.24002	9.73833e-2	-4.50238e1	5.15667e1	1.12953e2	2.1038651e-3	1.0244250e-3	1.2099931e1	1.0829137	
2022-02-24	11:19:51	5.70278	9.73753e-2	-4.50244e1	5.15634e1	1.12954e2	1.9241571e-3	1.0243654e-3	1.2106645e1	1.0829066	
2022-02-24	11:19:52	5.40674	9.65553e-2	-4.51016e1	5.15667e1	1.12952e2	1.8249154e-3	1.0157823e-3	1.2102448e1	1.0829173	
2022-02-24	11:19:52	4.74936	9.46899e-2	-4.52786e1	5.15667e1	1.12955e2	1.6044974e-3	9.9635124e-4	1.2098252e1	1.0829018	
2022-02-24	11:19:53	3.69912	9.52837e-2	-4.52219e1	5.15634e1	1.12954e2	1.2514591e-3	1.0025501e-3	1.2110841e1	1.0829054	
2022-02-24	11:19:53	3.38457	1.10366e-1	-4.38774e1	5.15634e1	1.12957e2	1.1455416e-3	1.1597275e-3	1.2112519e1	1.0828945	
2022-02-24	11:19:54	3.21642	1.21835e-1	-4.29627e1	5.15634e1	1.12955e2	1.0888576e-3	1.2789368e-3	1.2099092e1	1.0829005	
2022-02-24	11:19:54	2.70458	1.04920e-1	-4.43423e1	5.15634e1	1.12958e2	9.1624259e-4	1.1030435e-3	1.2097413e1	1.0829139	
2022-02-24	11:19:55	2.63102	9.46947e-2	-4.52781e1	5.15634e1	1.12955e2	8.9138746e-4	9.9641084e-4	1.2097413e1	1.0829372	
2022-02-24	11:19:55	2.55927	9.5625e-2	-4.51892e1	5.15667e1	1.12958e2	8.6718797e-4	1.0061264e-3	1.2099092e1	1.0828998	
2022-02-24	11:19:56	2.41981	9.45074e-2	-4.52961e1	5.15667e1	1.12955e2	8.2004070e-4	9.9444389e-4	1.2103288e1	1.0829030	
2022-02-24	11:19:56	2.16749	9.63792e-2	-4.51178e1	5.15634e1	1.12956e2	7.3480606e-4	1.0139942e-3	1.2100770e1	1.0828970	
2022-02-24	11:19:57	1.87495	1.00149e-1	-4.47685e1	5.15634e1	1.12953e2	6.3586235e-4	1.0532736e-3	1.2104966e1	1.0829125	
2022-02-24	11:19:57	2.06019	9.87723e-2	-4.48948e1	5.15667e1	1.12953e2	6.9850683e-4	1.0389089e-3	1.2111680e1	1.0829137	
2022-02-24	11:19:58	2.06757	9.69733e-2	-4.50619e1	5.15634e1	1.12957e2	7.0101022e-4	1.0201930e-3	1.2098252e1	1.0828957	
2022-02-24	11:19:58	1.83842	9.47619e-2	-4.52715e1	5.15667e1	1.12958e2	6.2352418e-4	9.9712610e-4	1.2099931e1	1.0828886	
2022-02-24	11:19:59	1.79175	9.67760e-2	-4.50806e1	5.15667e1	1.12954e2	6.0772895e-4	1.0181069e-3	1.2100770e1	1.0829054	
2022-02-24	11:19:59	1.64228	1.03272e-1	-4.44877e1	5.15667e1	1.12953e2	5.5712461e-4	1.0858178e-3	1.2098252e1	1.0829113	
2022-02-24	11:20:00	1.55142	1.00785e-1	-4.47107e1	5.15667e1	1.12953e2	5.2636861e-4	1.0598897e-3	1.2108323e1	1.0829137	
2022-02-24	11:20:00	1.52505	9.69614e-2	-4.50646e1	5.15634e1	1.12937e2	5.1736831e-4	1.0198950e-3	1.2100770e1	1.0829880	
2022-02-24	11:20:01	1.59222	9.58860e-2	-4.51654e1	5.15634e1	1.12945e2	5.4013729e-4	1.0087490e-3	1.2099092e1	1.0829509	
2022-02-24	11:20:01	1.79647	9.64075e-2	-4.51157e1	5.15634e1	1.12950e2	6.0927867e-4	1.0142326e-3	1.2100770e1	1.0829269	
2022-02-24	11:20:02	1.73219	9.77225e-2	-4.49920e1	5.15600e1	1.12955e2	5.8758258e-4	1.0280013e-3	1.2108323e1	1.0829042	
2022-02-24	11:20:02	1.56094	9.71520e-2	-4.50453e1	5.15634e1	1.12955e2	5.2958726e-4	1.0220408e-3	1.2105805e1	1.0829042	
2022-02-24	11:20:03	1.15557	9.49466e-2	-4.52540e1	5.15667e1	1.12956e2	3.9225816e-4	9.9903345e-4	1.2104127e1	1.0828993	
2022-02-24	11:20:03	1.05334	9.70545e-2	-4.50543e1	5.15667e1	1.12956e2	3.5762786e-4	1.0210275e-3	1.2105805e1	1.0828970	
2022-02-24	11:20:04	1.41273	9.81704e-2	-4.49504e1	5.15634e1	1.12954e2	4.7940015e-4	1.0326504e-3	1.2104966e1	1.0829101	
2022-02-24	11:20:04	1.33495	9.82282e-2	-4.49450e1	5.15667e1	1.12954e2	4.5305490e-4	1.0332465e-3	1.2102448e1	1.0829077	
2022-02-24	11:20:05	1.08779	9.79126e-2	-4.49741e1	5.15701e1	1.12957e2	3.6931037e-4	1.0299682e-3	1.2097413e1	1.0828957	
2022-02-24	11:20:05	1.14498	9.63223e-2	-4.51232e1	5.15634e1	1.12956e2	3.8868188e-4	1.0133981e-3	1.2101609e1	1.0828981	
2022-02-24	11:20:06	1.20831	9.78443e-2	-4.49806e1	5.15667e1	1.12955e2	4.1013956e-4	1.0292530e-3	1.2099931e1	1.0829030	
2022-02-24	11:20:06	1.27289	9.72253e-2	-4.50386e1	5.15734e1	1.12953e2	4.3201446e-4	1.0227560e-3	1.2098252e1	1.0829137	
2022-02-24	11:20:07	1.15771	9.60585e-2	-4.51480e1	5.15667e1	1.12958e2	3.9303302e-4	1.0106563e-3	1.2113358e1	1.0828874	
2022-02-24	11:20:07	1.15771	9.60585e-2	-4.51480e1	5.15667e1	1.12958e2	3.9303302e-4	1.0106563e-3	1.2113358e1	1.0828874	
2022-02-24	11:20:08	1.12495	9.60727e-2	-4.51469e1	5.15667e1	1.12955e2	3.8188695e-4	1.0107755e-3	1.2098252e1	1.0829030	
2022-02-24	11:20:08	1.12967	9.64815e-2	-4.51087e1	5.15634e1	1.12950e2	3.8349628e-4	1.0150074e-3	1.2095735e1	1.0829257	
2022-02-24	11:20:09	1.15238	9.77679e-2	-4.49876e1	5.15634e1	1.12956e2	3.9118528e-4	1.0284781e-3	1.2098252e1	1.0828970	
2022-02-24	11:20:09	1.25489	9.74497e-2	-4.50174e1	5.15667e1	1.12955e2	4.2593479e-4	1.0251402e-3	1.2098252e1	1.0829018	
2022-02-24	11:20:10	1.10769	9.69005e-2	-4.50689e1	5.15634e1	1.12955e2	3.7604570e-4	1.0194182e-3	1.2107484e1	1.0829042	
2022-02-24	11:20:10	9.65773e-1	9.57342e-2	-4.51789e1	5.15634e1	1.12955e2	3.2794475e-4	1.0072588e-3	1.2099931e1	1.0829005	
2022-02-24	11:20:11	1.16178	9.32983e-2	-4.54127e1	5.15634e1	1.12959e2	3.9440393e-4	9.8186731e-4	1.2102448e1	1.0828862	
2022-02-24	11:20:11	1.45778	9.74629e-2	-4.50163e1	5.15667e1	1.12953e2	4.9465894e-4	1.0252594e-3	1.2103288e1	1.0829113	
2022-02-24	11:20:12	1.17932	9.91797e-2	-4.48573e1	5.15701e1	1.12952e2	4.0030479e-4	1.0431408e-3	1.2100770e1	1.0829161	
2022-02-24	11:20:12	1.07988	9.48020e-2	-4.52676e1	5.15701e1	1.12959e2	3.6662817e-4	9.9754333e-4	1.2102448e1	1.0828838	
2022-02-24	11:20:13	1.27552	9.46269e-2	-4.52846e1	5.15667e1	1.12955e2	4.3290853e-4	9.9569559e-4	1.2099931e1	1.0829005	
2022-02-24	11:20:13	1.08667	9.77088e-2	-4.49930e1	5.15634e1	1.12959e2	3.6895275e-4	1.0278820e-3	1.2105805e1	1.0828862	
2022-02-24	11:20:14	1.05631	1.00062e-1	-4.47763e1	5.15634e1	1.12954e2	3.5864114e-4	1.0523796e-3	1.2099931e1	1.0829089	
2022-02-24	11:20:14	1.20758	9.78323e-2	-4.49818e1	5.15634e1	1.12954e2	4.0990114e-4	1.0291337e-3	1.2099931e1	1.0829054	
2022-02-24	11:20:15	1.15077	9.45850e-2	-4.52885e1	5.15667e1	1.12958e2	3.9064884e-4	9.9527835e-4	1.2112519e1	1.0828897	
2022-02-24	11:20:15	1.15078	9.70259e-2	-4.50569e1	5.15701e1	1.12958e2	3.9064884e-4	1.0207295e-3	1.2102448e1	1.0828909	
2022-02-24	11:20:16	1.27740	9.85582e-2	-4.49143e1	5.15667e1	1.12956e2	4.3356418e-4	1.0367035e-3	1.2111680e1	1.0828993	
2022-02-24	11:20:16	1.12631	9.55827e-2	-4.51935e1	5.15667e1	1.12954e2	3.8236379e-4	1.0056495e-3	1.2094895e1	1.0829101	
2022-02-24	11:20:17	1.14448	9.45780e-2	-4.52896e1	5.15667e1	1.12953e2	3.8850307e-4	9.9515914e-4	1.2102448e1	1.0829149	
2022-02-24	11:20:17	1.26845	9.54506e-2	-4.52060e1	5.15667e1	1.12954e2	4.3052434e-4	1.0042786e-3	1.2098252e1	1.0829066	
2022-02-24	11:20:18	1.15265	9.89994e-2	-4.48737e1	5.15667e1	1.12954e2	3.9130449e-4	1.0412931e-3	1.2099092e1	1.0829054	
2022-02-24	11:20:18	1.29362	9.72407e-2	-4.50372e1	5.15667e1	1.12953e2	4.3904781e-4	1.0229349e-3	1.2104127e1	1.0829149	
2022-02-24	11:20:19	1.24593	9.42277e-2	-4.53231e1	5.15667e1	1.12955e2	4.2289495e-4	9.9152326e-4	1.2098252e1	1.0829042	
2022-02-24	11:20:19	1.12651	9.68039e-2	-4.50779e1	5.15667e1	1.12955e2	3.8242340e-4	1.0184049e-3	1.2099931e1	1.0829018	
2022-02-24	11:20:20	1.00658	9.95426e-2	-4.48238e1	5.15667e1	1.12954e2	3.4177303e-4	1.0469555e-3	1.2097413e1	1.0829054	
2022-02-24	11:20:20	1.00658	9.95426e-2	-4.48238e1	5.15667e1	1.12954e2	3.4177303e-4	1.0469555e-3	1.2097413e1	1.0829054	
2022-02-24	11:20:21	1.14902	9.90045e-2	-4.48732e1	5.15667e1	1.12955e2	3.9005279e-4	1.0413527e-3	1.2098252e1	1.0829018	
2022-02-24	11:20:21	1.08850	9.79969e-2	-4.49663e1	5.15667e1	1.12957e2	3.6954879e-4	1.0308623e-3	1.2098252e1	1.0828933	
