System_Date_(Y-M-D)	System_Time_(h:m:s)	CO₂_(µmol_mol⁻¹)	H₂O_(mmol_mol⁻¹)	H₂O_(°C)	Cell_Temperature_(°C)	Cell_Pressure_(kPa)	CO₂_Absorption	H₂O_Absorption	Input_Voltage_(V)	Flow_Rate_(L_min⁻¹)	
2022-02-23	13:30:25	1.07675	8.70806e-2	-4.60246e1	5.15467e1	1.13102e2	3.6609172e-4	9.1814994e-4	1.2076432e1	1.0821979	
2022-02-23	13:30:25	1.15185	8.65459e-2	-4.60803e1	5.15434e1	1.13100e2	3.9160251e-4	9.1254711e-4	1.2074754e1	1.0822086	
2022-02-23	13:30:26	1.24881	8.82649e-2	-4.59029e1	5.15400e1	1.13101e2	4.2450428e-4	9.3054771e-4	1.2068879e1	1.0822038	
2022-02-23	13:30:26	1.29742	8.81955e-2	-4.59098e1	5.15434e1	1.13103e2	4.4101476e-4	9.2983245e-4	1.2073075e1	1.0822964	
2022-02-23	13:30:27	1.49048	8.60818e-2	-4.61291e1	5.15400e1	1.13095e2	5.0646066e-4	9.0765953e-4	1.2068040e1	1.0822324	
2022-02-23	13:30:27	1.29163	8.56806e-2	-4.61715e1	5.15400e1	1.13091e2	4.3898820e-4	9.0342760e-4	1.2076432e1	1.0822528	
2022-02-23	13:30:28	1.12361	8.54487e-2	-4.61955e1	5.15367e1	1.13095e2	3.8200616e-4	9.0104341e-4	1.2071397e1	1.0822324	
2022-02-23	13:30:28	1.17843	8.29432e-2	-4.64628e1	5.15401e1	1.13096e2	4.0060281e-4	8.7481737e-4	1.2072236e1	1.0822277	
2022-02-23	13:30:29	1.10066	7.99752e-2	-4.67894e1	5.15401e1	1.13092e2	3.7419795e-4	8.4370374e-4	1.2070558e1	1.0822480	
2022-02-23	13:30:29	1.22106	8.44981e-2	-4.62966e1	5.15434e1	1.13089e2	4.1502714e-4	8.9102983e-4	1.2073915e1	1.0822611	
2022-02-23	13:30:30	1.11267	8.76507e-2	-4.59671e1	5.15434e1	1.13086e2	3.7825107e-4	9.2399120e-4	1.2067201e1	1.0822756	
2022-02-23	13:30:30	1.17105	8.27685e-2	-4.64824e1	5.15434e1	1.13087e2	3.9803981e-4	8.7291002e-4	1.2083146e1	1.0822707	
2022-02-23	13:30:31	1.27328	8.31746e-2	-4.64387e1	5.15434e1	1.13085e2	4.3272972e-4	8.7714195e-4	1.2069718e1	1.0822827	
2022-02-23	13:30:31	1.10781	8.59620e-2	-4.61427e1	5.15434e1	1.13082e2	3.7658214e-4	9.0628862e-4	1.2067201e1	1.0822970	
2022-02-23	13:30:32	1.18123	8.06149e-2	-4.67190e1	5.15434e1	1.13082e2	4.0149688e-4	8.5031986e-4	1.2066361e1	1.0822958	
2022-02-23	13:30:32	1.24115	8.15808e-2	-4.66123e1	5.15401e1	1.13083e2	4.2182207e-4	8.6045265e-4	1.2068879e1	1.0823945	
2022-02-23	13:30:33	1.22499	8.51466e-2	-4.62285e1	5.15367e1	1.13080e2	4.1633844e-4	8.9776515e-4	1.2068879e1	1.0823030	
2022-02-23	13:30:33	1.31159	8.63892e-2	-4.60982e1	5.15367e1	1.13079e2	4.4572353e-4	9.1075897e-4	1.2064683e1	1.0823079	
2022-02-23	13:30:34	1.40847	8.40291e-2	-4.63477e1	5.15400e1	1.13075e2	4.7856569e-4	8.8602304e-4	1.2077271e1	1.0823270	
2022-02-23	13:30:34	1.39764	7.88350e-2	-4.69193e1	5.15434e1	1.13072e2	4.7487020e-4	8.3160400e-4	1.2067201e1	1.0823438	
2022-02-23	13:30:35	1.13732	8.01119e-2	-4.67760e1	5.15434e1	1.13069e2	3.8653612e-4	8.4495544e-4	1.2065522e1	1.0823581	
2022-02-23	13:30:35	1.13537	8.26337e-2	-4.64984e1	5.15434e1	1.13069e2	3.8588047e-4	8.7136030e-4	1.2069718e1	1.0823569	
2022-02-23	13:30:36	1.37572	8.45587e-2	-4.62917e1	5.15434e1	1.13069e2	4.6741962e-4	8.9150667e-4	1.2067201e1	1.0824615	
2022-02-23	13:30:36	1.33776	8.38276e-2	-4.63695e1	5.15434e1	1.13072e2	4.5454502e-4	8.8387727e-4	1.2068040e1	1.0823438	
2022-02-23	13:30:37	1.22585	8.31065e-2	-4.64474e1	5.15400e1	1.13068e2	4.1657686e-4	8.7630748e-4	1.2064683e1	1.0823628	
2022-02-23	13:30:37	1.24584	8.55741e-2	-4.61845e1	5.15434e1	1.13067e2	4.2337179e-4	9.0211629e-4	1.2064683e1	1.0823652	
2022-02-23	13:30:38	1.27575	8.80922e-2	-4.59232e1	5.15434e1	1.13068e2	4.3350458e-4	9.2846155e-4	1.2062165e1	1.0824663	
2022-02-23	13:30:38	1.18514	8.52635e-2	-4.62174e1	5.15467e1	1.13065e2	4.0274858e-4	8.9883804e-4	1.2063844e1	1.0823773	
2022-02-23	13:30:39	1.18143	8.34735e-2	-4.64080e1	5.15434e1	1.13066e2	4.0149688e-4	8.8012218e-4	1.2077271e1	1.0823737	
2022-02-23	13:30:39	1.28829	8.37328e-2	-4.63803e1	5.15500e1	1.13064e2	4.3773651e-4	8.8280439e-4	1.2062165e1	1.0823820	
2022-02-23	13:30:40	1.31521	8.40426e-2	-4.63474e1	5.15500e1	1.13061e2	4.4685602e-4	8.8602304e-4	1.2059648e1	1.0823963	
2022-02-23	13:30:40	1.25583	8.48439e-2	-4.62621e1	5.15434e1	1.13061e2	4.2670965e-4	8.9442729e-4	1.2068040e1	1.0823951	
2022-02-23	13:30:41	1.25875	8.27076e-2	-4.64910e1	5.15434e1	1.13062e2	4.2772293e-4	8.7207555e-4	1.2060487e1	1.0823928	
2022-02-23	13:30:41	1.26577	8.40099e-2	-4.63505e1	5.15467e1	1.13065e2	4.3010711e-4	8.8572502e-4	1.2060487e1	1.0824794	
2022-02-23	13:30:42	1.26577	8.40099e-2	-4.63505e1	5.15467e1	1.13065e2	4.3010711e-4	8.8572502e-4	1.2060487e1	1.0824794	
2022-02-23	13:30:42	1.42875	8.15363e-2	-4.66188e1	5.15500e1	1.13062e2	4.8536062e-4	8.5979700e-4	1.2059648e1	1.0823928	
2022-02-23	13:30:43	1.16347	8.19064e-2	-4.65784e1	5.15467e1	1.13060e2	3.9535760e-4	8.6367130e-4	1.2058808e1	1.0823988	
2022-02-23	13:30:43	1.51984	8.11318e-2	-4.66634e1	5.15467e1	1.13061e2	5.1623582e-4	8.5556507e-4	1.2062165e1	1.0825010	
2022-02-23	13:30:44	1.27128	8.01830e-2	-4.67689e1	5.15467e1	1.13058e2	4.3195486e-4	8.4561109e-4	1.2060487e1	1.0824096	
2022-02-23	13:30:44	1.22840	8.25787e-2	-4.65051e1	5.15467e1	1.13060e2	4.1741132e-4	8.7070465e-4	1.2062165e1	1.0825058	
2022-02-23	13:30:45	1.22840	8.25787e-2	-4.65051e1	5.15467e1	1.13060e2	4.1741132e-4	8.7070465e-4	1.2062165e1	1.0825058	
2022-02-23	13:30:45	1.10750	8.52784e-2	-4.62167e1	5.15500e1	1.13054e2	3.7634372e-4	8.9889764e-4	1.2062165e1	1.0824298	
2022-02-23	13:30:46	1.32436	8.36077e-2	-4.63943e1	5.15500e1	1.13056e2	4.4995546e-4	8.8143348e-4	1.2057969e1	1.0824203	
2022-02-23	13:30:46	1.40318	8.70327e-2	-4.60334e1	5.15467e1	1.13054e2	4.7665834e-4	9.1725587e-4	1.2060487e1	1.0824298	
2022-02-23	13:30:47	1.45205	8.70433e-2	-4.60322e1	5.15500e1	1.13056e2	4.9322843e-4	9.1737508e-4	1.2071397e1	1.0825238	
2022-02-23	13:30:47	1.27310	8.16537e-2	-4.66064e1	5.15467e1	1.13056e2	4.3255090e-4	8.6098909e-4	1.2057969e1	1.0824215	
2022-02-23	13:30:48	1.27310	8.16537e-2	-4.66064e1	5.15467e1	1.13056e2	4.3255090e-4	8.6098909e-4	1.2057969e1	1.0824215	
2022-02-23	13:30:48	1.16892	8.11366e-2	-4.66634e1	5.15467e1	1.13054e2	3.9720535e-4	8.5556507e-4	1.2057969e1	1.0824286	
2022-02-23	13:30:49	1.28096	8.31227e-2	-4.64471e1	5.15500e1	1.13049e2	4.3517351e-4	8.7630748e-4	1.2060487e1	1.0824514	
2022-02-23	13:30:49	1.34436	8.16083e-2	-4.66119e1	5.15534e1	1.13050e2	4.5669078e-4	8.6045265e-4	1.2057969e1	1.0824490	
2022-02-23	13:30:50	1.23608	8.26262e-2	-4.65012e1	5.15534e1	1.13044e2	4.1991472e-4	8.7106227e-4	1.2058808e1	1.0824766	
2022-02-23	13:30:50	1.31775	8.41573e-2	-4.63364e1	5.15500e1	1.13045e2	4.4763088e-4	8.8709592e-4	1.2062165e1	1.0824742	
2022-02-23	13:30:51	1.31775	8.41573e-2	-4.63364e1	5.15500e1	1.13045e2	4.4763088e-4	8.8709592e-4	1.2062165e1	1.0824742	
2022-02-23	13:30:51	1.51064	8.56275e-2	-4.61807e1	5.15500e1	1.13044e2	5.1301717e-4	9.0247392e-4	1.2063004e1	1.0824754	
2022-02-23	13:30:52	1.24132	8.01556e-2	-4.67732e1	5.15500e1	1.13042e2	4.2170286e-4	8.4519386e-4	1.2055451e1	1.0824873	
2022-02-23	13:30:52	1.43207	7.90624e-2	-4.68958e1	5.15534e1	1.13043e2	4.8637390e-4	8.3374977e-4	1.2059648e1	1.0824801	
2022-02-23	13:30:53	1.34942	8.21268e-2	-4.65558e1	5.15534e1	1.13041e2	4.5835971e-4	8.6581707e-4	1.2058808e1	1.0824886	
2022-02-23	13:30:53	1.16784	8.37611e-2	-4.63790e1	5.15534e1	1.13042e2	3.9678812e-4	8.8292360e-4	1.2059648e1	1.0824849	
2022-02-23	13:30:54	1.16784	8.37611e-2	-4.63790e1	5.15534e1	1.13042e2	3.9678812e-4	8.8292360e-4	1.2059648e1	1.0824849	
2022-02-23	13:30:54	1.34553	8.32814e-2	-4.64304e1	5.15534e1	1.13044e2	4.5704841e-4	8.7791681e-4	1.2072236e1	1.0824778	
2022-02-23	13:30:55	1.31547	8.36738e-2	-4.63882e1	5.15500e1	1.13043e2	4.4685602e-4	8.8202953e-4	1.2061326e1	1.0824790	
2022-02-23	13:30:55	7.08163e-1	8.43295e-2	-4.63182e1	5.15500e1	1.13043e2	2.4074316e-4	8.8888406e-4	1.2058808e1	1.0824825	
2022-02-23	13:30:56	1.09780	9.83405e-2	-4.49279e1	5.15567e1	1.13038e2	3.7300586e-4	1.0352134e-3	1.2057969e1	1.0825077	
2022-02-23	13:30:56	1.27281	9.32437e-2	-4.54113e1	5.15534e1	1.13041e2	4.3237209e-4	9.8204612e-4	1.2059648e1	1.0824897	
2022-02-23	13:30:57	1.27281	9.32437e-2	-4.54113e1	5.15534e1	1.13041e2	4.3237209e-4	9.8204612e-4	1.2059648e1	1.0824897	
2022-02-23	13:30:57	1.25877	7.42579e-2	-4.74546e1	5.15500e1	1.13037e2	4.2760372e-4	7.8338384e-4	1.2060487e1	1.0825455	
2022-02-23	13:30:58	1.25178	8.71984e-2	-4.60179e1	5.15534e1	1.13033e2	4.2521953e-4	9.1880559e-4	1.2060487e1	1.0825269	
2022-02-23	13:30:58	1.25178	8.71984e-2	-4.60179e1	5.15534e1	1.13033e2	4.2521953e-4	9.1880559e-4	1.2060487e1	1.0825269	
2022-02-23	13:30:59	1.20729	8.64300e-2	-4.60977e1	5.15567e1	1.13033e2	4.1013956e-4	9.1075897e-4	1.2060487e1	1.0825281	
2022-02-23	13:30:59	1.35113	8.40363e-2	-4.63501e1	5.15600e1	1.13034e2	4.5889616e-4	8.8572502e-4	1.2058808e1	1.0825221	
2022-02-23	13:31:00	1.68227	8.24796e-2	-4.65177e1	5.15600e1	1.13037e2	5.7113170e-4	8.6945295e-4	1.2057969e1	1.0825124	
2022-02-23	13:31:00	1.68227	8.24796e-2	-4.65177e1	5.15600e1	1.13037e2	5.7113170e-4	8.6945295e-4	1.2057969e1	1.0825124	
2022-02-23	13:31:01	1.39336	8.17769e-2	-4.65949e1	5.15567e1	1.13030e2	4.7320127e-4	8.6206197e-4	1.2068879e1	1.0825412	
2022-02-23	13:31:01	1.32096	8.35797e-2	-4.63996e1	5.15600e1	1.13028e2	4.4864416e-4	8.8089704e-4	1.2061326e1	1.0825532	
2022-02-23	13:31:02	1.28261	8.26811e-2	-4.64962e1	5.15567e1	1.13032e2	4.3565034e-4	8.7153911e-4	1.2057130e1	1.0825316	
2022-02-23	13:31:02	1.33678	8.30866e-2	-4.64524e1	5.15567e1	1.13031e2	4.5400857e-4	8.7577104e-4	1.2057130e1	1.0825388	
2022-02-23	13:31:03	1.38020	8.43292e-2	-4.63191e1	5.15600e1	1.13031e2	4.6873092e-4	8.8876485e-4	1.2071397e1	1.0825364	
2022-02-23	13:31:03	1.38020	8.43292e-2	-4.63191e1	5.15600e1	1.13031e2	4.6873092e-4	8.8876485e-4	1.2071397e1	1.0825364	
2022-02-23	13:31:04	1.24169	8.45480e-2	-4.62961e1	5.15600e1	1.13029e2	4.2176246e-4	8.9102983e-4	1.2068879e1	1.0825508	
2022-02-23	13:31:04	1.48978	8.22342e-2	-4.65451e1	5.15567e1	1.13028e2	5.0586462e-4	8.6683034e-4	1.2061326e1	1.0825520	
2022-02-23	13:31:05	1.35172	8.09927e-2	-4.66813e1	5.15600e1	1.13029e2	4.5907497e-4	8.5383653e-4	1.2058808e1	1.0825471	
2022-02-23	13:31:05	1.23398	8.51560e-2	-4.62320e1	5.15634e1	1.13024e2	4.1913986e-4	8.9734792e-4	1.2060487e1	1.0825699	
2022-02-23	13:31:06	1.33772	8.58958e-2	-4.61540e1	5.15634e1	1.13026e2	4.5430660e-4	9.0509653e-4	1.2058808e1	1.0825628	
2022-02-23	13:31:06	1.33772	8.58958e-2	-4.61540e1	5.15634e1	1.13026e2	4.5430660e-4	9.0509653e-4	1.2058808e1	1.0825628	
2022-02-23	13:31:07	1.16267	8.35816e-2	-4.63996e1	5.15600e1	1.13025e2	3.9494037e-4	8.8089704e-4	1.2058808e1	1.0825651	
2022-02-23	13:31:07	1.27880	8.40900e-2	-4.63452e1	5.15600e1	1.13024e2	4.3433904e-4	8.8620185e-4	1.2062165e1	1.0825735	
2022-02-23	13:31:08	1.49247	8.01595e-2	-4.67741e1	5.15634e1	1.13025e2	5.0675868e-4	8.4507465e-4	1.2061326e1	1.0825675	
2022-02-23	13:31:08	1.23190	8.30200e-2	-4.64602e1	5.15634e1	1.13023e2	4.1842460e-4	8.7499618e-4	1.2075593e1	1.0825760	
2022-02-23	13:31:09	1.28958	8.33621e-2	-4.64234e1	5.15634e1	1.13023e2	4.3797492e-4	8.7857246e-4	1.2058808e1	1.0825771	
2022-02-23	13:31:09	1.36743	8.21819e-2	-4.65511e1	5.15634e1	1.13024e2	4.6437978e-4	8.6623430e-4	1.2060487e1	1.0825711	
2022-02-23	13:31:10	1.41258	8.23585e-2	-4.65320e1	5.15600e1	1.13023e2	4.7969818e-4	8.6808204e-4	1.2058808e1	1.0825771	
2022-02-23	13:31:10	1.54806	8.32539e-2	-4.64351e1	5.15600e1	1.13022e2	5.2559375e-4	8.7743997e-4	1.2072236e1	1.0825831	
2022-02-23	13:31:11	1.46778	8.20034e-2	-4.65712e1	5.15567e1	1.13017e2	4.9835443e-4	8.6432695e-4	1.2063844e1	1.0825982	
2022-02-23	13:31:11	1.28760	7.97318e-2	-4.68221e1	5.15567e1	1.13024e2	4.3731927e-4	8.4060430e-4	1.2059648e1	1.0825748	
2022-02-23	13:31:12	1.37698	7.88820e-2	-4.69180e1	5.15667e1	1.13021e2	4.6759843e-4	8.3166360e-4	1.2070558e1	1.0825867	
2022-02-23	13:31:12	1.41371	8.37669e-2	-4.63798e1	5.15667e1	1.13024e2	4.8005580e-4	8.8280439e-4	1.2059648e1	1.0825735	
2022-02-23	13:31:13	1.37808	8.71729e-2	-4.60217e1	5.15634e1	1.13019e2	4.6795606e-4	9.1838836e-4	1.2058808e1	1.0825986	
2022-02-23	13:31:13	1.23294	8.32719e-2	-4.64338e1	5.15634e1	1.13014e2	4.1872262e-4	8.7755918e-4	1.2059648e1	1.0826202	
2022-02-23	13:31:14	1.28942	8.47182e-2	-4.62786e1	5.15567e1	1.13021e2	4.3791532e-4	8.9275836e-4	1.2061326e1	1.0825879	
2022-02-23	13:31:14	1.65547	8.64363e-2	-4.60982e1	5.15601e1	1.13019e2	5.6195259e-4	9.1069936e-4	1.2074754e1	1.0825974	
2022-02-23	13:31:15	1.43835	8.15237e-2	-4.66235e1	5.15634e1	1.13021e2	4.8840045e-4	8.5932016e-4	1.2062165e1	1.0825879	
2022-02-23	13:31:15	1.27420	8.08041e-2	-4.67032e1	5.15634e1	1.13015e2	4.3272972e-4	8.5175037e-4	1.2060487e1	1.0826131	
2022-02-23	13:31:16	1.42589	8.28254e-2	-4.64818e1	5.15634e1	1.13017e2	4.8416852e-4	8.7291002e-4	1.2058808e1	1.0826071	
2022-02-23	13:31:16	1.33609	7.89646e-2	-4.69091e1	5.15634e1	1.13016e2	4.5371055e-4	8.3249807e-4	1.2065522e1	1.0826119	
2022-02-23	13:31:17	1.50811	8.32892e-2	-4.64319e1	5.15634e1	1.13014e2	5.1200389e-4	8.7773799e-4	1.2059648e1	1.0826214	
2022-02-23	13:31:17	1.43160	8.40112e-2	-4.63543e1	5.15634e1	1.13016e2	4.8607587e-4	8.8530778e-4	1.2061326e1	1.0826107	
2022-02-23	13:31:18	1.43160	8.40112e-2	-4.63543e1	5.15634e1	1.13016e2	4.8607587e-4	8.8530778e-4	1.2061326e1	1.0826107	
2022-02-23	13:31:18	1.35102	7.96192e-2	-4.68353e1	5.15634e1	1.13016e2	4.5877695e-4	8.3935260e-4	1.2062165e1	1.0826107	
2022-02-23	13:31:19	1.35866	8.26809e-2	-4.64973e1	5.15600e1	1.13019e2	4.6139955e-4	8.7141990e-4	1.2069718e1	1.0825986	
2022-02-23	13:31:19	1.33051	8.20639e-2	-4.65648e1	5.15634e1	1.13014e2	4.5180320e-4	8.6492300e-4	1.2063004e1	1.0826190	
2022-02-23	13:31:20	1.36911	8.70896e-2	-4.60307e1	5.15600e1	1.13015e2	4.6491622e-4	9.1749429e-4	1.2060487e1	1.0826178	
2022-02-23	13:31:20	1.42984	8.61730e-2	-4.61261e1	5.15601e1	1.13013e2	4.8547983e-4	9.0789794e-4	1.2060487e1	1.0826262	
2022-02-23	13:31:21	1.42984	8.61730e-2	-4.61261e1	5.15601e1	1.13013e2	4.8547983e-4	9.0789794e-4	1.2060487e1	1.0826262	
2022-02-23	13:31:21	1.38416	8.17063e-2	-4.66042e1	5.15601e1	1.13011e2	4.6998262e-4	8.6116790e-4	1.2063004e1	1.0826334	
2022-02-23	13:31:22	1.06208	8.41103e-2	-4.63439e1	5.15634e1	1.13013e2	3.6078691e-4	8.8632106e-4	1.2061326e1	1.0826250	
2022-02-23	13:31:22	1.30289	8.28915e-2	-4.64749e1	5.15667e1	1.13013e2	4.4244527e-4	8.7356567e-4	1.2073075e1	1.0826238	
2022-02-23	13:31:23	1.26688	8.20448e-2	-4.65672e1	5.15667e1	1.13010e2	4.3022632e-4	8.6468458e-4	1.2065522e1	1.0826382	
2022-02-23	13:31:23	1.36359	8.28071e-2	-4.64844e1	5.15600e1	1.13010e2	4.6300888e-4	8.7267160e-4	1.2060487e1	1.0826418	
2022-02-23	13:31:24	1.36359	8.28071e-2	-4.64844e1	5.15600e1	1.13010e2	4.6300888e-4	8.7267160e-4	1.2060487e1	1.0826418	
2022-02-23	13:31:24	1.59609	8.33705e-2	-4.64234e1	5.15600e1	1.13011e2	5.4180622e-4	8.7857246e-4	1.2063004e1	1.0826370	
2022-02-23	13:31:25	1.22399	8.09882e-2	-4.66837e1	5.15634e1	1.13005e2	4.1568279e-4	8.5359811e-4	1.2061326e1	1.0826634	
2022-02-23	13:31:25	1.31461	8.34431e-2	-4.64161e1	5.15601e1	1.13005e2	4.4637918e-4	8.7928771e-4	1.2060487e1	1.0826646	
2022-02-23	13:31:26	1.18583	8.37990e-2	-4.63775e1	5.15601e1	1.13009e2	4.0274858e-4	8.8304281e-4	1.2070558e1	1.0826442	
2022-02-23	13:31:26	1.06007	8.39727e-2	-4.63592e1	5.15634e1	1.13006e2	3.6007165e-4	8.8483095e-4	1.2063844e1	1.0826561	
2022-02-23	13:31:27	1.06007	8.39727e-2	-4.63592e1	5.15634e1	1.13006e2	3.6007165e-4	8.8483095e-4	1.2063844e1	1.0826561	
2022-02-23	13:31:27	1.20999	8.10674e-2	-4.66748e1	5.15667e1	1.13007e2	4.1091442e-4	8.5443258e-4	1.2062165e1	1.0826538	
2022-02-23	13:31:28	1.02168	8.20511e-2	-4.65734e1	5.15667e1	1.12924e2	3.4677982e-4	8.6408853e-4	1.2063844e1	1.0830528	
2022-02-23	13:31:28	1.35121	8.06644e-2	-4.67209e1	5.15634e1	1.12988e2	4.5871734e-4	8.5008144e-4	1.2063004e1	1.0827448	
2022-02-23	13:31:29	2.00801	7.96270e-2	-4.68347e1	5.15634e1	1.13013e2	6.8128108e-4	8.3941221e-4	1.2065522e1	1.0826250	
2022-02-23	13:31:29	1.52686	7.70818e-2	-4.71232e1	5.15634e1	1.13030e2	5.1844120e-4	8.1288814e-4	1.2059648e1	1.0825424	
2022-02-23	13:31:30	1.52686	7.70818e-2	-4.71232e1	5.15634e1	1.13030e2	5.1844120e-4	8.1288814e-4	1.2059648e1	1.0825424	
2022-02-23	13:31:30	1.06364	9.34648e-2	-4.53911e1	5.15634e1	1.13026e2	3.6138296e-4	9.8419189e-4	1.2062165e1	1.0825628	
2022-02-23	13:31:31	1.11377	9.08529e-2	-4.56470e1	5.15601e1	1.13037e2	3.7842988e-4	9.5701217e-4	1.2063844e1	1.0825366	
2022-02-23	13:31:31	1.17332	8.35617e-2	-4.64007e1	5.15634e1	1.13038e2	3.9863586e-4	8.8077783e-4	1.2063004e1	1.0825407	
2022-02-23	13:31:32	1.34584	8.66072e-2	-4.60790e1	5.15667e1	1.13036e2	4.5710802e-4	9.1260671e-4	1.2062165e1	1.0825148	
2022-02-23	13:31:32	1.43744	8.59512e-2	-4.61475e1	5.15634e1	1.13036e2	4.8816204e-4	9.0575218e-4	1.2063004e1	1.0825172	
2022-02-23	13:31:33	1.43744	8.59512e-2	-4.61475e1	5.15634e1	1.13036e2	4.8816204e-4	9.0575218e-4	1.2063004e1	1.0825172	
2022-02-23	13:31:33	1.56223	8.33572e-2	-4.64234e1	5.15634e1	1.13029e2	5.3042173e-4	8.7857246e-4	1.2065522e1	1.0825461	
2022-02-23	13:31:34	1.06364	8.24095e-2	-4.65257e1	5.15634e1	1.13032e2	3.6138296e-4	8.6867809e-4	1.2062165e1	1.0825328	
2022-02-23	13:31:34	1.06364	8.24095e-2	-4.65257e1	5.15634e1	1.13032e2	3.6138296e-4	8.6867809e-4	1.2062165e1	1.0825328	
2022-02-23	13:31:35	1.25688	8.52120e-2	-4.62254e1	5.15634e1	1.13033e2	4.2694807e-4	8.9800357e-4	1.2065522e1	1.0825281	
2022-02-23	13:31:35	-2.50928e1	1.16334e-1	-4.33548e1	5.15634e1	1.13402e2	-8.8715553e-3	1.2266039e-3	1.2061326e1	1.0807666	
2022-02-23	13:31:36	1.28043e2	1.18580e-1	-4.31568e1	5.15667e1	1.13656e2	3.7610709e-2	1.2528300e-3	1.2077271e1	1.0795559	
2022-02-23	13:31:36	1.28043e2	1.18580e-1	-4.31568e1	5.15667e1	1.13656e2	3.7610709e-2	1.2528300e-3	1.2077271e1	1.0795559	
2022-02-23	13:31:37	2.27726e2	1.48059e-1	-4.11165e1	5.15634e1	1.13162e2	6.0404596e-2	1.5534758e-3	1.2062165e1	1.0819145	
2022-02-23	13:31:37	-2.23845e1	8.73167e-2	-4.60006e1	5.15634e1	1.13098e2	-7.8604221e-3	9.2053413e-4	1.2075593e1	1.0822205	
2022-02-23	13:31:38	-2.13501e1	8.27101e-2	-4.64917e1	5.15634e1	1.13050e2	-7.4827671e-3	8.7195634e-4	1.2059648e1	1.0824502	
2022-02-23	13:31:38	-6.37684	8.12544e-2	-4.66523e1	5.15634e1	1.13031e2	-2.1885633e-3	8.5657835e-4	1.2064683e1	1.0825400	
2022-02-23	13:31:39	-1.33859e-1	8.41486e-2	-4.63389e1	5.15701e1	1.13025e2	-4.5537948e-5	8.8679790e-4	1.2066361e1	1.0825675	
2022-02-23	13:31:39	-1.33859e-1	8.41486e-2	-4.63389e1	5.15701e1	1.13025e2	-4.5537948e-5	8.8679790e-4	1.2066361e1	1.0825675	
2022-02-23	13:31:40	2.25335	8.33723e-2	-4.64220e1	5.15667e1	1.13026e2	7.6431035e-4	8.7869167e-4	1.2063004e1	1.0825639	
2022-02-23	13:31:40	1.98283	8.22491e-2	-4.65437e1	5.15634e1	1.13026e2	6.7281723e-4	8.6694955e-4	1.2073075e1	1.0825639	
2022-02-23	13:31:41	1.74063	8.13235e-2	-4.66448e1	5.15634e1	1.13030e2	5.9086084e-4	8.5729360e-4	1.2073075e1	1.0825448	
2022-02-23	13:31:41	1.83852	8.02740e-2	-4.67608e1	5.15634e1	1.13032e2	6.2400102e-4	8.4632635e-4	1.2074754e1	1.0825340	
2022-02-23	13:31:42	1.89975	7.95505e-2	-4.68416e1	5.15667e1	1.13034e2	6.4474344e-4	8.3875656e-4	1.2065522e1	1.0825257	
2022-02-23	13:31:42	1.89975	7.95505e-2	-4.68416e1	5.15667e1	1.13034e2	6.4474344e-4	8.3875656e-4	1.2065522e1	1.0825257	
2022-02-23	13:31:43	1.67541	8.38370e-2	-4.63714e1	5.15634e1	1.13036e2	5.6880712e-4	8.8363885e-4	1.2065522e1	1.0825172	
2022-02-23	13:31:43	1.66548	8.18971e-2	-4.65816e1	5.15634e1	1.13032e2	5.6540966e-4	8.6331367e-4	1.2067201e1	1.0825340	
2022-02-23	13:31:44	1.63486	7.96202e-2	-4.68339e1	5.15667e1	1.13032e2	5.5503845e-4	8.3947181e-4	1.2067201e1	1.0825352	
2022-02-23	13:31:44	1.67197	8.20435e-2	-4.65654e1	5.15634e1	1.13034e2	5.6761503e-4	8.6486339e-4	1.2067201e1	1.0825233	
2022-02-23	13:31:45	1.78484	8.40160e-2	-4.63543e1	5.15634e1	1.13010e2	6.0570240e-4	8.8530778e-4	1.2072236e1	1.0826418	
2022-02-23	13:31:45	1.68018	8.15037e-2	-4.66270e1	5.15701e1	1.13003e2	5.7023763e-4	8.5896253e-4	1.2061326e1	1.0826705	
2022-02-23	13:31:46	1.44291	8.25241e-2	-4.65157e1	5.15667e1	1.13001e2	4.8983097e-4	8.6963176e-4	1.2062165e1	1.0826801	
2022-02-23	13:31:46	1.40261	8.50170e-2	-4.62487e1	5.15667e1	1.12998e2	4.7618150e-4	8.9567899e-4	1.2071397e1	1.0826945	
2022-02-23	13:31:47	1.29457	8.60088e-2	-4.61439e1	5.15634e1	1.13005e2	4.3958425e-4	9.0610980e-4	1.2073915e1	1.0826634	
2022-02-23	13:31:47	1.28607	8.20164e-2	-4.65704e1	5.15634e1	1.13009e2	4.3672323e-4	8.6438655e-4	1.2071397e1	1.0826442	
2022-02-23	13:31:48	1.69723	7.82436e-2	-4.69917e1	5.15667e1	1.13006e2	5.7601928e-4	8.2486867e-4	1.2063844e1	1.0826598	
2022-02-23	13:31:48	1.43875	8.06416e-2	-4.67221e1	5.15667e1	1.13005e2	4.8846006e-4	8.4996223e-4	1.2080628e1	1.0826634	
2022-02-23	13:31:49	1.07921	8.17974e-2	-4.65946e1	5.15667e1	1.13006e2	3.6656856e-4	8.6206197e-4	1.2061326e1	1.0826598	
2022-02-23	13:31:49	1.35823	8.31359e-2	-4.64490e1	5.15667e1	1.13006e2	4.6116113e-4	8.7606906e-4	1.2063844e1	1.0826561	
2022-02-23	13:31:50	1.31274	8.53157e-2	-4.62163e1	5.15634e1	1.13009e2	4.4578313e-4	8.9889764e-4	1.2067201e1	1.0826430	
2022-02-23	13:31:50	1.20078	8.42265e-2	-4.63317e1	5.15667e1	1.13011e2	4.0781497e-4	8.8751316e-4	1.2072236e1	1.0826334	
2022-02-23	13:31:51	1.25384	8.10195e-2	-4.66798e1	5.15667e1	1.13010e2	4.2581558e-4	8.5395574e-4	1.2064683e1	1.0826382	
2022-02-23	13:31:51	1.39799	8.11961e-2	-4.66604e1	5.15634e1	1.13009e2	4.7469139e-4	8.5580348e-4	1.2064683e1	1.0826442	
2022-02-23	13:31:52	1.35867	7.99103e-2	-4.68034e1	5.15634e1	1.13007e2	4.6133995e-4	8.4233283e-4	1.2071397e1	1.0826538	
2022-02-23	13:31:52	1.29851	7.97899e-2	-4.68169e1	5.15600e1	1.13007e2	4.4095516e-4	8.4108114e-4	1.2064683e1	1.0826538	
2022-02-23	13:31:53	1.41550	8.23024e-2	-4.65394e1	5.15600e1	1.13006e2	4.8059225e-4	8.6736679e-4	1.2063004e1	1.0826574	
2022-02-23	13:31:53	1.57713	7.99314e-2	-4.68009e1	5.15600e1	1.13008e2	5.3536891e-4	8.4257125e-4	1.2067201e1	1.0826478	
2022-02-23	13:31:54	1.57713	7.99314e-2	-4.68009e1	5.15600e1	1.13008e2	5.3536891e-4	8.4257125e-4	1.2067201e1	1.0826478	
2022-02-23	13:31:54	1.45775	8.19398e-2	-4.65791e1	5.15634e1	1.13005e2	4.9489736e-4	8.6355209e-4	1.2063844e1	1.0826646	
2022-02-23	13:31:55	1.22322	8.21931e-2	-4.65510e1	5.15667e1	1.13010e2	4.1544437e-4	8.6623430e-4	1.2073915e1	1.0826394	
2022-02-23	13:31:55	1.41597	8.63014e-2	-4.61129e1	5.15634e1	1.13010e2	4.8077106e-4	9.0920925e-4	1.2076432e1	1.0826394	
2022-02-23	13:31:56	1.30412	8.51405e-2	-4.62349e1	5.15667e1	1.13008e2	4.4286251e-4	8.9704990e-4	1.2063844e1	1.0826466	
