System_Date_(Y-M-D)	System_Time_(h:m:s)	CO₂_(µmol_mol⁻¹)	H₂O_(mmol_mol⁻¹)	H₂O_(°C)	Cell_Temperature_(°C)	Cell_Pressure_(kPa)	CO₂_Absorption	H₂O_Absorption	Input_Voltage_(V)	Flow_Rate_(L_min⁻¹)	
2022-02-22	10:59:38	2.79273e-2	1.45903e-1	-4.14467e1	5.15600e1	1.10892e2	9.2983245e-6	1.5004873e-3	1.2072236e1	1.0631779	
2022-02-22	10:59:38	-2.75374e-2	1.44607e-1	-4.15311e1	5.15567e1	1.10890e2	-9.1791152e-6	1.4873147e-3	1.2076432e1	1.0634789	
2022-02-22	10:59:39	2.88341e-2	1.40453e-1	-4.18056e1	5.15567e1	1.10890e2	9.5963478e-6	1.4451146e-3	1.2078111e1	1.0632677	
2022-02-22	10:59:39	1.65823e-1	1.40927e-1	-4.17742e1	5.15567e1	1.10886e2	5.5253505e-5	1.4498829e-3	1.2073915e1	1.0632421	
2022-02-22	10:59:40	1.65823e-1	1.40927e-1	-4.17742e1	5.15567e1	1.10886e2	5.5253505e-5	1.4498829e-3	1.2073915e1	1.0632421	
2022-02-22	10:59:40	1.53565e-2	1.45815e-1	-4.14529e1	5.15567e1	1.10887e2	5.1259994e-6	1.4995336e-3	1.2073915e1	1.0631743	
2022-02-22	10:59:41	-5.70199e-3	1.42494e-1	-4.16704e1	5.15600e1	1.10883e2	-1.9073486e-6	1.4657378e-3	1.2078950e1	1.0631200	
2022-02-22	10:59:41	2.86112e-1	1.39954e-1	-4.18397e1	5.15600e1	1.10883e2	9.5307826e-5	1.4399290e-3	1.2073075e1	1.0629833	
2022-02-22	10:59:42	1.33098e-1	1.42917e-1	-4.16422e1	5.15600e1	1.10887e2	4.4345855e-5	1.4700889e-3	1.2078950e1	1.0629642	
2022-02-22	10:59:42	2.22078e-1	1.43217e-1	-4.16228e1	5.15600e1	1.10882e2	7.3969364e-5	1.4730691e-3	1.2077271e1	1.0630145	
2022-02-22	10:59:43	1.52799e-1	1.42642e-1	-4.16607e1	5.15600e1	1.10881e2	5.0902366e-5	1.4672279e-3	1.2089021e1	1.0631088	
2022-02-22	10:59:43	-1.25055e-2	1.42253e-1	-4.16866e1	5.15634e1	1.10880e2	-4.1723251e-6	1.4632344e-3	1.2075593e1	1.0630884	
2022-02-22	10:59:44	1.40423e-1	1.41133e-1	-4.17611e1	5.15634e1	1.10879e2	4.6789646e-5	1.4518499e-3	1.2078111e1	1.0629093	
2022-02-22	10:59:44	2.91686e-1	1.40689e-1	-4.17906e1	5.15600e1	1.10881e2	9.7155570e-5	1.4473795e-3	1.2076432e1	1.0628607	
2022-02-22	10:59:45	2.91686e-1	1.40689e-1	-4.17906e1	5.15600e1	1.10881e2	9.7155570e-5	1.4473795e-3	1.2076432e1	1.0628607	
2022-02-22	10:59:45	3.58965e-1	1.40627e-1	-4.17949e1	5.15600e1	1.10879e2	1.1956691e-4	1.4467239e-3	1.2077271e1	1.0628622	
2022-02-22	10:59:46	1.86498e-1	1.41509e-1	-4.17358e1	5.15600e1	1.10882e2	6.2108039e-5	1.4557242e-3	1.2076432e1	1.0629662	
2022-02-22	10:59:46	7.12761e-3	1.42558e-1	-4.16665e1	5.15634e1	1.10880e2	2.3841857e-6	1.4663338e-3	1.2078111e1	1.0626657	
2022-02-22	10:59:47	7.45824e-2	1.41875e-1	-4.17116e1	5.15600e1	1.10880e2	2.4855136e-5	1.4594197e-3	1.2083146e1	1.0629010	
2022-02-22	10:59:47	7.03056e-2	1.42570e-1	-4.16654e1	5.15600e1	1.10883e2	2.3424625e-5	1.4665126e-3	1.2074754e1	1.0627628	
2022-02-22	10:59:48	1.27202e-1	1.42464e-1	-4.16730e1	5.15634e1	1.10875e2	4.2378902e-5	1.4653205e-3	1.2087342e1	1.0627999	
2022-02-22	10:59:48	1.87343e-1	1.42414e-1	-4.16762e1	5.15634e1	1.10878e2	6.2406063e-5	1.4648437e-3	1.2081468e1	1.0625569	
2022-02-22	10:59:49	2.44438e-1	1.40030e-1	-4.18350e1	5.15600e1	1.10878e2	8.1419944e-5	1.4406442e-3	1.2080628e1	1.0625925	
2022-02-22	10:59:49	2.45283e-1	1.39635e-1	-4.18617e1	5.15634e1	1.10876e2	8.1717967e-5	1.4365911e-3	1.2078111e1	1.0625193	
2022-02-22	10:59:50	-3.58316e-2	1.41707e-1	-4.17236e1	5.15634e1	1.10871e2	-1.1920928e-5	1.4575719e-3	1.2077271e1	1.0625352	
2022-02-22	10:59:50	-1.14687e-2	1.41615e-1	-4.17299e1	5.15600e1	1.10868e2	-3.8146972e-6	1.4566183e-3	1.2075593e1	1.0626116	
2022-02-22	10:59:51	-1.13774e-1	1.42778e-1	-4.16526e1	5.15600e1	1.10872e2	-3.7908554e-5	1.4684796e-3	1.2073915e1	1.0624374	
2022-02-22	10:59:51	2.32969e-1	1.43575e-1	-4.16000e1	5.15634e1	1.10874e2	7.7605247e-5	1.4765858e-3	1.2077271e1	1.0624909	
2022-02-22	10:59:52	2.32969e-1	1.43575e-1	-4.16000e1	5.15634e1	1.10874e2	7.7605247e-5	1.4765858e-3	1.2077271e1	1.0624909	
2022-02-22	10:59:52	1.34525e-1	1.42940e-1	-4.16421e1	5.15634e1	1.10870e2	4.4822692e-5	1.4700889e-3	1.2077271e1	1.0621503	
2022-02-22	10:59:53	2.01797e-1	1.38029e-1	-4.19751e1	5.15667e1	1.10821e2	6.7174434e-5	1.4195442e-3	1.2077271e1	1.0577130	
2022-02-22	10:59:53	9.26590e-3	1.43548e-1	-4.16034e1	5.15634e1	1.10854e2	3.0994415e-6	1.4760494e-3	1.2086503e1	1.0617681	
2022-02-22	10:59:54	1.85985e-1	1.41054e-1	-4.17675e1	5.15701e1	1.10865e2	6.1929225e-5	1.4508366e-3	1.2078950e1	1.0621178	
2022-02-22	10:59:54	2.26747e-1	1.42000e-1	-4.17041e1	5.15634e1	1.10871e2	7.5519084e-5	1.4605522e-3	1.2080628e1	1.0622662	
2022-02-22	10:59:55	2.26747e-1	1.42000e-1	-4.17041e1	5.15634e1	1.10871e2	7.5519084e-5	1.4605522e-3	1.2080628e1	1.0622662	
2022-02-22	10:59:55	1.84685e-1	1.40146e-1	-4.18278e1	5.15634e1	1.10871e2	6.1511993e-5	1.4417171e-3	1.2078950e1	1.0624054	
2022-02-22	10:59:56	2.56430e-1	1.37900e-1	-4.19792e1	5.15634e1	1.10875e2	8.5413455e-5	1.4189481e-3	1.2078950e1	1.0624022	
2022-02-22	10:59:56	2.05426e-1	1.41389e-1	-4.17446e1	5.15667e1	1.10873e2	6.8426132e-5	1.4543533e-3	1.2080628e1	1.0623142	
2022-02-22	10:59:57	7.47774e-2	1.38725e-1	-4.19238e1	5.15634e1	1.10868e2	2.4914741e-5	1.4272332e-3	1.2080628e1	1.0622174	
2022-02-22	10:59:57	6.06509e-2	1.37536e-1	-4.20048e1	5.15634e1	1.10866e2	2.0205974e-5	1.4151334e-3	1.2081468e1	1.0621050	
2022-02-22	10:59:58	6.06509e-2	1.37536e-1	-4.20048e1	5.15634e1	1.10866e2	2.0205974e-5	1.4151334e-3	1.2081468e1	1.0621050	
2022-02-22	10:59:58	1.77362e-1	1.40905e-1	-4.17775e1	5.15634e1	1.10865e2	5.9068202e-5	1.4493465e-3	1.2085664e1	1.0620099	
2022-02-22	10:59:59	1.63755e-1	1.43697e-1	-4.15926e1	5.15667e1	1.10867e2	5.4538249e-5	1.4777183e-3	1.2081468e1	1.0621566	
2022-02-22	10:59:59	-2.36564	1.67802e-1	-4.00798e1	5.15667e1	1.11335e2	-7.9429149e-4	1.7292499e-3	1.2083985e1	1.0888080	
2022-02-22	11:0:00	4.03679	2.05202e-1	-3.81319e1	5.15667e1	1.11379e2	1.3443827e-3	2.1086931e-3	1.2079789e1	1.0732245	
2022-02-22	11:0:00	1.01645e1	2.79229e-1	-3.51121e1	5.15667e1	1.11042e2	3.3467411e-3	2.8427839e-3	1.2078111e1	1.0668923	
2022-02-22	11:0:01	1.01645e1	2.79229e-1	-3.51121e1	5.15667e1	1.11042e2	3.3467411e-3	2.8427839e-3	1.2078111e1	1.0668923	
2022-02-22	11:0:01	2.40789	2.44240e-1	-3.64580e1	5.15667e1	1.10937e2	8.0019235e-4	2.4915933e-3	1.2080628e1	1.0635015	
2022-02-22	11:0:02	-1.27995	1.39829e-1	-4.18498e1	5.15634e1	1.10862e2	-4.2712688e-4	1.4383792e-3	1.2080628e1	1.0612695	
2022-02-22	11:0:02	-3.71282e-1	1.39746e-1	-4.18564e1	5.15667e1	1.10850e2	-1.2373924e-4	1.4373660e-3	1.2082307e1	1.0609402	
2022-02-22	11:0:03	1.02902e-1	1.39959e-1	-4.18426e1	5.15667e1	1.10844e2	3.4272670e-5	1.4394521e-3	1.2078950e1	1.0609689	
2022-02-22	11:0:03	3.49185e-1	1.40221e-1	-4.18253e1	5.15667e1	1.10841e2	1.1622905e-4	1.4420747e-3	1.2079789e1	1.0609557	
2022-02-22	11:0:04	3.49185e-1	1.40221e-1	-4.18253e1	5.15667e1	1.10841e2	1.1622905e-4	1.4420747e-3	1.2079789e1	1.0609557	
2022-02-22	11:0:04	3.58259e-1	1.37781e-1	-4.19902e1	5.15667e1	1.10841e2	1.1926889e-4	1.4172792e-3	1.2080628e1	1.0608544	
2022-02-22	11:0:05	1.01996e-1	1.39792e-1	-4.18540e1	5.15701e1	1.10843e2	3.3974647e-5	1.4377236e-3	1.2078950e1	1.0610854	
2022-02-22	11:0:05	7.86679e-1	1.41138e-1	-4.17633e1	5.15667e1	1.10849e2	2.6178359e-4	1.4514923e-3	1.2089021e1	1.0609081	
2022-02-22	11:0:06	1.32737	1.40004e-1	-4.18392e1	5.15634e1	1.10849e2	4.4137239e-4	1.4399886e-3	1.2080628e1	1.0613398	
2022-02-22	11:0:06	5.35421e-1	1.35353e-1	-4.21563e1	5.15634e1	1.10850e2	1.7821788e-4	1.3927221e-3	1.2080628e1	1.0612176	
2022-02-22	11:0:07	5.35421e-1	1.35353e-1	-4.21563e1	5.15634e1	1.10850e2	1.7821788e-4	1.3927221e-3	1.2080628e1	1.0612176	
2022-02-22	11:0:07	7.85363e-2	1.49676e-1	-4.12092e1	5.15634e1	1.10848e2	2.6166439e-5	1.5381574e-3	1.2079789e1	1.0601298	
2022-02-22	11:0:08	-1.79733e-1	1.57294e-1	-4.07422e1	5.15701e1	1.10803e2	-5.9843063e-5	1.6146898e-3	1.2074754e1	1.0590814	
2022-02-22	11:0:08	-2.50758e-2	1.44727e-1	-4.15304e1	5.15634e1	1.10806e2	-8.3446502e-6	1.4873743e-3	1.2092378e1	1.0591409	
2022-02-22	11:0:09	2.07889e-1	1.43006e-1	-4.16434e1	5.15667e1	1.10803e2	6.9200992e-5	1.4698505e-3	1.2084825e1	1.0595244	
2022-02-22	11:0:09	2.03549e-1	1.41187e-1	-4.17632e1	5.15701e1	1.10812e2	6.7770481e-5	1.4514923e-3	1.2083146e1	1.0595078	
