System_Date_(Y-M-D)	System_Time_(h:m:s)	CO₂_(µmol_mol⁻¹)	H₂O_(mmol_mol⁻¹)	H₂O_(°C)	Cell_Temperature_(°C)	Cell_Pressure_(kPa)	CO₂_Absorption	H₂O_Absorption	Input_Voltage_(V)	Flow_Rate_(L_min⁻¹)	
2022-03-19	11:21:36	5.95902e-1	1.08525e-1	-4.37502e1	5.15634e1	1.16470e2	2.0927190e-4	1.1759996e-3	1.2058808e1	1.0664395	
2022-03-19	11:21:37	7.42112e-1	1.07764e-1	-4.38151e1	5.15634e1	1.16470e2	2.6059150e-4	1.1678338e-3	1.2062165e1	1.0664395	
2022-03-19	11:21:37	7.06975e-1	1.07874e-1	-4.38055e1	5.15667e1	1.16471e2	2.4825334e-4	1.1690258e-3	1.2063844e1	1.0664303	
2022-03-19	11:21:38	7.65716e-1	1.11010e-1	-4.35414e1	5.15634e1	1.16467e2	2.6887655e-4	1.2026429e-3	1.2058808e1	1.0664509	
2022-03-19	11:21:38	6.91529e-1	1.11274e-1	-4.35193e1	5.15600e1	1.16469e2	2.4282932e-4	1.2055039e-3	1.2059648e1	1.0664428	
2022-03-19	11:21:39	6.12305e-1	1.07113e-1	-4.38708e1	5.15634e1	1.16471e2	2.1505355e-4	1.1608600e-3	1.2060487e1	1.0664325	
2022-03-19	11:21:39	5.43912e-1	1.07023e-1	-4.38788e1	5.15667e1	1.16468e2	1.9103288e-4	1.1598467e-3	1.2057969e1	1.0664474	
2022-03-19	11:21:40	6.28579e-1	1.07955e-1	-4.37985e1	5.15634e1	1.16473e2	2.2077560e-4	1.1699199e-3	1.2071397e1	1.0664234	
2022-03-19	11:21:40	7.83165e-1	1.06700e-1	-4.39071e1	5.15667e1	1.16462e2	2.7495622e-4	1.1563301e-3	1.2057969e1	1.0664714	
2022-03-19	11:21:41	7.88873e-1	1.08838e-1	-4.37238e1	5.15667e1	1.16469e2	2.7698278e-4	1.1793375e-3	1.2071397e1	1.0664417	
2022-03-19	11:21:41	7.76357e-1	1.08802e-1	-4.37266e1	5.15667e1	1.16471e2	2.7263164e-4	1.1789798e-3	1.2065522e1	1.0664303	
2022-03-19	11:21:42	7.52817e-1	1.04353e-1	-4.41113e1	5.15667e1	1.16467e2	2.6434659e-4	1.1311769e-3	1.2057969e1	1.0664509	
2022-03-19	11:21:42	6.62617e-1	1.06903e-1	-4.38890e1	5.15634e1	1.16471e2	2.3269653e-4	1.1585950e-3	1.2073915e1	1.0664348	
2022-03-19	11:21:43	6.32923e-1	1.08765e-1	-4.37300e1	5.15634e1	1.16468e2	2.2226572e-4	1.1785626e-3	1.2073075e1	1.0664474	
2022-03-19	11:21:43	6.75002e-1	1.08507e-1	-4.37517e1	5.15634e1	1.16471e2	2.3704767e-4	1.1758208e-3	1.2057130e1	1.0664314	
2022-03-19	11:21:44	6.23385e-1	1.07009e-1	-4.38800e1	5.15600e1	1.16469e2	2.1892786e-4	1.1597275e-3	1.2073915e1	1.0664440	
2022-03-19	11:21:44	7.48725e-1	1.06964e-1	-4.38837e1	5.15634e1	1.16471e2	2.6291608e-4	1.1592507e-3	1.2069718e1	1.0664348	
2022-03-19	11:21:45	7.57422e-1	1.07043e-1	-4.38769e1	5.15667e1	1.16470e2	2.6595592e-4	1.1600852e-3	1.2075593e1	1.0664371	
2022-03-19	11:21:45	7.03854e-1	1.05542e-1	-4.40068e1	5.15634e1	1.16471e2	2.4718046e-4	1.1439919e-3	1.2061326e1	1.0664314	
2022-03-19	11:21:46	6.04018e-1	1.04758e-1	-4.40756e1	5.15701e1	1.16469e2	2.1213293e-4	1.1355280e-3	1.2073075e1	1.0664440	
2022-03-19	11:21:46	9.60728e-1	1.05048e-1	-4.40504e1	5.15667e1	1.16466e2	3.3724308e-4	1.1386275e-3	1.2064683e1	1.0664542	
2022-03-19	11:21:47	9.60728e-1	1.05048e-1	-4.40504e1	5.15667e1	1.16466e2	3.3724308e-4	1.1386275e-3	1.2064683e1	1.0664542	
2022-03-19	11:21:47	9.37695e-1	1.07104e-1	-4.38718e1	5.15634e1	1.16469e2	3.2919645e-4	1.1607408e-3	1.2062165e1	1.0664417	
2022-03-19	11:21:48	7.26290e-1	1.08286e-1	-4.37706e1	5.15634e1	1.16469e2	2.5504827e-4	1.1734366e-3	1.2057130e1	1.0664405	
2022-03-19	11:21:48	6.61456e-1	1.04572e-1	-4.40922e1	5.15667e1	1.16464e2	2.3227930e-4	1.1335015e-3	1.2060487e1	1.0664623	
2022-03-19	11:21:49	7.39193e-1	1.07190e-1	-4.38646e1	5.15634e1	1.16466e2	2.5957822e-4	1.1616349e-3	1.2057969e1	1.0664542	
2022-03-19	11:21:49	6.35250e-1	1.07171e-1	-4.38661e1	5.15600e1	1.16467e2	2.2310018e-4	1.1614561e-3	1.2063844e1	1.0664520	
2022-03-19	11:21:50	6.35250e-1	1.07171e-1	-4.38661e1	5.15600e1	1.16467e2	2.2310018e-4	1.1614561e-3	1.2063844e1	1.0664520	
2022-03-19	11:21:50	6.02191e-1	1.07903e-1	-4.38032e1	5.15634e1	1.16469e2	2.1147727e-4	1.1693239e-3	1.2063004e1	1.0664330	
2022-03-19	11:21:51	7.15591e-1	1.05741e-1	-4.39899e1	5.15634e1	1.16466e2	2.5129318e-4	1.1460781e-3	1.2058808e1	1.0664542	
2022-03-19	11:21:51	7.17269e-1	1.07063e-1	-4.38752e1	5.15600e1	1.16470e2	2.5188922e-4	1.1603236e-3	1.2057969e1	1.0664371	
2022-03-19	11:21:52	4.85432e-1	1.06503e-1	-4.39235e1	5.15634e1	1.16470e2	1.7052888e-4	1.1543035e-3	1.2061326e1	1.0664371	
2022-03-19	11:21:52	5.63751e-1	1.06869e-1	-4.38918e1	5.15667e1	1.16472e2	1.9800662e-4	1.1582374e-3	1.2061326e1	1.0664280	
2022-03-19	11:21:53	5.63751e-1	1.06869e-1	-4.38918e1	5.15667e1	1.16472e2	1.9800662e-4	1.1582374e-3	1.2061326e1	1.0664280	
2022-03-19	11:21:53	7.88166e-1	1.06227e-1	-4.39473e1	5.15701e1	1.16471e2	2.7674436e-4	1.1513233e-3	1.2064683e1	1.0664249	
2022-03-19	11:21:54	7.14560e-1	1.04059e-1	-4.41372e1	5.15667e1	1.16468e2	2.5093555e-4	1.1280179e-3	1.2063004e1	1.0664485	
2022-03-19	11:21:54	5.68666e-1	1.07572e-1	-4.38314e1	5.15600e1	1.16471e2	1.9973516e-4	1.1658072e-3	1.2068040e1	1.0664303	
2022-03-19	11:21:55	4.49259e-1	1.04939e-1	-4.40592e1	5.15634e1	1.16475e2	1.5783309e-4	1.1375546e-3	1.2061326e1	1.0664154	
2022-03-19	11:21:55	8.02942e-1	1.02998e-1	-4.42312e1	5.15667e1	1.16469e2	2.8192996e-4	1.1166334e-3	1.2062165e1	1.0664440	
2022-03-19	11:21:56	8.02942e-1	1.02998e-1	-4.42312e1	5.15667e1	1.16469e2	2.8192996e-4	1.1166334e-3	1.2062165e1	1.0664440	
2022-03-19	11:21:56	1.14090	1.04818e-1	-4.40699e1	5.15634e1	1.16473e2	4.0042400e-4	1.1362433e-3	1.2058808e1	1.0664222	
2022-03-19	11:21:57	5.26214e-1	1.06843e-1	-4.38942e1	5.15667e1	1.16470e2	1.8483400e-4	1.1579394e-3	1.2057130e1	1.0664383	
2022-03-19	11:21:57	6.31440e-1	1.16659e-1	-4.30811e1	5.15667e1	1.16473e2	2.2178888e-4	1.2632608e-3	1.2073075e1	1.0664211	
2022-03-19	11:21:58	7.02053e-1	1.26090e-1	-4.23568e1	5.15667e1	1.16471e2	2.4652481e-4	1.3642311e-3	1.2061326e1	1.0664303	
2022-03-19	11:21:58	6.65666e-1	1.09698e-1	-4.36511e1	5.15634e1	1.16468e2	2.3376941e-4	1.1885762e-3	1.2056291e1	1.0664725	
2022-03-19	11:21:59	6.65666e-1	1.09698e-1	-4.36511e1	5.15634e1	1.16468e2	2.3376941e-4	1.1885762e-3	1.2056291e1	1.0664725	
2022-03-19	11:21:59	6.37661e-1	1.05427e-1	-4.40169e1	5.15667e1	1.16471e2	2.2393465e-4	1.1427402e-3	1.2059648e1	1.0664511	
2022-03-19	11:22:00	5.94288e-1	1.09923e-1	-4.36319e1	5.15667e1	1.16472e2	2.0873546e-4	1.1910200e-3	1.2058808e1	1.0664280	
2022-03-19	11:22:00	5.35215e-1	1.11471e-1	-4.35027e1	5.15600e1	1.16472e2	1.8799304e-4	1.2076497e-3	1.2057969e1	1.0664268	
2022-03-19	11:22:01	4.31623e-1	1.07483e-1	-4.38390e1	5.15600e1	1.16472e2	1.5163421e-4	1.1648535e-3	1.2063844e1	1.0664256	
2022-03-19	11:22:01	7.38941e-1	1.06586e-1	-4.39162e1	5.15667e1	1.16472e2	2.5945901e-4	1.1551976e-3	1.2060487e1	1.0664291	
2022-03-19	11:22:02	7.38941e-1	1.06586e-1	-4.39162e1	5.15667e1	1.16472e2	2.5945901e-4	1.1551976e-3	1.2060487e1	1.0664291	
2022-03-19	11:22:02	7.98015e-1	1.07019e-1	-4.38788e1	5.15667e1	1.16472e2	2.8020143e-4	1.1598467e-3	1.2065522e1	1.0664291	
2022-03-19	11:22:03	4.18404e-1	1.08763e-1	-4.37300e1	5.15634e1	1.16470e2	1.4698505e-4	1.1785626e-3	1.2059648e1	1.0664371	
2022-03-19	11:22:03	7.02177e-1	1.08810e-1	-4.37261e1	5.15667e1	1.16469e2	2.4658441e-4	1.1790394e-3	1.2061326e1	1.0664417	
2022-03-19	11:22:04	9.08004e-1	1.13498e-1	-4.33361e1	5.15667e1	1.16470e2	3.1876564e-4	1.2293457e-3	1.2071397e1	1.0664360	
2022-03-19	11:22:04	7.76221e-1	1.12494e-1	-4.34181e1	5.15634e1	1.16473e2	2.7257204e-4	1.2186169e-3	1.2060487e1	1.0664234	
2022-03-19	11:22:05	7.76221e-1	1.12494e-1	-4.34181e1	5.15634e1	1.16473e2	2.7257204e-4	1.2186169e-3	1.2060487e1	1.0664234	
2022-03-19	11:22:05	6.55608e-1	1.06817e-1	-4.38963e1	5.15600e1	1.16472e2	2.3025274e-4	1.1577010e-3	1.2065522e1	1.0664291	
2022-03-19	11:22:06	6.34355e-1	1.06953e-1	-4.38846e1	5.15667e1	1.16471e2	2.2280216e-4	1.1591315e-3	1.2071397e1	1.0664249	
2022-03-19	11:22:06	6.80066e-1	1.06917e-1	-4.38879e1	5.15667e1	1.16468e2	2.3883581e-4	1.1587142e-3	1.2058808e1	1.0664364	
2022-03-19	11:22:07	8.71416e-1	1.08319e-1	-4.37677e1	5.15634e1	1.16471e2	3.0595064e-4	1.1737942e-3	1.2060487e1	1.0664348	
2022-03-19	11:22:07	6.26828e-1	1.06844e-1	-4.38942e1	5.15634e1	1.16468e2	2.2011995e-4	1.1579394e-3	1.2057130e1	1.0664463	
2022-03-19	11:22:08	6.26828e-1	1.06844e-1	-4.38942e1	5.15634e1	1.16468e2	2.2011995e-4	1.1579394e-3	1.2057130e1	1.0664463	
2022-03-19	11:22:08	5.27575e-1	1.07500e-1	-4.38378e1	5.15667e1	1.16468e2	1.8531084e-4	1.1649727e-3	1.2070558e1	1.0664463	
2022-03-19	11:22:09	4.47575e-1	1.10000e-1	-4.36255e1	5.15634e1	1.16472e2	1.5723705e-4	1.1918544e-3	1.2063004e1	1.0664256	
2022-03-19	11:22:09	5.33540e-1	1.11618e-1	-4.34905e1	5.15667e1	1.16471e2	1.8739700e-4	1.2091994e-3	1.2063004e1	1.0664303	
2022-03-19	11:22:10	7.79721e-1	1.08171e-1	-4.37805e1	5.15634e1	1.16468e2	2.7376413e-4	1.1721849e-3	1.2057130e1	1.0664485	
2022-03-19	11:22:10	6.60866e-1	1.06107e-1	-4.39576e1	5.15634e1	1.16472e2	2.3210048e-4	1.1500716e-3	1.2057969e1	1.0664192	
2022-03-19	11:22:11	6.60866e-1	1.06107e-1	-4.39576e1	5.15634e1	1.16472e2	2.3210048e-4	1.1500716e-3	1.2057969e1	1.0664192	
2022-03-19	11:22:11	6.72408e-1	1.06094e-1	-4.39586e1	5.15634e1	1.16474e2	2.3615360e-4	1.1499524e-3	1.2061326e1	1.0664176	
2022-03-19	11:22:12	1.35618	9.82536e-2	-4.46627e1	5.15701e1	1.16473e2	4.7582387e-4	1.0656714e-3	1.2058808e1	1.0664234	
2022-03-19	11:22:12	5.71596e-1	1.10021e-1	-4.36402e1	5.15667e1	1.16265e2	2.0039081e-4	1.1899471e-3	1.2073915e1	1.0673780	
2022-03-19	11:22:13	-1.67871e-1	1.19113e-1	-4.28930e1	5.15634e1	1.16406e2	-5.9008598e-5	1.2888312e-3	1.2071397e1	1.0667279	
2022-03-19	11:22:13	9.15960e-1	1.06780e-1	-4.39010e1	5.15600e1	1.16451e2	3.2150745e-4	1.1571049e-3	1.2059648e1	1.0665230	
2022-03-19	11:22:14	9.15960e-1	1.06780e-1	-4.39010e1	5.15600e1	1.16451e2	3.2150745e-4	1.1571049e-3	1.2059648e1	1.0665230	
2022-03-19	11:22:14	9.60005e-1	1.04018e-1	-4.41407e1	5.15634e1	1.16468e2	3.3700466e-4	1.1276006e-3	1.2058808e1	1.0664364	
2022-03-19	11:22:15	6.74742e-1	1.05796e-1	-4.39846e1	5.15634e1	1.16472e2	2.3698806e-4	1.1467337e-3	1.2063004e1	1.0664256	
2022-03-19	11:22:15	6.74742e-1	1.05796e-1	-4.39846e1	5.15634e1	1.16472e2	2.3698806e-4	1.1467337e-3	1.2063004e1	1.0664256	
2022-03-19	11:22:16	6.94777e-1	1.07154e-1	-4.38670e1	5.15634e1	1.16474e2	2.4402141e-4	1.1613368e-3	1.2056291e1	1.0664176	
2022-03-19	11:22:16	8.44382e-1	1.06806e-1	-4.38970e1	5.15667e1	1.16474e2	2.9647350e-4	1.1575818e-3	1.2057130e1	1.0664199	
2022-03-19	11:22:17	7.02307e-1	1.09353e-1	-4.36796e1	5.15667e1	1.16476e2	2.4664402e-4	1.1849403e-3	1.2058808e1	1.0664074	
2022-03-19	11:22:17	4.88095e-1	1.09717e-1	-4.36492e1	5.15667e1	1.16473e2	1.7148256e-4	1.1888146e-3	1.2071397e1	1.0664222	
2022-03-19	11:22:18	4.81025e-1	1.11458e-1	-4.35035e1	5.15634e1	1.16476e2	1.6897916e-4	1.2075304e-3	1.2056291e1	1.0664020	
2022-03-19	11:22:18	7.12927e-1	1.12649e-1	-4.34050e1	5.15600e1	1.16478e2	2.5039911e-4	1.2203454e-3	1.2063004e1	1.0664017	
2022-03-19	11:22:19	6.01342e-1	1.09338e-1	-4.36807e1	5.15600e1	1.16478e2	2.1123886e-4	1.1848211e-3	1.2064683e1	1.0663930	
2022-03-19	11:22:19	6.78705e-1	1.08712e-1	-4.37337e1	5.15667e1	1.16479e2	2.3835897e-4	1.1780858e-3	1.2058808e1	1.0663970	
2022-03-19	11:22:20	-1.89497e1	2.62715e-2	-5.59822e1	5.15667e1	1.16993e2	-6.8720579e-3	2.8806924e-4	1.2057130e1	1.0640507	
2022-03-19	11:22:20	7.64886e1	7.84131e-1	-2.35592e1	5.15634e1	1.17453e2	2.4631083e-2	8.1092720e-3	1.2060487e1	1.0619663	
2022-03-19	11:22:21	1.48755e2	1.31169	-1.77005e1	5.15634e1	1.16812e2	4.3990793e-2	1.2992680e-2	1.2059648e1	1.0648771	
2022-03-19	11:22:21	2.59441e1	4.52873e-1	-2.96187e1	5.15667e1	1.16610e2	8.8226795e-3	4.7720670e-3	1.2061326e1	1.0657892	
2022-03-19	11:22:22	-1.57442e1	3.84723e-2	-5.28674e1	5.15667e1	1.16534e2	-5.6594610e-3	4.1973590e-4	1.2058808e1	1.0661431	
2022-03-19	11:22:22	-8.00248	5.85931e-2	-4.92728e1	5.15634e1	1.16505e2	-2.8449296e-3	6.3794851e-4	1.2058808e1	1.0662758	
2022-03-19	11:22:23	-2.45215	8.59310e-2	-4.58785e1	5.15634e1	1.16487e2	-8.6498260e-4	9.3317031e-4	1.2057969e1	1.0663505	
2022-03-19	11:22:23	-4.33779e-1	1.01533e-1	-4.43616e1	5.15667e1	1.16482e2	-1.5258789e-4	1.1010169e-3	1.2062165e1	1.0663833	
2022-03-19	11:22:24	3.97211e-1	1.04985e-1	-4.40548e1	5.15667e1	1.16481e2	1.3953447e-4	1.1380910e-3	1.2059648e1	1.0663791	
2022-03-19	11:22:24	7.88288e-1	1.06446e-1	-4.39282e1	5.15667e1	1.16473e2	2.7680397e-4	1.1537075e-3	1.2059648e1	1.0664124	
2022-03-19	11:22:25	9.37317e-1	1.09579e-1	-4.36609e1	5.15667e1	1.16471e2	3.2907724e-4	1.1873245e-3	1.2059648e1	1.0664216	
2022-03-19	11:22:25	7.36341e-1	1.09401e-1	-4.36759e1	5.15634e1	1.16471e2	2.5856494e-4	1.1854171e-3	1.2061326e1	1.0664249	
2022-03-19	11:22:26	8.10588e-1	1.09316e-1	-4.36830e1	5.15634e1	1.16472e2	2.8461217e-4	1.1845231e-3	1.2058808e1	1.0664169	
2022-03-19	11:22:26	9.34786e-1	1.06435e-1	-4.39291e1	5.15667e1	1.16473e2	3.2818317e-4	1.1535882e-3	1.2060487e1	1.0664234	
2022-03-19	11:22:27	8.25000e-1	1.06273e-1	-4.39430e1	5.15701e1	1.16475e2	2.8967857e-4	1.1518597e-3	1.2059648e1	1.0664154	
2022-03-19	11:22:27	8.26994e-1	1.08384e-1	-4.37616e1	5.15634e1	1.16478e2	2.9039382e-4	1.1745691e-3	1.2058808e1	1.0664017	
2022-03-19	11:22:28	8.00545e-1	1.09929e-1	-4.36314e1	5.15667e1	1.16472e2	2.8109550e-4	1.1910796e-3	1.2057130e1	1.0664291	
2022-03-19	11:22:28	7.38164e-1	1.08135e-1	-4.37832e1	5.15667e1	1.16472e2	2.5922060e-4	1.1718273e-3	1.2067201e1	1.0664204	
2022-03-19	11:22:29	7.38164e-1	1.08135e-1	-4.37832e1	5.15667e1	1.16472e2	2.5922060e-4	1.1718273e-3	1.2067201e1	1.0664204	
2022-03-19	11:22:29	7.05871e-1	1.02251e-1	-4.42977e1	5.15667e1	1.16472e2	2.4789571e-4	1.1086463e-3	1.2070558e1	1.0664268	
2022-03-19	11:22:30	1.21850	1.05601e-1	-4.40014e1	5.15667e1	1.16475e2	4.2760372e-4	1.1446475e-3	1.2062165e1	1.0664154	
2022-03-19	11:22:30	9.64435e-1	1.04822e-1	-4.40697e1	5.15701e1	1.16471e2	3.3855438e-4	1.1362433e-3	1.2058808e1	1.0664314	
2022-03-19	11:22:31	4.89911e-1	1.13676e-1	-4.33216e1	5.15667e1	1.16471e2	1.7207860e-4	1.2312531e-3	1.2062165e1	1.0664337	
2022-03-19	11:22:31	4.99703e-1	1.24721e-1	-4.24585e1	5.15667e1	1.16475e2	1.7553567e-4	1.3496279e-3	1.2058808e1	1.0664119	
2022-03-19	11:22:32	4.99703e-1	1.24721e-1	-4.24585e1	5.15667e1	1.16475e2	1.7553567e-4	1.3496279e-3	1.2058808e1	1.0664119	
2022-03-19	11:22:32	6.99454e-1	1.09794e-1	-4.36426e1	5.15667e1	1.16474e2	2.4563074e-4	1.1896491e-3	1.2058808e1	1.0664374	
2022-03-19	11:22:33	4.96322e-1	1.05874e-1	-4.39778e1	5.15634e1	1.16472e2	1.7434358e-4	1.1475682e-3	1.2057969e1	1.0664616	
2022-03-19	11:22:33	6.01414e-1	1.12546e-1	-4.34140e1	5.15634e1	1.16471e2	2.1123886e-4	1.2191534e-3	1.2063844e1	1.0664261	
2022-03-19	11:22:34	5.50390e-1	1.07731e-1	-4.38180e1	5.15634e1	1.16469e2	1.9329786e-4	1.1674761e-3	1.2063004e1	1.0664417	
2022-03-19	11:22:34	6.30848e-1	1.08613e-1	-4.37432e1	5.15634e1	1.16464e2	2.2155046e-4	1.1768937e-3	1.2059648e1	1.0664623	
2022-03-19	11:22:35	6.30848e-1	1.08613e-1	-4.37432e1	5.15634e1	1.16464e2	2.2155046e-4	1.1768937e-3	1.2059648e1	1.0664623	
2022-03-19	11:22:35	6.81234e-1	1.10162e-1	-4.36118e1	5.15667e1	1.16473e2	2.3925304e-4	1.1935830e-3	1.2059648e1	1.0664246	
2022-03-19	11:22:36	8.84128e-1	1.09326e-1	-4.36820e1	5.15634e1	1.16474e2	3.1042098e-4	1.1846423e-3	1.2060487e1	1.0664101	
2022-03-19	11:22:36	7.10138e-1	1.10901e-1	-4.35503e1	5.15600e1	1.16470e2	2.4938583e-4	1.2015104e-3	1.2061326e1	1.0664284	
2022-03-19	11:22:37	6.26886e-1	1.08620e-1	-4.37419e1	5.15600e1	1.16473e2	2.2017955e-4	1.1770725e-3	1.2059648e1	1.0664124	
2022-03-19	11:22:37	8.19853e-1	1.08626e-1	-4.37414e1	5.15600e1	1.16473e2	2.8789043e-4	1.1771321e-3	1.2062165e1	1.0664147	
2022-03-19	11:22:38	8.19853e-1	1.08626e-1	-4.37414e1	5.15600e1	1.16473e2	2.8789043e-4	1.1771321e-3	1.2062165e1	1.0664147	
2022-03-19	11:22:38	7.71162e-1	1.10086e-1	-4.36185e1	5.15634e1	1.16470e2	2.7078390e-4	1.1927485e-3	1.2061326e1	1.0664296	
