System_Date_(Y-M-D)	System_Time_(h:m:s)	CO₂_(µmol_mol⁻¹)	H₂O_(mmol_mol⁻¹)	H₂O_(°C)	Cell_Temperature_(°C)	Cell_Pressure_(kPa)	CO₂_Absorption	H₂O_Absorption	Input_Voltage_(V)	Flow_Rate_(L_min⁻¹)	
2022-02-24	12:53:03	1.97188	8.32640e-2	-4.63711e1	5.15667e1	1.13817e2	6.7418813e-4	8.8369846e-4	1.2103288e1	1.0787944	
2022-02-24	12:53:04	1.96175	8.21971e-2	-4.64871e1	5.15667e1	1.13814e2	6.7073106e-4	8.7243318e-4	1.2102448e1	1.0788010	
2022-02-24	12:53:04	1.98075	8.39595e-2	-4.62964e1	5.15634e1	1.13817e2	6.7722797e-4	8.9102983e-4	1.2102448e1	1.0787968	
2022-02-24	12:53:05	2.14060	8.29431e-2	-4.64060e1	5.15634e1	1.13814e2	7.3170661e-4	8.8030099e-4	1.2104966e1	1.0788098	
2022-02-24	12:53:05	2.02373	7.97855e-2	-4.67536e1	5.15634e1	1.13816e2	6.9189071e-4	8.4704160e-4	1.2115876e1	1.0788004	
2022-02-24	12:53:06	1.91334	8.19256e-2	-4.65169e1	5.15600e1	1.13811e2	6.5422058e-4	8.6957216e-4	1.2104966e1	1.0788205	
2022-02-24	12:53:06	2.03570	8.54048e-2	-4.61431e1	5.15667e1	1.13815e2	6.9594383e-4	9.0622901e-4	1.2103288e1	1.0788052	
2022-02-24	12:53:07	1.79659	8.72338e-2	-4.59523e1	5.15634e1	1.13813e2	6.1440467e-4	9.2548131e-4	1.2104966e1	1.0788134	
2022-02-24	12:53:07	1.64774	8.47635e-2	-4.62109e1	5.15600e1	1.13815e2	5.6362152e-4	8.9949369e-4	1.2109162e1	1.0788052	
2022-02-24	12:53:08	1.95220	7.74599e-2	-4.70181e1	5.15667e1	1.13812e2	6.6745281e-4	8.2248449e-4	1.2105805e1	1.0788105	
2022-02-24	12:53:08	1.85091	7.74228e-2	-4.70228e1	5.15634e1	1.13807e2	6.3288211e-4	8.2206726e-4	1.2107484e1	1.0788331	
2022-02-24	12:53:09	1.64249	8.15782e-2	-4.65548e1	5.15600e1	1.13815e2	5.6183338e-4	8.6593627e-4	1.2107484e1	1.0788052	
2022-02-24	12:53:09	1.87266	8.31993e-2	-4.63785e1	5.15634e1	1.13811e2	6.4033269e-4	8.8298320e-4	1.2104127e1	1.0788117	
2022-02-24	12:53:10	1.74987	8.40222e-2	-4.62903e1	5.15667e1	1.13809e2	5.9843063e-4	8.9162588e-4	1.2110002e1	1.0788300	
2022-02-24	12:53:10	1.68529	8.24170e-2	-4.64636e1	5.15667e1	1.13807e2	5.7637691e-4	8.7469816e-4	1.2112519e1	1.0788419	
2022-02-24	12:53:11	2.00241	8.06616e-2	-4.66563e1	5.15701e1	1.13811e2	6.8455934e-4	8.5622072e-4	1.2104966e1	1.0788153	
2022-02-24	12:53:11	2.36377	8.28760e-2	-4.64138e1	5.15701e1	1.13807e2	8.0770254e-4	8.7952613e-4	1.2099092e1	1.0788407	
2022-02-24	12:53:12	1.89741	8.28757e-2	-4.64139e1	5.15667e1	1.13806e2	6.4873695e-4	8.7952613e-4	1.2106645e1	1.0788443	
2022-02-24	12:53:12	1.32787	8.15953e-2	-4.65533e1	5.15667e1	1.13809e2	4.5436620e-4	8.6605548e-4	1.2101609e1	1.0788235	
2022-02-24	12:53:13	1.93428	1.00471e-1	-4.46705e1	5.15634e1	1.13805e2	6.6131353e-4	1.0645985e-3	1.2103288e1	1.0788489	
2022-02-24	12:53:13	1.93428	1.00471e-1	-4.46705e1	5.15634e1	1.13805e2	6.6131353e-4	1.0645985e-3	1.2103288e1	1.0788489	
2022-02-24	12:53:14	1.85515	8.17628e-2	-4.65353e1	5.15667e1	1.13804e2	6.3431262e-4	8.6778402e-4	1.2104966e1	1.0788902	
2022-02-24	12:53:14	1.83572	7.74285e-2	-4.70221e1	5.15634e1	1.13807e2	6.2769651e-4	8.2212686e-4	1.2117555e1	1.0788595	
2022-02-24	12:53:15	1.83560	8.32114e-2	-4.63779e1	5.15634e1	1.13803e2	6.2763690e-4	8.8304281e-4	1.2111680e1	1.0788620	
2022-02-24	12:53:15	1.94112	8.31998e-2	-4.63789e1	5.15701e1	1.13805e2	6.6363811e-4	8.8292360e-4	1.2108323e1	1.0788489	
2022-02-24	12:53:16	2.09662	8.28497e-2	-4.64168e1	5.15701e1	1.13804e2	7.1662664e-4	8.7922811e-4	1.2105805e1	1.0788537	
2022-02-24	12:53:16	2.01038	8.40653e-2	-4.62860e1	5.15667e1	1.13805e2	6.8724155e-4	8.9204311e-4	1.2104127e1	1.0788525	
2022-02-24	12:53:17	2.01038	8.40653e-2	-4.62860e1	5.15667e1	1.13805e2	6.8724155e-4	8.9204311e-4	1.2104127e1	1.0788525	
2022-02-24	12:53:17	2.11353	8.74948e-2	-4.59260e1	5.15634e1	1.13805e2	7.2240829e-4	9.2816352e-4	1.2117555e1	1.0788513	
2022-02-24	12:53:18	1.58851	8.89959e-2	-4.57833e1	5.15634e1	1.13668e2	5.4264068e-4	9.4282627e-4	1.2106645e1	1.0795013	
2022-02-24	12:53:18	2.06309	8.25631e-2	-4.64495e1	5.15667e1	1.13785e2	7.0506334e-4	8.7606906e-4	1.2107484e1	1.0789450	
2022-02-24	12:53:19	2.01658	7.97650e-2	-4.67574e1	5.15634e1	1.13797e2	6.8932771e-4	8.4668397e-4	1.2104127e1	1.0788904	
2022-02-24	12:53:19	1.97458	8.00185e-2	-4.67289e1	5.15634e1	1.13798e2	6.7502260e-4	8.4936618e-4	1.2104127e1	1.0788834	
2022-02-24	12:53:20	1.97458	8.00185e-2	-4.67289e1	5.15634e1	1.13798e2	6.7502260e-4	8.4936618e-4	1.2104127e1	1.0788834	
2022-02-24	12:53:20	1.83326	8.25806e-2	-4.64459e1	5.15634e1	1.13806e2	6.2686204e-4	8.7642669e-4	1.2118394e1	1.0788443	
2022-02-24	12:53:21	1.84278	8.36089e-2	-4.63353e1	5.15600e1	1.13800e2	6.3008069e-4	8.8721513e-4	1.2104966e1	1.0788762	
2022-02-24	12:53:21	1.99367	8.41092e-2	-4.62813e1	5.15634e1	1.13805e2	6.8157911e-4	8.9251995e-4	1.2120072e1	1.0788489	
2022-02-24	12:53:22	1.84087	8.25381e-2	-4.64507e1	5.15667e1	1.13804e2	6.2942504e-4	8.7594985e-4	1.2112519e1	1.0788561	
2022-02-24	12:53:22	1.77380	8.04817e-2	-4.66766e1	5.15634e1	1.13807e2	6.0659646e-4	8.5431337e-4	1.2107484e1	1.0788419	
2022-02-24	12:53:23	1.77380	8.04817e-2	-4.66766e1	5.15634e1	1.13807e2	6.0659646e-4	8.5431337e-4	1.2107484e1	1.0788419	
2022-02-24	12:53:23	1.88655	8.15661e-2	-4.65571e1	5.15634e1	1.13801e2	6.4498186e-4	8.6569786e-4	1.2106645e1	1.0788691	
2022-02-24	12:53:24	1.88247	8.49560e-2	-4.61916e1	5.15634e1	1.13801e2	6.4361095e-4	9.0140104e-4	1.2104127e1	1.0788714	
2022-02-24	12:53:24	1.84659	8.44905e-2	-4.62407e1	5.15667e1	1.13804e2	6.3139200e-4	8.9651346e-4	1.2104966e1	1.0788573	
2022-02-24	12:53:25	-5.56928	1.15172e-1	-4.34111e1	5.15667e1	1.13852e2	-1.9243955e-3	1.2192726e-3	1.2103288e1	1.0786298	
2022-02-24	12:53:25	1.64035e1	6.66226e-2	-4.82846e1	5.15600e1	1.14702e2	5.5485367e-3	7.1364641e-4	1.2103288e1	1.0746234	
2022-02-24	12:53:26	1.64035e1	6.66226e-2	-4.82846e1	5.15600e1	1.14702e2	5.5485367e-3	7.1364641e-4	1.2103288e1	1.0746234	
2022-02-24	12:53:26	3.53436e2	4.83740e-2	-5.11097e1	5.15600e1	1.14061e2	8.5136833e-2	5.1611661e-4	1.2104966e1	1.0776411	
2022-02-24	12:53:27	-1.38507e1	9.37105e-2	-4.53023e1	5.15634e1	1.13839e2	-4.8403739e-3	9.9384784e-4	1.2106645e1	1.0786914	
2022-02-24	12:53:27	-2.54177e1	9.31950e-2	-4.53545e1	5.15634e1	1.13811e2	-9.0261697e-3	9.8818540e-4	1.2113358e1	1.0788229	
2022-02-24	12:53:28	-8.95547	8.68229e-2	-4.59962e1	5.15667e1	1.13796e2	-3.1071901e-3	9.2101097e-4	1.2103288e1	1.0788928	
2022-02-24	12:53:28	-8.95547	8.68229e-2	-4.59962e1	5.15667e1	1.13796e2	-3.1071901e-3	9.2101097e-4	1.2103288e1	1.0788928	
2022-02-24	12:53:29	-8.47683e-1	8.21004e-2	-4.64994e1	5.15667e1	1.13791e2	-2.9087066e-4	8.7124109e-4	1.2106645e1	1.0789165	
2022-02-24	12:53:29	-8.47683e-1	8.21004e-2	-4.64994e1	5.15667e1	1.13791e2	-2.9087066e-4	8.7124109e-4	1.2106645e1	1.0789165	
2022-02-24	12:53:30	1.64570	8.22305e-2	-4.64852e1	5.15667e1	1.13791e2	5.6278705e-4	8.7261199e-4	1.2118394e1	1.0789165	
2022-02-24	12:53:30	2.44341	8.02523e-2	-4.67036e1	5.15634e1	1.13788e2	8.3464384e-4	8.5175037e-4	1.2107484e1	1.0789343	
2022-02-24	12:53:31	2.89824	8.20966e-2	-4.65001e1	5.15634e1	1.13788e2	9.8943710e-4	8.7118148e-4	1.2101609e1	1.0789343	
2022-02-24	12:53:31	3.09397	8.23810e-2	-4.64693e1	5.15634e1	1.13786e2	1.0559558e-3	8.7416172e-4	1.2103288e1	1.0789438	
2022-02-24	12:53:32	3.13804	8.19055e-2	-4.65211e1	5.15634e1	1.13786e2	1.0709166e-3	8.6915493e-4	1.2116715e1	1.0789426	
2022-02-24	12:53:32	3.13804	8.19055e-2	-4.65211e1	5.15634e1	1.13786e2	1.0709166e-3	8.6915493e-4	1.2116715e1	1.0789426	
2022-02-24	12:53:33	2.46418	8.23856e-2	-4.64693e1	5.15600e1	1.13778e2	8.4167718e-4	8.7416172e-4	1.2109162e1	1.0789793	
2022-02-24	12:53:33	2.37373	8.14760e-2	-4.65689e1	5.15634e1	1.13777e2	8.1086158e-4	8.6456537e-4	1.2105805e1	1.0789829	
2022-02-24	12:53:34	2.51600	8.33191e-2	-4.63680e1	5.15667e1	1.13781e2	8.5932016e-4	8.8399648e-4	1.2109162e1	1.0789663	
2022-02-24	12:53:34	2.34342	8.25377e-2	-4.64525e1	5.15667e1	1.13781e2	8.0054998e-4	8.7577104e-4	1.2108323e1	1.0789639	
2022-02-24	12:53:35	2.13354	7.94116e-2	-4.67986e1	5.15667e1	1.13778e2	7.2902441e-4	8.4280967e-4	1.2107484e1	1.0789805	
2022-02-24	12:53:35	2.13354	7.94116e-2	-4.67986e1	5.15667e1	1.13778e2	7.2902441e-4	8.4280967e-4	1.2107484e1	1.0789805	
2022-02-24	12:53:36	1.98828	8.36121e-2	-4.63364e1	5.15634e1	1.13781e2	6.7955255e-4	8.8709592e-4	1.2103288e1	1.0789639	
2022-02-24	12:53:36	1.76223	8.55826e-2	-4.61271e1	5.15600e1	1.13779e2	6.0248374e-4	9.0783834e-4	1.2106645e1	1.0789722	
2022-02-24	12:53:37	1.86676	8.44491e-2	-4.62468e1	5.15634e1	1.13782e2	6.3812732e-4	8.9591741e-4	1.2107484e1	1.0789592	
2022-02-24	12:53:37	2.17625	8.33065e-2	-4.63693e1	5.15634e1	1.13781e2	7.4362754e-4	8.8387727e-4	1.2108323e1	1.0789639	
2022-02-24	12:53:38	2.06409	8.60120e-2	-4.60820e1	5.15600e1	1.13781e2	7.0542097e-4	9.1236829e-4	1.2104127e1	1.0789663	
2022-02-24	12:53:38	2.06409	8.60120e-2	-4.60820e1	5.15600e1	1.13781e2	7.0542097e-4	9.1236829e-4	1.2104127e1	1.0789663	
2022-02-24	12:53:39	1.83597	8.42235e-2	-4.62711e1	5.15600e1	1.13780e2	6.2763690e-4	8.9353322e-4	1.2107484e1	1.0789698	
2022-02-24	12:53:39	1.93382	8.55148e-2	-4.61342e1	5.15634e1	1.13780e2	6.6101551e-4	9.0712308e-4	1.2105805e1	1.0789674	
2022-02-24	12:53:40	1.88307	8.08657e-2	-4.66363e1	5.15667e1	1.13777e2	6.4367055e-4	8.5812807e-4	1.2104966e1	1.0789829	
2022-02-24	12:53:40	1.97934	7.64625e-2	-4.71360e1	5.15667e1	1.13782e2	6.7651271e-4	8.1175565e-4	1.2102448e1	1.0789592	
2022-02-24	12:53:41	1.90812	7.98307e-2	-4.67516e1	5.15667e1	1.13777e2	6.5219402e-4	8.4722042e-4	1.2107484e1	1.0789841	
2022-02-24	12:53:41	1.90863	8.50328e-2	-4.61850e1	5.15634e1	1.13782e2	6.5243244e-4	9.0205669e-4	1.2104966e1	1.0789539	
2022-02-24	12:53:42	1.95688	8.39043e-2	-4.63054e1	5.15667e1	1.13778e2	6.6882371e-4	8.9013576e-4	1.2104966e1	1.0789805	
2022-02-24	12:53:42	1.91137	8.29475e-2	-4.64083e1	5.15667e1	1.13778e2	6.5332651e-4	8.8006258e-4	1.2118394e1	1.0789793	
2022-02-24	12:53:43	1.71789	8.43905e-2	-4.62533e1	5.15701e1	1.13780e2	5.8734416e-4	8.9526176e-4	1.2110841e1	1.0789710	
2022-02-24	12:53:43	1.71140	8.38971e-2	-4.63059e1	5.15701e1	1.13781e2	5.8513879e-4	8.9007616e-4	1.2107484e1	1.0789651	
2022-02-24	12:53:44	2.08640	8.14626e-2	-4.65701e1	5.15667e1	1.13781e2	7.1299076e-4	8.6444616e-4	1.2107484e1	1.0789639	
2022-02-24	12:53:44	1.93589	8.11370e-2	-4.66063e1	5.15634e1	1.13776e2	6.6167116e-4	8.6098909e-4	1.2111680e1	1.0789865	
2022-02-24	12:53:45	1.86325	8.21522e-2	-4.64945e1	5.15634e1	1.13781e2	6.3693523e-4	8.7171792e-4	1.2107484e1	1.0789651	
2022-02-24	12:53:45	2.32203	8.09739e-2	-4.66239e1	5.15634e1	1.13783e2	7.9327821e-4	8.5932016e-4	1.2105805e1	1.0789556	
2022-02-24	12:53:46	2.38386	8.32855e-2	-4.63718e1	5.15634e1	1.13779e2	8.1431865e-4	8.8363885e-4	1.2104966e1	1.0789746	
2022-02-24	12:53:46	2.08930	7.93692e-2	-4.68063e1	5.15634e1	1.13740e2	7.1370601e-4	8.4209442e-4	1.2106645e1	1.0791584	
2022-02-24	12:53:47	1.65707	9.48485e-2	-4.52102e1	5.15667e1	1.13619e2	5.6570768e-4	1.0038614e-3	1.2117555e1	1.0797276	
2022-02-24	12:53:47	1.53443	1.04156e-1	-4.43581e1	5.15701e1	1.13592e2	5.2380561e-4	1.1011958e-3	1.2110841e1	1.0798623	
2022-02-24	12:53:48	1.71002	8.54353e-2	-4.61578e1	5.15667e1	1.13587e2	5.8358907e-4	9.0473890e-4	1.2104127e1	1.0799114	
2022-02-24	12:53:48	2.10582	8.07558e-2	-4.66619e1	5.15667e1	1.13607e2	7.1841478e-4	8.5568428e-4	1.2118394e1	1.0798022	
2022-02-24	12:53:49	2.16369	8.15617e-2	-4.65727e1	5.15600e1	1.13610e2	7.3814392e-4	8.6420774e-4	1.2112519e1	1.0797756	
2022-02-24	12:53:49	1.99069	8.47037e-2	-4.62329e1	5.15634e1	1.13616e2	6.7931413e-4	8.9728832e-4	1.2111680e1	1.0797470	
2022-02-24	12:53:50	1.99069	8.47037e-2	-4.62329e1	5.15634e1	1.13616e2	6.7931413e-4	8.9728832e-4	1.2111680e1	1.0797470	
2022-02-24	12:53:50	1.89305	8.51585e-2	-4.61843e1	5.15634e1	1.13622e2	6.4611434e-4	9.0211629e-4	1.2104966e1	1.0797185	
