System_Date_(Y-M-D)	System_Time_(h:m:s)	CO₂_(µmol_mol⁻¹)	H₂O_(mmol_mol⁻¹)	H₂O_(°C)	Cell_Temperature_(°C)	Cell_Pressure_(kPa)	CO₂_Absorption	H₂O_Absorption	Input_Voltage_(V)	Flow_Rate_(L_min⁻¹)	
2022-03-03	12:49:46	1.62711	9.19930e-2	-4.54934e1	5.15600e1	1.13546e2	5.5515766e-4	9.7328424e-4	1.2047898e1	1.0800722	
2022-03-03	12:49:46	1.67907	9.32649e-2	-4.53686e1	5.15667e1	1.13549e2	5.7286024e-4	9.8663568e-4	1.2046220e1	1.0800579	
2022-03-03	12:49:47	1.56316	9.33254e-2	-4.53626e1	5.15667e1	1.13551e2	5.3340196e-4	9.8729133e-4	1.2062165e1	1.0800461	
2022-03-03	12:49:47	1.75475	9.30640e-2	-4.53880e1	5.15667e1	1.13551e2	5.9860944e-4	9.8454952e-4	1.2052094e1	1.0800461	
2022-03-03	12:49:48	1.75475	9.30640e-2	-4.53880e1	5.15667e1	1.13551e2	5.9860944e-4	9.8454952e-4	1.2052094e1	1.0800461	
2022-03-03	12:49:48	1.73701	9.42261e-2	-4.52752e1	5.15634e1	1.13554e2	5.9258937e-4	9.9676847e-4	1.2051255e1	1.0800366	
2022-03-03	12:49:49	1.47508	9.52194e-2	-4.51799e1	5.15634e1	1.13555e2	5.0342082e-4	1.0071992e-3	1.2050416e1	1.0800306	
2022-03-03	12:49:49	1.54123	9.64986e-2	-4.50584e1	5.15667e1	1.13556e2	5.2595138e-4	1.0206103e-3	1.2047898e1	1.0800271	
2022-03-03	12:49:50	1.60591	9.51887e-2	-4.51826e1	5.15634e1	1.13557e2	5.4800510e-4	1.0069012e-3	1.2046220e1	1.0800175	
2022-03-03	12:49:50	1.52323	9.35641e-2	-4.53389e1	5.15634e1	1.13557e2	5.1981210e-4	9.8985433e-4	1.2051255e1	1.0800199	
2022-03-03	12:49:51	1.57740	9.13010e-2	-4.55607e1	5.15600e1	1.13559e2	5.3828954e-4	9.6613168e-4	1.2052094e1	1.0800104	
2022-03-03	12:49:51	1.72357	9.21174e-2	-4.54799e1	5.15634e1	1.13562e2	5.8805942e-4	9.7471475e-4	1.2051255e1	1.0799974	
2022-03-03	12:49:52	1.73391	9.40615e-2	-4.52905e1	5.15667e1	1.13561e2	5.9157609e-4	9.9509954e-4	1.2052934e1	1.0799998	
2022-03-03	12:49:52	1.62473	9.38113e-2	-4.53142e1	5.15634e1	1.13567e2	5.5444240e-4	9.9253654e-4	1.2050416e1	1.0799711	
2022-03-03	12:49:53	1.54911	9.18321e-2	-4.55074e1	5.15600e1	1.13569e2	5.2869319e-4	9.7179412e-4	1.2046220e1	1.0799616	
2022-03-03	12:49:53	1.54911	9.18321e-2	-4.55074e1	5.15600e1	1.13569e2	5.2869319e-4	9.7179412e-4	1.2046220e1	1.0799616	
2022-03-03	12:49:54	1.59027	9.21941e-2	-4.54720e1	5.15634e1	1.13565e2	5.4270029e-4	9.7554922e-4	1.2052094e1	1.0799807	
2022-03-03	12:49:54	1.60959	9.39490e-2	-4.53005e1	5.15600e1	1.13571e2	5.4931640e-4	9.9402666e-4	1.2065522e1	1.0799522	
2022-03-03	12:49:55	1.49455	9.46752e-2	-4.52304e1	5.15634e1	1.13574e2	5.1015615e-4	1.0016560e-3	1.2060487e1	1.0799415	
2022-03-03	12:49:55	1.59494	9.22912e-2	-4.54620e1	5.15634e1	1.13572e2	5.4430961e-4	9.7662210e-4	1.2048738e1	1.0799510	
2022-03-03	12:49:56	1.70071	9.13786e-2	-4.55517e1	5.15600e1	1.13575e2	5.8037042e-4	9.6708536e-4	1.2057969e1	1.0799331	
2022-03-03	12:49:56	1.70071	9.13786e-2	-4.55517e1	5.15600e1	1.13575e2	5.8037042e-4	9.6708536e-4	1.2057969e1	1.0799331	
2022-03-03	12:49:57	1.63464	9.35629e-2	-4.53379e1	5.15600e1	1.13571e2	5.5783987e-4	9.8997354e-4	1.2047898e1	1.0799533	
2022-03-03	12:49:57	1.55709	9.48691e-2	-4.52115e1	5.15600e1	1.13578e2	5.3149461e-4	1.0037422e-3	1.2051255e1	1.0799188	
2022-03-03	12:49:58	1.55685	9.25431e-2	-4.54369e1	5.15634e1	1.13576e2	5.3137540e-4	9.7930431e-4	1.2050416e1	1.0799295	
2022-03-03	12:49:58	1.60007	9.36020e-2	-4.53334e1	5.15634e1	1.13580e2	5.4609775e-4	9.9045038e-4	1.2057969e1	1.0799118	
2022-03-03	12:49:59	1.60761	9.24477e-2	-4.54463e1	5.15667e1	1.13576e2	5.4866075e-4	9.7829103e-4	1.2052094e1	1.0799307	
2022-03-03	12:49:59	1.60761	9.24477e-2	-4.54463e1	5.15667e1	1.13576e2	5.4866075e-4	9.7829103e-4	1.2052094e1	1.0799307	
2022-03-03	12:50:00	1.56296	9.29905e-2	-4.53925e1	5.15667e1	1.13585e2	5.3352117e-4	9.8407268e-4	1.2048738e1	1.0798844	
2022-03-03	12:50:00	2.00642	8.73563e-2	-4.59579e1	5.15667e1	1.13583e2	6.8444013e-4	9.2488527e-4	1.2051255e1	1.0798987	
2022-03-03	12:50:01	2.13745	9.17204e-2	-4.55173e1	5.15667e1	1.13583e2	7.2902441e-4	9.7072124e-4	1.2052094e1	1.0798951	
2022-03-03	12:50:01	1.41482	9.24506e-2	-4.54452e1	5.15667e1	1.13586e2	4.8303604e-4	9.7841024e-4	1.2059648e1	1.0798820	
2022-03-03	12:50:02	1.09693	1.00317e-1	-4.46977e1	5.15667e1	1.13641e2	3.7485361e-4	1.0614395e-3	1.2050416e1	1.0796219	
2022-03-03	12:50:02	1.09693	1.00317e-1	-4.46977e1	5.15667e1	1.13641e2	3.7485361e-4	1.0614395e-3	1.2050416e1	1.0796219	
2022-03-03	12:50:03	1.42757e-1	1.18034e-1	-4.31756e1	5.15701e1	1.13950e2	4.8995018e-5	1.2503266e-3	1.2049577e1	1.0781558	
2022-03-03	12:50:03	3.94807	6.52729e-2	-4.84404e1	5.15667e1	1.15019e2	1.3617277e-3	7.0118904e-4	1.2048738e1	1.0731602	
2022-03-03	12:50:04	3.49230	7.22724e-2	-4.75378e1	5.15634e1	1.15059e2	1.2057423e-3	7.7617168e-4	1.2052094e1	1.0729485	
2022-03-03	12:50:04	1.34804	8.97872e-2	-4.55942e1	5.15634e1	1.15047e2	4.6670436e-4	9.6267461e-4	1.2058808e1	1.0730022	
2022-03-03	12:50:05	4.97234e-1	1.00193e-1	-4.45916e1	5.15667e1	1.15110e2	1.7243623e-4	1.0738372e-3	1.2063844e1	1.0727074	
2022-03-03	12:50:05	4.97234e-1	1.00193e-1	-4.45916e1	5.15667e1	1.15110e2	1.7243623e-4	1.0738372e-3	1.2063844e1	1.0727074	
2022-03-03	12:50:06	1.09419	9.54156e-2	-4.50354e1	5.15634e1	1.15135e2	3.7926435e-4	1.0232925e-3	1.2050416e1	1.0725921	
2022-03-03	12:50:06	1.06558	9.85009e-2	-4.47471e1	5.15600e1	1.15113e2	3.6931037e-4	1.0558962e-3	1.2054612e1	1.0726969	
2022-03-03	12:50:07	1.58954	9.45884e-2	-4.51171e1	5.15600e1	1.15104e2	5.5044889e-4	1.0142326e-3	1.2050416e1	1.0727365	
2022-03-03	12:50:07	1.71754	9.22735e-2	-4.53432e1	5.15634e1	1.15092e2	5.9461593e-4	9.8949670e-4	1.2051255e1	1.0727947	
2022-03-03	12:50:08	1.56061	9.39644e-2	-4.51802e1	5.15634e1	1.15067e2	5.4025650e-4	1.0072588e-3	1.2049577e1	1.0729113	
2022-03-03	12:50:08	1.56061	9.39644e-2	-4.51802e1	5.15634e1	1.15067e2	5.4025650e-4	1.0072588e-3	1.2049577e1	1.0729113	
2022-03-03	12:50:09	1.52419	9.52833e-2	-4.50542e1	5.15600e1	1.15058e2	5.2762031e-4	1.0212063e-3	1.2049577e1	1.0729544	
2022-03-03	12:50:09	1.43458	9.27117e-2	-4.53047e1	5.15600e1	1.15034e2	4.9656629e-4	9.9366903e-4	1.2053773e1	1.0730640	
2022-03-03	12:50:10	1.66224	9.08216e-2	-4.54930e1	5.15634e1	1.15015e2	5.7506561e-4	9.7340345e-4	1.2050416e1	1.0731526	
2022-03-03	12:50:10	1.18371	9.60995e-2	-4.49814e1	5.15634e1	1.14995e2	4.0972232e-4	1.0293126e-3	1.2051255e1	1.0732448	
2022-03-03	12:50:11	-8.15910	9.59702e-2	-4.49206e1	5.15600e1	1.15922e2	-2.8854608e-3	1.0362267e-3	1.2049577e1	1.0689461	
2022-03-03	12:50:11	-8.15910	9.59702e-2	-4.49206e1	5.15600e1	1.15922e2	-2.8854608e-3	1.0362267e-3	1.2049577e1	1.0689461	
2022-03-03	12:50:12	5.62918e1	1.03861e-1	-4.42524e1	5.15600e1	1.15234e2	1.8197894e-2	1.1140108e-3	1.2051255e1	1.0721312	
2022-03-03	12:50:12	4.16301	1.12411e-1	-4.35212e1	5.15600e1	1.15268e2	1.4388561e-3	1.2051463e-3	1.2049577e1	1.0719766	
2022-03-03	12:50:13	-4.42116	9.50892e-2	-4.50558e1	5.15634e1	1.15272e2	-1.5460252e-3	1.0210275e-3	1.2064683e1	1.0719580	
2022-03-03	12:50:13	-1.03263	9.54792e-2	-4.50188e1	5.15667e1	1.15268e2	-3.5941600e-4	1.0251402e-3	1.2045381e1	1.0719730	
2022-03-03	12:50:14	5.64066e-1	9.61632e-2	-4.49535e1	5.15634e1	1.15273e2	1.9592046e-4	1.0324716e-3	1.2046220e1	1.0719522	
2022-03-03	12:50:14	5.64066e-1	9.61632e-2	-4.49535e1	5.15634e1	1.15273e2	1.9592046e-4	1.0324716e-3	1.2046220e1	1.0719522	
2022-03-03	12:50:15	1.52166	9.18982e-2	-4.53748e1	5.15600e1	1.15160e2	5.2726268e-4	9.8609924e-4	1.2049577e1	1.0724768	
2022-03-03	12:50:15	1.35304	9.46866e-2	-4.51025e1	5.15634e1	1.15170e2	4.6896934e-4	1.0158419e-3	1.2047898e1	1.0724326	
2022-03-03	12:50:16	1.37822	9.55494e-2	-4.50235e1	5.15667e1	1.15124e2	4.7749280e-4	1.0246038e-3	1.2050416e1	1.0726444	
2022-03-03	12:50:16	1.48172	9.50367e-2	-4.50728e1	5.15667e1	1.15120e2	5.1325559e-4	1.0191202e-3	1.2052094e1	1.0726619	
2022-03-03	12:50:17	1.71903	9.16787e-2	-4.54012e1	5.15634e1	1.15100e2	5.9515237e-4	9.8323822e-4	1.2063004e1	1.0727574	
2022-03-03	12:50:17	1.71903	9.16787e-2	-4.54012e1	5.15634e1	1.15100e2	5.9515237e-4	9.8323822e-4	1.2063004e1	1.0727574	
2022-03-03	12:50:18	1.46866	9.47598e-2	-4.51019e1	5.15634e1	1.15088e2	5.0860643e-4	1.0159015e-3	1.2048738e1	1.0728123	
2022-03-03	12:50:18	1.78236	9.08086e-2	-4.54892e1	5.15600e1	1.15079e2	6.1690807e-4	9.7382068e-4	1.2048738e1	1.0728518	
2022-03-03	12:50:19	1.74111	8.98993e-2	-4.55834e1	5.15667e1	1.15041e2	6.0242414e-4	9.6380710e-4	1.2063004e1	1.0730302	
2022-03-03	12:50:19	1.62588	9.33985e-2	-4.52434e1	5.15600e1	1.14962e2	5.6225061e-4	1.0003447e-3	1.2051255e1	1.0733988	
2022-03-03	12:50:20	1.30929	9.49702e-2	-4.50965e1	5.15600e1	1.14901e2	4.5269727e-4	1.0164976e-3	1.2052094e1	1.0736837	
2022-03-03	12:50:20	1.30929	9.49702e-2	-4.50965e1	5.15600e1	1.14901e2	4.5269727e-4	1.0164976e-3	1.2052094e1	1.0736837	
2022-03-03	12:50:21	2.57625	8.45633e-2	-4.61978e1	5.15634e1	1.14250e2	8.8375806e-4	9.0080499e-4	1.2048738e1	1.0767394	
2022-03-03	12:50:21	-6.59594e-2	1.08249e-1	-4.39790e1	5.15634e1	1.13903e2	-2.2649765e-5	1.1472105e-3	1.2051255e1	1.0783783	
2022-03-03	12:50:22	-5.29169e-1	1.14321e-1	-4.34823e1	5.15600e1	1.13819e2	-1.8155574e-4	1.2100338e-3	1.2047898e1	1.0787773	
2022-03-03	12:50:22	1.09801	9.87988e-2	-4.48251e1	5.15600e1	1.13789e2	3.7574768e-4	1.0468959e-3	1.2047898e1	1.0789172	
2022-03-03	12:50:23	2.10962	9.44831e-2	-4.52323e1	5.15600e1	1.13781e2	7.2091817e-4	1.0014772e-3	1.2052094e1	1.0789551	
2022-03-03	12:50:23	2.42777	9.10038e-2	-4.55720e1	5.15634e1	1.13788e2	8.2933902e-4	9.6493959e-4	1.2048738e1	1.0789254	
2022-03-03	12:50:24	2.21424	8.95419e-2	-4.57185e1	5.15634e1	1.13788e2	7.5662136e-4	9.4956159e-4	1.2046220e1	1.0789254	
2022-03-03	12:50:24	2.21424	8.95419e-2	-4.57185e1	5.15634e1	1.13788e2	7.5662136e-4	9.4956159e-4	1.2046220e1	1.0789254	
2022-03-03	12:50:25	1.87072	9.07628e-2	-4.55957e1	5.15634e1	1.13791e2	6.3955783e-4	9.6243619e-4	1.2049577e1	1.0789077	
2022-03-03	12:50:25	1.69891	9.11049e-2	-4.55613e1	5.15634e1	1.13796e2	5.8096647e-4	9.6607208e-4	1.2058808e1	1.0788863	
2022-03-03	12:50:26	1.60266	8.99636e-2	-4.56752e1	5.15634e1	1.13799e2	5.4812431e-4	9.5409154e-4	1.2059648e1	1.0788722	
2022-03-03	12:50:26	1.78612	8.84291e-2	-4.58302e1	5.15600e1	1.13804e2	6.1076879e-4	9.3799829e-4	1.2062165e1	1.0788472	
2022-03-03	12:50:27	1.81356	9.18743e-2	-4.54841e1	5.15567e1	1.13809e2	6.2018632e-4	9.7429752e-4	1.2048738e1	1.0788235	
2022-03-03	12:50:27	1.58024	9.48457e-2	-4.51954e1	5.15567e1	1.13808e2	5.4055452e-4	1.0055303e-3	1.2046220e1	1.0788307	
2022-03-03	12:50:28	1.51984	9.26457e-2	-4.54083e1	5.15600e1	1.13809e2	5.1993131e-4	9.8240375e-4	1.2057130e1	1.0788223	
2022-03-03	12:50:28	1.36671	9.91080e-2	-4.47947e1	5.15600e1	1.13812e2	4.6765804e-4	1.0503530e-3	1.2044541e1	1.0788093	
