System_Date_(Y-M-D)	System_Time_(h:m:s)	CO₂_(µmol_mol⁻¹)	H₂O_(mmol_mol⁻¹)	H₂O_(°C)	Cell_Temperature_(°C)	Cell_Pressure_(kPa)	CO₂_Absorption	H₂O_Absorption	Input_Voltage_(V)	Flow_Rate_(L_min⁻¹)	
2022-03-03	11:27:12	1.29803	1.07299e-1	-4.40464e1	5.15634e1	1.14072e2	4.4530630e-4	1.1389255e-3	1.2067201e1	1.0775816	
2022-03-03	11:27:12	1.29803	1.07299e-1	-4.40464e1	5.15634e1	1.14072e2	4.4530630e-4	1.1389255e-3	1.2067201e1	1.0775816	
2022-03-03	11:27:13	1.32553	1.06474e-1	-4.41176e1	5.15634e1	1.14069e2	4.5472383e-4	1.1302232e-3	1.2072236e1	1.0775922	
2022-03-03	11:27:13	1.23796	1.07720e-1	-4.40109e1	5.15667e1	1.14066e2	4.2468309e-4	1.1432766e-3	1.2071397e1	1.0776087	
2022-03-03	11:27:14	9.61833e-1	1.09576e-1	-4.38533e1	5.15667e1	1.14069e2	3.3009052e-4	1.1628270e-3	1.2070558e1	1.0775922	
2022-03-03	11:27:14	1.01975	1.10110e-1	-4.38086e1	5.15667e1	1.14069e2	3.4993886e-4	1.1684298e-3	1.2075593e1	1.0775934	
2022-03-03	11:27:15	1.61145	1.09430e-1	-4.38652e1	5.15667e1	1.14074e2	5.5259466e-4	1.1613368e-3	1.2068879e1	1.0775697	
2022-03-03	11:27:15	1.74371	1.07190e-1	-4.40556e1	5.15634e1	1.14073e2	5.9783458e-4	1.1377930e-3	1.2067201e1	1.0775732	
2022-03-03	11:27:16	9.11569e-1	1.07960e-1	-4.39901e1	5.15667e1	1.14069e2	3.1286478e-4	1.1458396e-3	1.2067201e1	1.0775922	
2022-03-03	11:27:16	9.11569e-1	1.07960e-1	-4.39901e1	5.15667e1	1.14069e2	3.1286478e-4	1.1458396e-3	1.2067201e1	1.0775922	
2022-03-03	11:27:17	1.02020	1.34135e-1	-4.19725e1	5.15634e1	1.14069e2	3.5011768e-4	1.4203786e-3	1.2075593e1	1.0775934	
2022-03-03	11:27:17	8.39710e-1	1.22607e-1	-4.28123e1	5.15634e1	1.14074e2	2.8824806e-4	1.2996792e-3	1.2073075e1	1.0775985	
2022-03-03	11:27:18	1.05658	1.08424e-1	-4.39507e1	5.15634e1	1.14069e2	3.6257505e-4	1.1507272e-3	1.2077271e1	1.0776362	
2022-03-03	11:27:18	1.04421	1.09450e-1	-4.38637e1	5.15701e1	1.14072e2	3.5834312e-4	1.1615157e-3	1.2066361e1	1.0775868	
2022-03-03	11:27:19	9.14358e-1	1.09326e-1	-4.38743e1	5.15667e1	1.14070e2	3.1381845e-4	1.1602044e-3	1.2068040e1	1.0775874	
2022-03-03	11:27:19	9.14358e-1	1.09326e-1	-4.38743e1	5.15667e1	1.14070e2	3.1381845e-4	1.1602044e-3	1.2068040e1	1.0775874	
2022-03-03	11:27:20	1.18151	1.08718e-1	-4.39257e1	5.15634e1	1.14070e2	4.0537118e-4	1.1538267e-3	1.2078950e1	1.0775874	
2022-03-03	11:27:20	1.23250	1.08966e-1	-4.39050e1	5.15634e1	1.14066e2	4.2283535e-4	1.1563897e-3	1.2068879e1	1.0776075	
2022-03-03	11:27:21	1.12267	1.07070e-1	-4.40663e1	5.15634e1	1.14069e2	3.8522481e-4	1.1364817e-3	1.2065522e1	1.0775946	
2022-03-03	11:27:21	1.25300	1.05763e-1	-4.41789e1	5.15634e1	1.14072e2	4.2986869e-4	1.1227726e-3	1.2082307e1	1.0775792	
2022-03-03	11:27:22	1.23010	1.06312e-1	-4.41318e1	5.15634e1	1.14067e2	4.2200088e-4	1.1284947e-3	1.2079789e1	1.0776028	
2022-03-03	11:27:22	1.15266	1.10574e-1	-4.37697e1	5.15667e1	1.14070e2	3.9547681e-4	1.1733174e-3	1.2063844e1	1.0775862	
2022-03-03	11:27:23	1.15161	1.09124e-1	-4.38916e1	5.15634e1	1.14067e2	3.9511919e-4	1.1580586e-3	1.2068879e1	1.0776040	
2022-03-03	11:27:23	1.02668	1.07380e-1	-4.40396e1	5.15634e1	1.14070e2	3.5232305e-4	1.1397600e-3	1.2067201e1	1.0775886	
2022-03-03	11:27:24	9.71562e-1	1.10183e-1	-4.38024e1	5.15667e1	1.14070e2	3.3342838e-4	1.1692047e-3	1.2077271e1	1.0775898	
2022-03-03	11:27:24	1.05445	1.09349e-1	-4.38724e1	5.15667e1	1.14069e2	3.6185979e-4	1.1604428e-3	1.2066361e1	1.0775910	
2022-03-03	11:27:25	1.08299	1.07497e-1	-4.40298e1	5.15667e1	1.14067e2	3.7163496e-4	1.1409521e-3	1.2068879e1	1.0776016	
2022-03-03	11:27:25	1.10284	1.10062e-1	-4.38124e1	5.15667e1	1.14072e2	3.7842988e-4	1.1679530e-3	1.2067201e1	1.0775792	
2022-03-03	11:27:26	1.10705	1.10458e-1	-4.37797e1	5.15667e1	1.14067e2	3.7986040e-4	1.1720657e-3	1.2067201e1	1.0776040	
2022-03-03	11:27:26	1.10944	1.07352e-1	-4.40420e1	5.15634e1	1.14070e2	3.8069486e-4	1.1394619e-3	1.2064683e1	1.0775886	
2022-03-03	11:27:27	1.05767	1.05720e-1	-4.41834e1	5.15600e1	1.14063e2	3.6293268e-4	1.1222362e-3	1.2070558e1	1.0776240	
2022-03-03	11:27:27	1.01927	1.06988e-1	-4.40737e1	5.15600e1	1.14064e2	3.4976005e-4	1.1355876e-3	1.2065522e1	1.0776182	
2022-03-03	11:27:28	1.11170	1.09340e-1	-4.38735e1	5.15600e1	1.14066e2	3.8146972e-4	1.1603236e-3	1.2064683e1	1.0776098	
2022-03-03	11:27:28	1.06941	1.07162e-1	-4.40582e1	5.15600e1	1.14072e2	3.6698579e-4	1.1374950e-3	1.2078950e1	1.0775792	
2022-03-03	11:27:29	9.68436e-1	1.03500e-1	-4.43776e1	5.15634e1	1.14068e2	3.3235549e-4	1.0989308e-3	1.2081468e1	1.0776004	
2022-03-03	11:27:29	1.19546	1.04804e-1	-4.42629e1	5.15634e1	1.14068e2	4.1013956e-4	1.1126399e-3	1.2067201e1	1.0776004	
2022-03-03	11:27:30	1.21400	1.07850e-1	-4.39995e1	5.15600e1	1.14069e2	4.1651725e-4	1.1447072e-3	1.2068040e1	1.0775922	
2022-03-03	11:27:30	9.87699e-1	1.05290e-1	-4.42203e1	5.15634e1	1.14069e2	3.3897161e-4	1.1177659e-3	1.2074754e1	1.0775957	
2022-03-03	11:27:31	1.10433	1.07062e-1	-4.40672e1	5.15667e1	1.14066e2	3.7890672e-4	1.1363625e-3	1.2068879e1	1.0776064	
2022-03-03	11:27:31	1.15161	1.09180e-1	-4.38868e1	5.15634e1	1.14067e2	3.9511919e-4	1.1586546e-3	1.2066361e1	1.0776016	
2022-03-03	11:27:32	1.15328	1.07132e-1	-4.40611e1	5.15600e1	1.14067e2	3.9571523e-4	1.1371374e-3	1.2070558e1	1.0776028	
2022-03-03	11:27:32	1.10308	1.05083e-1	-4.42386e1	5.15634e1	1.14066e2	3.7848949e-4	1.1155605e-3	1.2067201e1	1.0776098	
2022-03-03	11:27:33	1.00618	1.07192e-1	-4.40561e1	5.15634e1	1.14065e2	3.4528970e-4	1.1377334e-3	1.2067201e1	1.0776110	
2022-03-03	11:27:33	1.10062	1.10518e-1	-4.37745e1	5.15634e1	1.14069e2	3.7765502e-4	1.1727213e-3	1.2068040e1	1.0775957	
2022-03-03	11:27:34	1.30057	1.11099e-1	-4.37263e1	5.15667e1	1.14067e2	4.4614076e-4	1.1788010e-3	1.2068879e1	1.0776040	
2022-03-03	11:27:34	1.29051	1.08531e-1	-4.39419e1	5.15667e1	1.14065e2	4.4268369e-4	1.1518001e-3	1.2065522e1	1.0776122	
2022-03-03	11:27:35	1.18359	1.04363e-1	-4.43017e1	5.15634e1	1.14066e2	4.0608644e-4	1.1079907e-3	1.2066361e1	1.0776064	
2022-03-03	11:27:35	1.36218	1.08305e-1	-4.39609e1	5.15600e1	1.14068e2	4.6724081e-4	1.1494755e-3	1.2067201e1	1.0775992	
2022-03-03	11:27:36	1.25832	1.07583e-1	-4.40226e1	5.15634e1	1.14066e2	4.3165683e-4	1.1418461e-3	1.2068879e1	1.0776098	
2022-03-03	11:27:36	8.55907e-1	1.05607e-1	-4.41928e1	5.15600e1	1.14068e2	2.9379129e-4	1.1211037e-3	1.2070558e1	1.0775980	
2022-03-03	11:27:37	1.04716	1.08649e-1	-4.39315e1	5.15600e1	1.14070e2	3.5935640e-4	1.1531114e-3	1.2066361e1	1.0775898	
2022-03-03	11:27:37	1.13404	1.09994e-1	-4.38186e1	5.15667e1	1.14065e2	3.8909912e-4	1.1671781e-3	1.2066361e1	1.0776110	
2022-03-03	11:27:38	8.88482e-1	1.09942e-1	-4.38228e1	5.15667e1	1.14067e2	3.0493736e-4	1.1666417e-3	1.2069718e1	1.0776040	
2022-03-03	11:27:38	1.15558	1.09312e-1	-4.38757e1	5.15667e1	1.14067e2	3.9649009e-4	1.1600255e-3	1.2070558e1	1.0776016	
2022-03-03	11:27:39	1.25866	1.07634e-1	-4.40182e1	5.15667e1	1.14066e2	4.3177604e-4	1.1423826e-3	1.2064683e1	1.0776064	
2022-03-03	11:27:39	1.09525	1.08126e-1	-4.39761e1	5.15667e1	1.14068e2	3.7580728e-4	1.1475682e-3	1.2072236e1	1.0775992	
2022-03-03	11:27:40	1.15668	1.09375e-1	-4.38705e1	5.15667e1	1.14067e2	3.9684772e-4	1.1606812e-3	1.2069718e1	1.0776052	
2022-03-03	11:27:40	1.21630	1.10077e-1	-4.38114e1	5.15667e1	1.14068e2	4.1729211e-4	1.1680722e-3	1.2077271e1	1.0775992	
2022-03-03	11:27:41	1.17546	1.05437e-1	-4.42081e1	5.15600e1	1.14061e2	4.0328502e-4	1.1192560e-3	1.2066361e1	1.0776288	
2022-03-03	11:27:41	1.14284	1.04769e-1	-4.42660e1	5.15600e1	1.14067e2	3.9213895e-4	1.1122822e-3	1.2064683e1	1.0776040	
2022-03-03	11:27:42	1.09140	1.12550e-1	-4.36066e1	5.15600e1	1.14066e2	3.7449598e-4	1.1940598e-3	1.2068040e1	1.0776075	
2022-03-03	11:27:42	1.08005	1.14600e-1	-4.34394e1	5.15600e1	1.14070e2	3.7062168e-4	1.2156367e-3	1.2075593e1	1.0775874	
2022-03-03	11:27:43	1.02305	1.11846e-1	-4.36644e1	5.15634e1	1.14068e2	3.5107135e-4	1.1866688e-3	1.2068879e1	1.0776004	
2022-03-03	11:27:43	1.43397	1.02119e-1	-4.45067e1	5.15667e1	1.13992e2	4.9144029e-4	1.0836720e-3	1.2079789e1	1.0779572	
2022-03-03	11:27:44	1.01007	1.10392e-1	-4.37934e1	5.15634e1	1.13965e2	3.4630298e-4	1.1703372e-3	1.2069718e1	1.0780837	
2022-03-03	11:27:44	7.95278e-1	1.15084e-1	-4.34068e1	5.15601e1	1.13991e2	2.7281045e-4	1.2198686e-3	1.2080628e1	1.0779620	
2022-03-03	11:27:45	1.38995	1.08810e-1	-4.39219e1	5.15601e1	1.14020e2	4.7653913e-4	1.1543035e-3	1.2073915e1	1.0778237	
2022-03-03	11:27:45	1.27058	1.08875e-1	-4.39113e1	5.15634e1	1.14084e2	4.3594837e-4	1.1556148e-3	1.2071397e1	1.0775237	
2022-03-03	11:27:46	1.23114	1.05644e-1	-4.41863e1	5.15634e1	1.14109e2	4.2253732e-4	1.1218786e-3	1.2066361e1	1.0774068	
2022-03-03	11:27:46	1.17321	1.06387e-1	-4.41215e1	5.15634e1	1.14113e2	4.0268898e-4	1.1297464e-3	1.2070558e1	1.0773832	
2022-03-03	11:27:47	1.05736	1.07732e-1	-4.40071e1	5.15634e1	1.14099e2	3.6293268e-4	1.1437535e-3	1.2066361e1	1.0774517	
2022-03-03	11:27:47	1.08181	1.08257e-1	-4.39622e1	5.15634e1	1.14102e2	3.7133693e-4	1.1492967e-3	1.2069718e1	1.0774375	
2022-03-03	11:27:48	1.29004	1.06244e-1	-4.41352e1	5.15634e1	1.14097e2	4.4268369e-4	1.1280775e-3	1.2070558e1	1.0774611	
2022-03-03	11:27:48	1.25741	1.05145e-1	-4.42307e1	5.15634e1	1.14096e2	4.3147802e-4	1.1165142e-3	1.2073915e1	1.0774658	
2022-03-03	11:27:49	1.32260	1.06900e-1	-4.40786e1	5.15600e1	1.14097e2	4.5382976e-4	1.1349916e-3	1.2068040e1	1.0774600	
2022-03-03	11:27:49	9.36518e-1	1.06259e-1	-4.41338e1	5.15600e1	1.14098e2	3.2150745e-4	1.1282563e-3	1.2067201e1	1.0774564	
2022-03-03	11:27:50	4.61580e-1	1.05760e-1	-4.41769e1	5.15667e1	1.14100e2	1.5854835e-4	1.1230111e-3	1.2071397e1	1.0774470	
2022-03-03	11:27:50	-3.43015	1.47063e-1	-4.10979e1	5.15667e1	1.14152e2	-1.1851787e-3	1.5566349e-3	1.2066361e1	1.0772027	
2022-03-03	11:27:51	-8.94281	4.56492e-2	-5.15150e1	5.15634e1	1.15259e2	-3.1462907e-3	4.9227476e-4	1.2068879e1	1.0720249	
2022-03-03	11:27:51	1.16816e2	7.13225e-1	-2.49023e1	5.15634e1	1.14461e2	3.4986019e-2	7.2280168e-3	1.2073075e1	1.0757830	
2022-03-03	11:27:52	1.27189e2	8.85542e-1	-2.24979e1	5.15667e1	1.14279e2	3.7608742e-2	8.8450908e-3	1.2071397e1	1.0766192	
2022-03-03	11:27:52	-5.56005	1.33977e-1	-4.19725e1	5.15667e1	1.14203e2	-1.9276142e-3	1.4203786e-3	1.2071397e1	1.0769622	
2022-03-03	11:27:53	-1.06652e1	6.61307e-2	-4.83905e1	5.15667e1	1.14172e2	-3.7225484e-3	7.0512294e-4	1.2069718e1	1.0771059	
2022-03-03	11:27:53	-3.45599	9.01514e-2	-4.56276e1	5.15634e1	1.14160e2	-1.1942386e-3	9.5909833e-4	1.2065522e1	1.0771650	
2022-03-03	11:27:54	-3.45599	9.01514e-2	-4.56276e1	5.15634e1	1.14160e2	-1.1942386e-3	9.5909833e-4	1.2065522e1	1.0771650	
2022-03-03	11:27:54	1.20896	1.06762e-1	-4.40863e1	5.15667e1	1.14149e2	4.1508674e-4	1.1340379e-3	1.2070558e1	1.0772134	
2022-03-03	11:27:55	1.59339	1.09131e-1	-4.38840e1	5.15634e1	1.14153e2	5.4681301e-4	1.1590123e-3	1.2068879e1	1.0771956	
2022-03-03	11:27:55	1.59339	1.09131e-1	-4.38840e1	5.15634e1	1.14153e2	5.4681301e-4	1.1590123e-3	1.2068879e1	1.0771956	
2022-03-03	11:27:56	1.35770	1.13037e-1	-4.35593e1	5.15600e1	1.14157e2	4.6610832e-4	1.2001395e-3	1.2072236e1	1.0771756	
2022-03-03	11:27:56	1.26715	1.12118e-1	-4.36350e1	5.15634e1	1.14154e2	4.3505430e-4	1.1904239e-3	1.2064683e1	1.0771932	
2022-03-03	11:27:57	1.47114	1.11781e-1	-4.36626e1	5.15634e1	1.14156e2	5.0497055e-4	1.1869072e-3	1.2070558e1	1.0771826	
2022-03-03	11:27:57	1.31827	1.12458e-1	-4.36070e1	5.15634e1	1.14154e2	4.5257806e-4	1.1940002e-3	1.2068040e1	1.0771898	
2022-03-03	11:27:58	1.25670	1.14311e-1	-4.34558e1	5.15634e1	1.14155e2	4.3147802e-4	1.2134909e-3	1.2068879e1	1.0771874	
2022-03-03	11:27:58	1.25670	1.14311e-1	-4.34558e1	5.15634e1	1.14155e2	4.3147802e-4	1.2134909e-3	1.2068879e1	1.0771874	
2022-03-03	11:27:59	1.52790	1.13411e-1	-4.35292e1	5.15600e1	1.14153e2	5.2440166e-4	1.2040138e-3	1.2067201e1	1.0771980	
2022-03-03	11:27:59	1.37353	1.10194e-1	-4.37946e1	5.15600e1	1.14155e2	4.7153234e-4	1.1702179e-3	1.2064683e1	1.0771862	
2022-03-03	11:28:00	1.29944	1.11660e-1	-4.36725e1	5.15600e1	1.14157e2	4.4614076e-4	1.1856555e-3	1.2082307e1	1.0771780	
2022-03-03	11:28:00	1.15985	1.09530e-1	-4.38501e1	5.15634e1	1.14157e2	3.9827823e-4	1.1632442e-3	1.2068879e1	1.0771780	
2022-03-03	11:28:01	1.27836	1.09143e-1	-4.38827e1	5.15600e1	1.14158e2	4.3892860e-4	1.1591911e-3	1.2069718e1	1.0771744	
2022-03-03	11:28:01	1.27836	1.09143e-1	-4.38827e1	5.15600e1	1.14158e2	4.3892860e-4	1.1591911e-3	1.2069718e1	1.0771744	
2022-03-03	11:28:02	1.05633	1.11237e-1	-4.37094e1	5.15667e1	1.14134e2	3.6269426e-4	1.1809468e-3	1.2070558e1	1.0772864	
2022-03-03	11:28:02	1.07383	1.11728e-1	-4.36691e1	5.15634e1	1.14130e2	3.6871433e-4	1.1860728e-3	1.2066361e1	1.0773054	
2022-03-03	11:28:03	1.30069	1.08056e-1	-4.39772e1	5.15634e1	1.14128e2	4.4643878e-4	1.1474490e-3	1.2068040e1	1.0773160	
2022-03-03	11:28:03	1.49534	1.05546e-1	-4.42006e1	5.15634e1	1.14037e2	5.1265954e-4	1.1201500e-3	1.2068040e1	1.0777446	
2022-03-03	11:28:04	9.26987e-1	1.11610e-1	-4.36944e1	5.15600e1	1.13938e2	3.1775236e-4	1.1828541e-3	1.2084825e1	1.0782150	
2022-03-03	11:28:04	8.06886e-1	1.14774e-1	-4.34361e1	5.15600e1	1.13938e2	2.7662515e-4	1.2160539e-3	1.2063844e1	1.0782127	
2022-03-03	11:28:05	1.09045	1.10220e-1	-4.38085e1	5.15667e1	1.13956e2	3.7378072e-4	1.1684298e-3	1.2072236e1	1.0781286	
2022-03-03	11:28:05	1.15798	1.08817e-1	-4.39255e1	5.15667e1	1.13968e2	3.9690732e-4	1.1538267e-3	1.2066361e1	1.0780695	
2022-03-03	11:28:06	1.44946	1.08265e-1	-4.39708e1	5.15634e1	1.13987e2	4.9674510e-4	1.1482238e-3	1.2075593e1	1.0779796	
2022-03-03	11:28:06	1.27031	1.07219e-1	-4.40596e1	5.15600e1	1.13994e2	4.3547153e-4	1.1373162e-3	1.2079789e1	1.0779490	
2022-03-03	11:28:07	1.10302	1.08143e-1	-4.39795e1	5.15634e1	1.14007e2	3.7825107e-4	1.1471509e-3	1.2067201e1	1.0778851	
2022-03-03	11:28:07	1.09097	1.13043e-1	-4.35710e1	5.15667e1	1.14007e2	3.7413835e-4	1.1985898e-3	1.2083146e1	1.0778875	
2022-03-03	11:28:08	1.12532	1.10364e-1	-4.37917e1	5.15600e1	1.14015e2	3.8594007e-4	1.1705756e-3	1.2070558e1	1.0778473	
2022-03-03	11:28:08	1.17449	1.06621e-1	-4.41093e1	5.15600e1	1.14014e2	4.0274858e-4	1.1312365e-3	1.2064683e1	1.0778533	
2022-03-03	11:28:09	1.04258	1.08144e-1	-4.39790e1	5.15667e1	1.14014e2	3.5756826e-4	1.1472105e-3	1.2078111e1	1.0778533	
2022-03-03	11:28:09	1.05815	1.08106e-1	-4.39819e1	5.15667e1	1.14017e2	3.6293268e-4	1.1468529e-3	1.2081468e1	1.0778379	
2022-03-03	11:28:10	9.95418e-1	1.06266e-1	-4.41391e1	5.15634e1	1.14025e2	3.4147500e-4	1.1276006e-3	1.2080628e1	1.0777989	
2022-03-03	11:28:10	9.86079e-1	1.06936e-1	-4.40814e1	5.15634e1	1.14024e2	3.3825635e-4	1.1346340e-3	1.2067201e1	1.0778059	
2022-03-03	11:28:11	1.15828	1.11159e-1	-4.37246e1	5.15600e1	1.14026e2	3.9726495e-4	1.1790394e-3	1.2071397e1	1.0777953	
2022-03-03	11:28:11	1.22652	1.09978e-1	-4.38230e1	5.15600e1	1.14028e2	4.2062997e-4	1.1666417e-3	1.2079789e1	1.0777894	
2022-03-03	11:28:12	1.22745	1.07787e-1	-4.40085e1	5.15667e1	1.14025e2	4.2092800e-4	1.1435747e-3	1.2077271e1	1.0778001	
2022-03-03	11:28:12	1.12178	1.09605e-1	-4.38542e1	5.15667e1	1.14028e2	3.8474798e-4	1.1627078e-3	1.2068040e1	1.0777883	
2022-03-03	11:28:13	1.21630	1.11506e-1	-4.36957e1	5.15667e1	1.14028e2	4.1711330e-4	1.1826753e-3	1.2064683e1	1.0777883	
2022-03-03	11:28:13	1.26891	1.07871e-1	-4.40012e1	5.15667e1	1.14026e2	4.3511390e-4	1.1444687e-3	1.2065522e1	1.0777953	
2022-03-03	11:28:14	1.18198	1.07012e-1	-4.40745e1	5.15667e1	1.14029e2	4.0537118e-4	1.1354684e-3	1.2081468e1	1.0777835	
2022-03-03	11:28:14	1.11374	1.11304e-1	-4.37126e1	5.15667e1	1.14026e2	3.8200616e-4	1.1805295e-3	1.2077271e1	1.0777977	
2022-03-03	11:28:15	1.01281	1.10009e-1	-4.38204e1	5.15667e1	1.14027e2	3.4743547e-4	1.1669397e-3	1.2066361e1	1.0777906	
2022-03-03	11:28:15	1.03238	1.09238e-1	-4.38844e1	5.15634e1	1.14037e2	3.5417079e-4	1.1589527e-3	1.2068040e1	1.0777434	
2022-03-03	11:28:16	1.19359	1.10005e-1	-4.38204e1	5.15667e1	1.14031e2	4.0936470e-4	1.1669397e-3	1.2066361e1	1.0777741	
2022-03-03	11:28:16	1.30070	1.10939e-1	-4.37423e1	5.15667e1	1.14033e2	4.4602155e-4	1.1767745e-3	1.2078950e1	1.0777611	
2022-03-03	11:28:17	1.06184	1.07849e-1	-4.40026e1	5.15667e1	1.14032e2	3.6424398e-4	1.1442899e-3	1.2076432e1	1.0777693	
2022-03-03	11:28:17	9.69799e-1	1.07375e-1	-4.40430e1	5.15634e1	1.14033e2	3.3271312e-4	1.1393427e-3	1.2066361e1	1.0777611	
2022-03-03	11:28:18	1.01766	1.09068e-1	-4.38993e1	5.15634e1	1.14031e2	3.4910440e-4	1.1571049e-3	1.2078950e1	1.0777752	
2022-03-03	11:28:18	9.79852e-1	1.07663e-1	-4.40182e1	5.15634e1	1.14035e2	3.3617019e-4	1.1423826e-3	1.2068040e1	1.0777528	
2022-03-03	11:28:19	1.07962	1.09614e-1	-4.38533e1	5.15667e1	1.14031e2	3.7032365e-4	1.1628270e-3	1.2068879e1	1.0777729	
2022-03-03	11:28:19	1.15239	1.11656e-1	-4.36831e1	5.15634e1	1.14031e2	3.9523839e-4	1.1842846e-3	1.2069718e1	1.0777752	
2022-03-03	11:28:20	1.14901	1.10862e-1	-4.37490e1	5.15634e1	1.14030e2	3.9410591e-4	1.1759400e-3	1.2080628e1	1.0777788	
2022-03-03	11:28:20	9.64416e-1	1.07842e-1	-4.40032e1	5.15634e1	1.14032e2	3.3086538e-4	1.1442303e-3	1.2071397e1	1.0777682	
2022-03-03	11:28:21	9.11688e-1	1.04598e-1	-4.42837e1	5.15634e1	1.14032e2	3.1280517e-4	1.1101365e-3	1.2070558e1	1.0777670	
2022-03-03	11:28:21	1.16990	1.03722e-1	-4.43606e1	5.15634e1	1.14036e2	4.0125846e-4	1.1009573e-3	1.2068879e1	1.0777504	
2022-03-03	11:28:22	1.43663	1.02935e-1	-4.44303e1	5.15667e1	1.14036e2	4.9257278e-4	1.0926723e-3	1.2078111e1	1.0777493	
2022-03-03	11:28:22	1.61456	1.03093e-1	-4.44167e1	5.15667e1	1.14031e2	5.5342912e-4	1.0942816e-3	1.2081468e1	1.0777729	
2022-03-03	11:28:23	1.76742	1.08738e-1	-4.39270e1	5.15667e1	1.14032e2	6.0570240e-4	1.1536478e-3	1.2071397e1	1.0777658	
2022-03-03	11:28:23	1.29940	1.08455e-1	-4.39510e1	5.15667e1	1.14032e2	4.4560432e-4	1.1506676e-3	1.2070558e1	1.0777670	
2022-03-03	11:28:24	1.04220	1.23263e-1	-4.27661e1	5.15667e1	1.14031e2	3.5750865e-4	1.3060569e-3	1.2065522e1	1.0777717	
2022-03-03	11:28:24	1.28086	1.30345e-1	-4.22442e1	5.15667e1	1.14033e2	4.3922662e-4	1.3802647e-3	1.2067201e1	1.0777622	
2022-03-03	11:28:25	1.12934	1.07666e-1	-4.40183e1	5.15600e1	1.14031e2	3.8737058e-4	1.1423826e-3	1.2065522e1	1.0777993	
2022-03-03	11:28:25	9.19534e-1	1.02237e-1	-4.44931e1	5.15634e1	1.14030e2	3.1548738e-4	1.0852813e-3	1.2064683e1	1.0778229	
2022-03-03	11:28:26	8.54490e-1	1.08651e-1	-4.39343e1	5.15634e1	1.14034e2	2.9319524e-4	1.1527538e-3	1.2071397e1	1.0777688	
2022-03-03	11:28:26	9.49491e-1	1.10229e-1	-4.38016e1	5.15600e1	1.14032e2	3.2573938e-4	1.1693239e-3	1.2072236e1	1.0777705	
2022-03-03	11:28:27	1.01676	1.08864e-1	-4.39164e1	5.15667e1	1.14032e2	3.4880638e-4	1.1549592e-3	1.2069718e1	1.0777670	
2022-03-03	11:28:27	1.17951	1.08452e-1	-4.39515e1	5.15667e1	1.14030e2	4.0453672e-4	1.1506080e-3	1.2068879e1	1.0777776	
2022-03-03	11:28:28	1.13209	1.09362e-1	-4.38743e1	5.15667e1	1.14033e2	3.8832426e-4	1.1602044e-3	1.2075593e1	1.0777646	
2022-03-03	11:28:28	1.15986	1.05432e-1	-4.42108e1	5.15667e1	1.14033e2	3.9780139e-4	1.1188983e-3	1.2066361e1	1.0777622	
2022-03-03	11:28:29	1.21155	1.07050e-1	-4.40712e1	5.15634e1	1.14030e2	4.1550397e-4	1.1358857e-3	1.2068040e1	1.0777800	
2022-03-03	11:28:29	1.41837	1.09678e-1	-4.38477e1	5.15600e1	1.14032e2	4.8631429e-4	1.1635422e-3	1.2076432e1	1.0777658	
2022-03-03	11:28:30	1.41837	1.09678e-1	-4.38477e1	5.15600e1	1.14032e2	4.8631429e-4	1.1635422e-3	1.2076432e1	1.0777658	
2022-03-03	11:28:30	9.97679e-1	1.09712e-1	-4.38449e1	5.15600e1	1.14033e2	3.4224987e-4	1.1638998e-3	1.2072236e1	1.0777646	
2022-03-03	11:28:31	9.64807e-1	1.10103e-1	-4.38124e1	5.15634e1	1.14028e2	3.3098459e-4	1.1679530e-3	1.2068879e1	1.0777871	
2022-03-03	11:28:31	9.64807e-1	1.10103e-1	-4.38124e1	5.15634e1	1.14028e2	3.3098459e-4	1.1679530e-3	1.2068879e1	1.0777871	
2022-03-03	11:28:32	1.22035	1.04619e-1	-4.42818e1	5.15600e1	1.14033e2	4.1854381e-4	1.1103749e-3	1.2078950e1	1.0777611	
2022-03-03	11:28:32	1.15790	1.07129e-1	-4.40644e1	5.15634e1	1.14030e2	3.9714574e-4	1.1367201e-3	1.2077271e1	1.0777776	
2022-03-03	11:28:33	1.23594	1.10328e-1	-4.37935e1	5.15634e1	1.14030e2	4.2384862e-4	1.1703372e-3	1.2066361e1	1.0777776	
2022-03-03	11:28:33	1.17880	1.08935e-1	-4.39102e1	5.15667e1	1.14035e2	4.0429830e-4	1.1557340e-3	1.2073915e1	1.0777564	
2022-03-03	11:28:34	1.17620	1.09199e-1	-4.38881e1	5.15667e1	1.14031e2	4.0340423e-4	1.1584758e-3	1.2067201e1	1.0777717	
2022-03-03	11:28:34	1.17620	1.09199e-1	-4.38881e1	5.15667e1	1.14031e2	4.0340423e-4	1.1584758e-3	1.2067201e1	1.0777717	
2022-03-03	11:28:35	1.13754	1.07513e-1	-4.40312e1	5.15667e1	1.14032e2	3.9017200e-4	1.1407732e-3	1.2078950e1	1.0777658	
2022-03-03	11:28:35	1.17815	1.09993e-1	-4.38214e1	5.15667e1	1.14031e2	4.0405988e-4	1.1668205e-3	1.2069718e1	1.0777717	
2022-03-03	11:28:36	1.09993	1.08632e-1	-4.39360e1	5.15701e1	1.14033e2	3.7729740e-4	1.1525154e-3	1.2068879e1	1.0777646	
2022-03-03	11:28:36	1.07072	1.10882e-1	-4.37471e1	5.15634e1	1.14032e2	3.6728382e-4	1.1761784e-3	1.2065522e1	1.0777682	
2022-03-03	11:28:37	1.10237	1.10786e-1	-4.37551e1	5.15634e1	1.14032e2	3.7813186e-4	1.1751651e-3	1.2065522e1	1.0777682	
2022-03-03	11:28:37	1.24250	1.07247e-1	-4.40541e1	5.15667e1	1.14032e2	4.2611360e-4	1.1379718e-3	1.2067201e1	1.0777693	
2022-03-03	11:28:38	1.22933	1.06990e-1	-4.40764e1	5.15667e1	1.14029e2	4.2158365e-4	1.1352300e-3	1.2068040e1	1.0777847	
2022-03-03	11:28:38	1.06411	1.10557e-1	-4.37744e1	5.15667e1	1.14030e2	3.6501884e-4	1.1727213e-3	1.2069718e1	1.0777800	
2022-03-03	11:28:39	9.82458e-1	1.10492e-1	-4.37796e1	5.15667e1	1.14032e2	3.3706426e-4	1.1720657e-3	1.2084825e1	1.0777670	
2022-03-03	11:28:39	1.10382	1.11529e-1	-4.36937e1	5.15701e1	1.14029e2	3.7860870e-4	1.1829137e-3	1.2078950e1	1.0777835	
2022-03-03	11:28:40	1.17613	1.12696e-1	-4.35972e1	5.15634e1	1.14034e2	4.0340423e-4	1.1952519e-3	1.2066361e1	1.0777575	
2022-03-03	11:28:40	1.05995	1.08675e-1	-4.39324e1	5.15634e1	1.14033e2	3.6358833e-4	1.1529922e-3	1.2070558e1	1.0777646	
2022-03-03	11:28:41	1.11559	1.06509e-1	-4.41176e1	5.15600e1	1.14031e2	3.8266181e-4	1.1302232e-3	1.2066361e1	1.0777717	
2022-03-03	11:28:41	1.09730	1.08255e-1	-4.39681e1	5.15600e1	1.14031e2	3.7640333e-4	1.1485815e-3	1.2078111e1	1.0777717	
2022-03-03	11:28:42	1.05004	1.09946e-1	-4.38252e1	5.15667e1	1.14033e2	3.6019086e-4	1.1663436e-3	1.2069718e1	1.0777611	
2022-03-03	11:28:42	1.20384	1.07044e-1	-4.40716e1	5.15667e1	1.14032e2	4.1288137e-4	1.1358261e-3	1.2066361e1	1.0777705	
2022-03-03	11:28:43	1.31814	1.06406e-1	-4.41268e1	5.15634e1	1.14027e2	4.5198202e-4	1.1290907e-3	1.2072236e1	1.0777906	
2022-03-03	11:28:43	1.18351	1.10471e-1	-4.37817e1	5.15600e1	1.14028e2	4.0590763e-4	1.1718273e-3	1.2064683e1	1.0777894	
2022-03-03	11:28:44	9.87961e-1	1.11861e-1	-4.36662e1	5.15634e1	1.14030e2	3.3891201e-4	1.1864304e-3	1.2068040e1	1.0777800	
2022-03-03	11:28:44	1.11859	1.11636e-1	-4.36850e1	5.15634e1	1.14028e2	3.8367509e-4	1.1840462e-3	1.2070558e1	1.0777894	
2022-03-03	11:28:45	1.34144	1.09819e-1	-4.38361e1	5.15667e1	1.14030e2	4.5996904e-4	1.1649727e-3	1.2070558e1	1.0777788	
2022-03-03	11:28:45	1.22739	1.05969e-1	-4.41645e1	5.15667e1	1.14029e2	4.2092800e-4	1.1245012e-3	1.2072236e1	1.0777847	
2022-03-03	11:28:46	1.16976	1.05539e-1	-4.42016e1	5.15600e1	1.14032e2	4.0119886e-4	1.1200308e-3	1.2079789e1	1.0777705	
2022-03-03	11:28:46	1.22003	1.07230e-1	-4.40557e1	5.15600e1	1.14030e2	4.1842460e-4	1.1377930e-3	1.2070558e1	1.0777765	
2022-03-03	11:28:47	1.13521	1.06792e-1	-4.40935e1	5.15667e1	1.14027e2	3.8933753e-4	1.1331439e-3	1.2084825e1	1.0777906	
2022-03-03	11:28:47	1.19604	1.06063e-1	-4.41563e1	5.15634e1	1.14030e2	4.1019916e-4	1.1255145e-3	1.2068879e1	1.0777800	
2022-03-03	11:28:48	1.37730	1.07235e-1	-4.40552e1	5.15600e1	1.14030e2	4.7224760e-4	1.1378526e-3	1.2076432e1	1.0777765	
2022-03-03	11:28:48	1.07558	1.07118e-1	-4.40653e1	5.15634e1	1.14030e2	3.6895275e-4	1.1366009e-3	1.2080628e1	1.0777776	
2022-03-03	11:28:49	1.07189	1.07235e-1	-4.40551e1	5.15634e1	1.14032e2	3.6770105e-4	1.1378526e-3	1.2064683e1	1.0777705	
2022-03-03	11:28:49	1.39853	1.09766e-1	-4.38405e1	5.15634e1	1.14031e2	4.7951936e-4	1.1644363e-3	1.2065522e1	1.0777729	
2022-03-03	11:28:50	1.38737	1.08257e-1	-4.39680e1	5.15634e1	1.14030e2	4.7570466e-4	1.1485815e-3	1.2068040e1	1.0777765	
2022-03-03	11:28:50	1.05612	1.09485e-1	-4.38643e1	5.15634e1	1.14028e2	3.6227703e-4	1.1614561e-3	1.2067201e1	1.0777859	
2022-03-03	11:28:51	9.22263e-1	1.13190e-1	-4.35568e1	5.15634e1	1.14034e2	3.1644105e-4	1.2004375e-3	1.2070558e1	1.0777575	
2022-03-03	11:28:51	1.28674	1.08774e-1	-4.39242e1	5.15634e1	1.14030e2	4.4125318e-4	1.1540055e-3	1.2065522e1	1.0777776	
2022-03-03	11:28:52	1.24341	1.08559e-1	-4.39424e1	5.15667e1	1.14031e2	4.2641162e-4	1.1517405e-3	1.2075593e1	1.0777741	
2022-03-03	11:28:52	1.18072	1.10269e-1	-4.37988e1	5.15600e1	1.14025e2	4.0495395e-4	1.1696815e-3	1.2065522e1	1.0778001	
2022-03-03	11:28:53	1.16140	1.08093e-1	-4.39820e1	5.15634e1	1.14031e2	3.9833784e-4	1.1468529e-3	1.2070558e1	1.0777752	
2022-03-03	11:28:53	1.07390	1.11019e-1	-4.37363e1	5.15634e1	1.14026e2	3.6835670e-4	1.1775493e-3	1.2077271e1	1.0777953	
2022-03-03	11:28:54	1.08208	1.08692e-1	-4.39313e1	5.15667e1	1.14028e2	3.7115812e-4	1.1531114e-3	1.2069718e1	1.0777894	
2022-03-03	11:28:54	1.14207	1.08830e-1	-4.39194e1	5.15634e1	1.14031e2	3.9172172e-4	1.1546015e-3	1.2069718e1	1.0777729	
2022-03-03	11:28:55	1.11684	1.07052e-1	-4.40712e1	5.15634e1	1.14028e2	3.8307905e-4	1.1358857e-3	1.2083985e1	1.0777894	
2022-03-03	11:28:55	9.64285e-1	1.03498e-1	-4.43811e1	5.15634e1	1.14027e2	3.3080577e-4	1.0985136e-3	1.2068040e1	1.0777930	
2022-03-03	11:28:56	1.01733	1.08846e-1	-4.39185e1	5.15600e1	1.14025e2	3.4898519e-4	1.1547207e-3	1.2071397e1	1.0778013	
2022-03-03	11:28:56	1.44150	1.08819e-1	-4.39207e1	5.15667e1	1.14025e2	4.9418210e-4	1.1544227e-3	1.2085664e1	1.0778013	
2022-03-03	11:28:57	1.22155	1.02574e-1	-4.44636e1	5.15667e1	1.14022e2	4.1890144e-4	1.0887384e-3	1.2068879e1	1.0778166	
2022-03-03	11:28:57	8.03582e-1	1.00441e-1	-4.46557e1	5.15634e1	1.14024e2	2.7573108e-4	1.0663270e-3	1.2068879e1	1.0778059	
2022-03-03	11:28:58	1.06047	1.17124e-1	-4.32409e1	5.15634e1	1.14031e2	3.6376714e-4	1.2416839e-3	1.2084825e1	1.0777741	
2022-03-03	11:28:58	1.01163	1.05822e-1	-4.41774e1	5.15634e1	1.14027e2	3.4701824e-4	1.1229515e-3	1.2075593e1	1.0777994	
2022-03-03	11:28:59	1.04898	9.24896e-2	-4.54061e1	5.15634e1	1.14029e2	3.5983324e-4	9.8264217e-4	1.2079789e1	1.0778188	
2022-03-03	11:28:59	1.04899	1.09118e-1	-4.38954e1	5.15634e1	1.14026e2	3.5983324e-4	1.1575818e-3	1.2068879e1	1.0778142	
2022-03-03	11:29:00	9.60463e-1	1.13102e-1	-4.35646e1	5.15634e1	1.14026e2	3.2949447e-4	1.1994242e-3	1.2070558e1	1.0777953	
2022-03-03	11:29:00	9.92835e-1	1.09199e-1	-4.38886e1	5.15667e1	1.14026e2	3.4058094e-4	1.1584162e-3	1.2066361e1	1.0777977	
2022-03-03	11:29:01	1.15990	1.05711e-1	-4.41873e1	5.15600e1	1.14023e2	3.9780139e-4	1.1217594e-3	1.2068879e1	1.0778107	
2022-03-03	11:29:01	1.12241	1.05895e-1	-4.41710e1	5.15634e1	1.14028e2	3.8498640e-4	1.1237263e-3	1.2067201e1	1.0777894	
2022-03-03	11:29:02	1.16913	1.10442e-1	-4.37844e1	5.15667e1	1.14025e2	4.0096044e-4	1.1714696e-3	1.2067201e1	1.0777989	
2022-03-03	11:29:02	1.23536	1.12681e-1	-4.35990e1	5.15634e1	1.14027e2	4.2366981e-4	1.1950135e-3	1.2074754e1	1.0777930	
2022-03-03	11:29:03	1.06501	1.08820e-1	-4.39208e1	5.15634e1	1.14023e2	3.6531686e-4	1.1544227e-3	1.2068879e1	1.0778095	
2022-03-03	11:29:03	9.69789e-1	1.07679e-1	-4.40174e1	5.15600e1	1.14029e2	3.3271312e-4	1.1425018e-3	1.2068879e1	1.0777835	
2022-03-03	11:29:04	1.19664	1.08769e-1	-4.39250e1	5.15667e1	1.14024e2	4.1037797e-4	1.1538863e-3	1.2068040e1	1.0778059	
2022-03-03	11:29:04	1.49858	1.06623e-1	-4.41083e1	5.15634e1	1.14025e2	5.1373243e-4	1.1313557e-3	1.2073075e1	1.0778013	
2022-03-03	11:29:05	1.20066	1.06904e-1	-4.40842e1	5.15667e1	1.14023e2	4.1174888e-4	1.1342763e-3	1.2068040e1	1.0778095	
2022-03-03	11:29:05	1.12664	1.06983e-1	-4.40774e1	5.15667e1	1.14023e2	3.8641691e-4	1.1351108e-3	1.2078950e1	1.0778083	
2022-03-03	11:29:06	1.23127	1.07825e-1	-4.40052e1	5.15634e1	1.14025e2	4.2223930e-4	1.1439919e-3	1.2068879e1	1.0778001	
2022-03-03	11:29:06	1.18963	1.06171e-1	-4.41473e1	5.15667e1	1.14024e2	4.0799379e-4	1.1265873e-3	1.2070558e1	1.0778048	
2022-03-03	11:29:07	1.21681	1.03748e-1	-4.43590e1	5.15667e1	1.14027e2	4.1729211e-4	1.1011362e-3	1.2081468e1	1.0777906	
2022-03-03	11:29:07	1.21681	1.03748e-1	-4.43590e1	5.15667e1	1.14027e2	4.1729211e-4	1.1011362e-3	1.2081468e1	1.0777906	
2022-03-03	11:29:08	1.00481	1.07986e-1	-4.39912e1	5.15600e1	1.14029e2	3.4469366e-4	1.1457204e-3	1.2079789e1	1.0777847	
2022-03-03	11:29:08	1.11806	1.05651e-1	-4.41923e1	5.15600e1	1.14026e2	3.8349628e-4	1.1211633e-3	1.2069718e1	1.0777953	
2022-03-03	11:29:09	1.41150	1.06576e-1	-4.41127e1	5.15634e1	1.14021e2	4.8393011e-4	1.1308193e-3	1.2068040e1	1.0778201	
2022-03-03	11:29:09	1.36531	1.06956e-1	-4.40795e1	5.15634e1	1.14027e2	4.6813488e-4	1.1348724e-3	1.2064683e1	1.0777906	
2022-03-03	11:29:10	1.26112	1.08006e-1	-4.39901e1	5.15667e1	1.14022e2	4.3243169e-4	1.1458396e-3	1.2067201e1	1.0778177	
2022-03-03	11:29:10	1.26112	1.08006e-1	-4.39901e1	5.15667e1	1.14022e2	4.3243169e-4	1.1458396e-3	1.2067201e1	1.0778177	
2022-03-03	11:29:11	1.19995	1.05484e-1	-4.42069e1	5.15667e1	1.14025e2	4.1151046e-4	1.1193752e-3	1.2066361e1	1.0778001	
2022-03-03	11:29:11	1.32930	1.08570e-1	-4.39420e1	5.15634e1	1.14024e2	4.5579671e-4	1.1518001e-3	1.2068040e1	1.0778071	
2022-03-03	11:29:12	1.18566	1.09584e-1	-4.38562e1	5.15634e1	1.14025e2	4.0662288e-4	1.1624693e-3	1.2071397e1	1.0778024	
2022-03-03	11:29:12	1.24536	1.08707e-1	-4.39303e1	5.15667e1	1.14024e2	4.2706727e-4	1.1532306e-3	1.2068879e1	1.0778071	
2022-03-03	11:29:13	1.41832	1.08796e-1	-4.39227e1	5.15634e1	1.14024e2	4.8625469e-4	1.1541843e-3	1.2073915e1	1.0778048	
2022-03-03	11:29:13	1.41832	1.08796e-1	-4.39227e1	5.15634e1	1.14024e2	4.8625469e-4	1.1541843e-3	1.2073915e1	1.0778048	
2022-03-03	11:29:14	8.06179e-1	1.09011e-1	-4.39045e1	5.15634e1	1.14025e2	2.7662515e-4	1.1564493e-3	1.2066361e1	1.0778001	
2022-03-03	11:29:14	1.04898	1.10998e-1	-4.37382e1	5.15600e1	1.14023e2	3.5983324e-4	1.1773109e-3	1.2080628e1	1.0778119	
2022-03-03	11:29:15	1.38297	1.07937e-1	-4.39959e1	5.15667e1	1.14022e2	4.7415494e-4	1.1451244e-3	1.2068040e1	1.0778155	
2022-03-03	11:29:15	1.27429	1.05450e-1	-4.42098e1	5.15667e1	1.14026e2	4.3696165e-4	1.1190176e-3	1.2068879e1	1.0777965	
2022-03-03	11:29:16	1.13148	1.05756e-1	-4.41834e1	5.15600e1	1.14024e2	3.8808584e-4	1.1222362e-3	1.2073915e1	1.0778071	
2022-03-03	11:29:16	1.13148	1.05756e-1	-4.41834e1	5.15600e1	1.14024e2	3.8808584e-4	1.1222362e-3	1.2073915e1	1.0778071	
2022-03-03	11:29:17	1.06312	1.09765e-1	-4.38411e1	5.15600e1	1.14025e2	3.6466121e-4	1.1643767e-3	1.2067201e1	1.0778024	
2022-03-03	11:29:17	1.04712	1.09263e-1	-4.38834e1	5.15667e1	1.14023e2	3.5917758e-4	1.1590719e-3	1.2068879e1	1.0778083	
2022-03-03	11:29:18	1.08455	1.07388e-1	-4.40429e1	5.15667e1	1.14021e2	3.7199258e-4	1.1393427e-3	1.2065522e1	1.0778189	
2022-03-03	11:29:18	1.18514	1.09942e-1	-4.38262e1	5.15634e1	1.14024e2	4.0644407e-4	1.1662244e-3	1.2067201e1	1.0778048	
2022-03-03	11:29:19	1.23001	1.10477e-1	-4.37813e1	5.15567e1	1.14026e2	4.2182207e-4	1.1718869e-3	1.2066361e1	1.0777953	
2022-03-03	11:29:19	1.09931	1.06577e-1	-4.41123e1	5.15600e1	1.14025e2	3.7705898e-4	1.1308789e-3	1.2068879e1	1.0778024	
2022-03-03	11:29:20	1.22063	1.09610e-1	-4.38543e1	5.15634e1	1.14022e2	4.1860342e-4	1.1627078e-3	1.2079789e1	1.0778142	
2022-03-03	11:29:20	1.20689	1.09289e-1	-4.38814e1	5.15667e1	1.14021e2	4.1389465e-4	1.1593103e-3	1.2068040e1	1.0778225	
2022-03-03	11:29:21	1.11380	1.05690e-1	-4.41891e1	5.15667e1	1.14024e2	3.8200616e-4	1.1215209e-3	1.2064683e1	1.0778059	
2022-03-03	11:29:21	1.20345	1.06487e-1	-4.41204e1	5.15667e1	1.14020e2	4.1270256e-4	1.1298656e-3	1.2066361e1	1.0778249	
2022-03-03	11:29:22	1.23083	1.07730e-1	-4.40138e1	5.15667e1	1.14019e2	4.2206048e-4	1.1429190e-3	1.2073075e1	1.0778295	
2022-03-03	11:29:22	1.21576	1.05050e-1	-4.42455e1	5.15634e1	1.14016e2	4.1687488e-4	1.1147260e-3	1.2064683e1	1.0778437	
2022-03-03	11:29:23	1.16276	1.09027e-1	-4.39036e1	5.15634e1	1.14021e2	3.9875507e-4	1.1565685e-3	1.2067201e1	1.0778225	
2022-03-03	11:29:23	1.27378	1.10718e-1	-4.37616e1	5.15667e1	1.14022e2	4.3678283e-4	1.1743307e-3	1.2068879e1	1.0778177	
2022-03-03	11:29:24	1.26002	1.09611e-1	-4.38542e1	5.15667e1	1.14022e2	4.3207406e-4	1.1627078e-3	1.2072236e1	1.0778155	
2022-03-03	11:29:24	1.12807	1.10377e-1	-4.37900e1	5.15667e1	1.14022e2	3.8689374e-4	1.1707544e-3	1.2065522e1	1.0778166	
2022-03-03	11:29:25	1.14927	1.08622e-1	-4.39376e1	5.15634e1	1.14022e2	3.9416551e-4	1.1523365e-3	1.2077271e1	1.0778131	
2022-03-03	11:29:25	1.22789	1.07369e-1	-4.40449e1	5.15634e1	1.14016e2	4.2104721e-4	1.1391043e-3	1.2066361e1	1.0778449	
2022-03-03	11:29:26	1.06573	1.05460e-1	-4.42093e1	5.15667e1	1.14021e2	3.6555528e-4	1.1190772e-3	1.2062165e1	1.0778201	
2022-03-03	11:29:26	1.05205	1.07018e-1	-4.40745e1	5.15667e1	1.14023e2	3.6084651e-4	1.1354684e-3	1.2068879e1	1.0778119	
2022-03-03	11:29:27	1.31251	1.07985e-1	-4.39920e1	5.15667e1	1.14019e2	4.5001506e-4	1.1456012e-3	1.2073915e1	1.0778284	
2022-03-03	11:29:27	1.18203	1.06649e-1	-4.41063e1	5.15634e1	1.14022e2	4.0537118e-4	1.1315941e-3	1.2073075e1	1.0778166	
2022-03-03	11:29:28	1.01953	1.08063e-1	-4.39854e1	5.15600e1	1.14019e2	3.4970045e-4	1.1464357e-3	1.2070558e1	1.0778295	
