System_Date_(Y-M-D)	System_Time_(h:m:s)	CO₂_(µmol_mol⁻¹)	H₂O_(mmol_mol⁻¹)	H₂O_(°C)	Cell_Temperature_(°C)	Cell_Pressure_(kPa)	CO₂_Absorption	H₂O_Absorption	Input_Voltage_(V)	Flow_Rate_(L_min⁻¹)	
2022-02-19	13:54:04	3.97709e-1	1.50563e-1	-4.11359e1	5.15434e1	1.11051e2	1.3267993e-4	1.5500783e-3	1.2090699e1	1.0476241	
2022-02-19	13:54:04	4.22404e-1	1.48234e-1	-4.12834e1	5.15434e1	1.11052e2	1.4090538e-4	1.5264153e-3	1.2088181e1	1.0476566	
2022-02-19	13:54:05	3.76254e-1	1.46527e-1	-4.13932e1	5.15434e1	1.11048e2	1.2552738e-4	1.5090107e-3	1.2087342e1	1.0475823	
2022-02-19	13:54:05	3.98681e-1	1.50550e-1	-4.11374e1	5.15434e1	1.11044e2	1.3297796e-4	1.5498399e-3	1.2089021e1	1.0475571	
2022-02-19	13:54:06	2.26928e-1	1.49829e-1	-4.11829e1	5.15434e1	1.11043e2	7.5697898e-5	1.5425086e-3	1.2088181e1	1.0473918	
2022-02-19	13:54:06	5.76668e-2	1.48514e-1	-4.12662e1	5.15434e1	1.11044e2	1.9252300e-5	1.5291571e-3	1.2086503e1	1.0474244	
2022-02-19	13:54:07	1.67050e-1	1.49571e-1	-4.11991e1	5.15467e1	1.11044e2	5.5730342e-5	1.5398859e-3	1.2089021e1	1.0473685	
2022-02-19	13:54:07	2.73010e-1	1.50813e-1	-4.11211e1	5.15467e1	1.11041e2	9.1075897e-5	1.5524625e-3	1.2089860e1	1.0472999	
2022-02-19	13:54:08	4.79447e-1	1.48665e-1	-4.12569e1	5.15434e1	1.11041e2	1.5991926e-4	1.5306472e-3	1.2085664e1	1.0471684	
2022-02-19	13:54:08	3.65369e-1	1.48250e-1	-4.12833e1	5.15467e1	1.11041e2	1.2189149e-4	1.5264153e-3	1.2085664e1	1.0472242	
2022-02-19	13:54:09	2.09045e-1	1.44826e-1	-4.15043e1	5.15500e1	1.11037e2	6.9737434e-5	1.4915466e-3	1.2087342e1	1.0470172	
2022-02-19	13:54:09	3.67057e-1	1.45877e-1	-4.14361e1	5.15500e1	1.11037e2	1.2242794e-4	1.5022158e-3	1.2085664e1	1.0470499	
2022-02-19	13:54:10	3.73799e-1	1.50089e-1	-4.11671e1	5.15500e1	1.11036e2	1.2469291e-4	1.5450119e-3	1.2089860e1	1.0468403	
2022-02-19	13:54:10	4.41396e-1	1.46152e-1	-4.14185e1	5.15434e1	1.11034e2	1.4722347e-4	1.5050172e-3	1.2086503e1	1.0468008	
2022-02-19	13:54:11	6.11688e-1	1.45188e-1	-4.14813e1	5.15400e1	1.11031e2	2.0396709e-4	1.4951825e-3	1.2085664e1	1.0466670	
2022-02-19	13:54:11	6.81535e-1	1.50418e-1	-4.11472e1	5.15500e1	1.11026e2	2.2721290e-4	1.5482306e-3	1.2084825e1	1.0466417	
2022-02-19	13:54:12	2.82275e-1	1.50958e-1	-4.11131e1	5.15434e1	1.11028e2	9.4175338e-5	1.5537738e-3	1.2085664e1	1.0465005	
2022-02-19	13:54:12	2.99130e-1	1.56346e-1	-4.07809e1	5.15467e1	1.11023e2	9.9778175e-5	1.6083717e-3	1.2098252e1	1.0463703	
2022-02-19	13:54:13	2.99130e-1	1.56346e-1	-4.07809e1	5.15467e1	1.11023e2	9.9778175e-5	1.6083717e-3	1.2098252e1	1.0463703	
2022-02-19	13:54:13	3.50466e-1	1.59503e-1	-4.05901e1	5.15500e1	1.11030e2	1.1688470e-4	1.6404986e-3	1.2099092e1	1.0464909	
2022-02-19	13:54:14	3.04509e-1	1.52881e-1	-4.09932e1	5.15467e1	1.11027e2	1.0156631e-4	1.5732645e-3	1.2087342e1	1.0462198	
2022-02-19	13:54:14	1.93687e-1	1.48551e-1	-4.12656e1	5.15500e1	1.11023e2	6.4611434e-5	1.5292167e-3	1.2087342e1	1.0463016	
2022-02-19	13:54:15	3.02696e-1	1.50114e-1	-4.11671e1	5.15500e1	1.11017e2	1.0097026e-4	1.5450119e-3	1.2083985e1	1.0462378	
2022-02-19	13:54:15	4.13918e-1	1.49737e-1	-4.11906e1	5.15467e1	1.11022e2	1.3804435e-4	1.5412569e-3	1.2086503e1	1.0461326	
2022-02-19	13:54:16	4.13918e-1	1.49737e-1	-4.11906e1	5.15467e1	1.11022e2	1.3804435e-4	1.5412569e-3	1.2086503e1	1.0461326	
2022-02-19	13:54:16	3.94277e-1	1.47613e-1	-4.13256e1	5.15467e1	1.11022e2	1.3148784e-4	1.5196800e-3	1.2085664e1	1.0460382	
2022-02-19	13:54:17	3.98944e-1	1.49436e-1	-4.12098e1	5.15467e1	1.11018e2	1.3303756e-4	1.5381574e-3	1.2083985e1	1.0459998	
2022-02-19	13:54:17	3.45801e-1	1.48017e-1	-4.13003e1	5.15534e1	1.11016e2	1.1533498e-4	1.5236735e-3	1.2083985e1	1.0458706	
2022-02-19	13:54:18	3.13844e-1	1.46339e-1	-4.14085e1	5.15500e1	1.11011e2	1.0466575e-4	1.5065670e-3	1.2088181e1	1.0457903	
2022-02-19	13:54:18	3.00819e-1	1.46435e-1	-4.14023e1	5.15534e1	1.11010e2	1.0031461e-4	1.5075206e-3	1.2090699e1	1.0449455	
2022-02-19	13:54:19	3.00819e-1	1.46435e-1	-4.14023e1	5.15534e1	1.11010e2	1.0031461e-4	1.5075206e-3	1.2090699e1	1.0449455	
2022-02-19	13:54:19	5.69896e-1	1.47072e-1	-4.13656e1	5.15534e1	1.10959e2	1.8990039e-4	1.5133023e-3	1.2086503e1	1.0415735	
2022-02-19	13:54:20	4.01866e-1	1.51628e-1	-4.10764e1	5.15500e1	1.10966e2	1.3393163e-4	1.5596747e-3	1.2085664e1	1.0443212	
2022-02-19	13:54:20	5.94337e-1	1.42174e-1	-4.16816e1	5.15534e1	1.11000e2	1.9812583e-4	1.4640688e-3	1.2086503e1	1.0452728	
2022-02-19	13:54:21	6.35118e-1	1.46092e-1	-4.14246e1	5.15534e1	1.11008e2	2.1171569e-4	1.5040040e-3	1.2085664e1	1.0453389	
2022-02-19	13:54:21	5.18682e-1	1.49527e-1	-4.12052e1	5.15534e1	1.11005e2	1.7291307e-4	1.5388727e-3	1.2085664e1	1.0454534	
2022-02-19	13:54:22	5.18682e-1	1.49527e-1	-4.12052e1	5.15534e1	1.11005e2	1.7291307e-4	1.5388727e-3	1.2085664e1	1.0454534	
2022-02-19	13:54:22	2.97582e-1	1.48242e-1	-4.12867e1	5.15567e1	1.11006e2	9.9241733e-5	1.5258193e-3	1.2084825e1	1.0453262	
2022-02-19	13:54:23	3.06912e-1	1.43921e-1	-4.15665e1	5.15534e1	1.11000e2	1.0234117e-4	1.4818310e-3	1.2083146e1	1.0450184	
2022-02-19	13:54:23	3.64857e-1	1.44894e-1	-4.15030e1	5.15534e1	1.11000e2	1.2165307e-4	1.4917254e-3	1.2098252e1	1.0450743	
2022-02-19	13:54:24	2.82734e-1	1.46511e-1	-4.13982e1	5.15500e1	1.11001e2	9.4294548e-5	1.5081763e-3	1.2083146e1	1.0450918	
2022-02-19	13:54:24	-2.67057	1.80165e-1	-3.94092e1	5.15534e1	1.11197e2	-8.9585781e-4	1.8524527e-3	1.2085664e1	1.0790605	
2022-02-19	13:54:25	-2.67057	1.80165e-1	-3.94092e1	5.15534e1	1.11197e2	-8.9585781e-4	1.8524527e-3	1.2085664e1	1.0790605	
2022-02-19	13:54:25	2.66846	1.50372e-1	-4.11033e1	5.15567e1	1.11576e2	8.9204311e-4	1.5553832e-3	1.2096574e1	1.0563521	
2022-02-19	13:54:26	3.72872	1.73166e-1	-3.98023e1	5.15534e1	1.11056e2	1.2384057e-3	1.7793178e-3	1.2085664e1	1.0460610	
2022-02-19	13:54:26	-1.78690	1.62168e-1	-4.04342e1	5.15567e1	1.11007e2	-5.9759616e-4	1.6671419e-3	1.2084825e1	1.0445768	
2022-02-19	13:54:27	-8.80628e-1	1.55083e-1	-4.08609e1	5.15534e1	1.10987e2	-2.9408931e-4	1.5950202e-3	1.2082307e1	1.0439877	
2022-02-19	13:54:27	-8.80628e-1	1.55083e-1	-4.08609e1	5.15534e1	1.10987e2	-2.9408931e-4	1.5950202e-3	1.2082307e1	1.0439877	
2022-02-19	13:54:28	1.76386e-1	1.52501e-1	-4.10207e1	5.15534e1	1.10982e2	5.8829784e-5	1.5687346e-3	1.2085664e1	1.0437611	
2022-02-19	13:54:28	1.76386e-1	1.52501e-1	-4.10207e1	5.15534e1	1.10982e2	5.8829784e-5	1.5687346e-3	1.2085664e1	1.0437611	
2022-02-19	13:54:29	6.51003e-1	1.46991e-1	-4.13690e1	5.15534e1	1.10980e2	2.1696090e-4	1.5127658e-3	1.2084825e1	1.0435917	
2022-02-19	13:54:29	4.29293e-1	1.48599e-1	-4.12661e1	5.15567e1	1.10982e2	1.4311075e-4	1.5290975e-3	1.2085664e1	1.0438932	
2022-02-19	13:54:30	4.60020e-1	1.49670e-1	-4.11980e1	5.15567e1	1.10983e2	1.5336275e-4	1.5400052e-3	1.2086503e1	1.0441466	
2022-02-19	13:54:30	5.51361e-1	1.48708e-1	-4.12587e1	5.15567e1	1.10988e2	1.8376111e-4	1.5302896e-3	1.2085664e1	1.0441722	
2022-02-19	13:54:31	6.44532e-1	1.45640e-1	-4.14559e1	5.15600e1	1.10984e2	2.1481513e-4	1.4990568e-3	1.2084825e1	1.0442751	
2022-02-19	13:54:31	6.44532e-1	1.45640e-1	-4.14559e1	5.15600e1	1.10984e2	2.1481513e-4	1.4990568e-3	1.2084825e1	1.0442751	
2022-02-19	13:54:32	3.75103e-1	1.48041e-1	-4.13013e1	5.15567e1	1.10986e2	1.2505054e-4	1.5234947e-3	1.2081468e1	1.0442365	
2022-02-19	13:54:32	3.07693e-1	1.45866e-1	-4.14408e1	5.15567e1	1.10989e2	1.0257959e-4	1.5014410e-3	1.2084825e1	1.0442972	
2022-02-19	13:54:33	3.45545e-1	1.45349e-1	-4.14747e1	5.15567e1	1.10985e2	1.1521577e-4	1.4961361e-3	1.2085664e1	1.0441466	
2022-02-19	13:54:33	4.09980e-1	1.47373e-1	-4.13444e1	5.15600e1	1.10983e2	1.3667345e-4	1.5166401e-3	1.2084825e1	1.0442343	
2022-02-19	13:54:34	4.86214e-1	1.47733e-1	-4.13211e1	5.15600e1	1.10985e2	1.6206502e-4	1.5203356e-3	1.2086503e1	1.0441396	
2022-02-19	13:54:34	4.86214e-1	1.47733e-1	-4.13211e1	5.15600e1	1.10985e2	1.6206502e-4	1.5203356e-3	1.2086503e1	1.0441396	
2022-02-19	13:54:35	5.14872e-1	1.44015e-1	-4.15616e1	5.15634e1	1.10986e2	1.7160177e-4	1.4825463e-3	1.2097413e1	1.0440520	
2022-02-19	13:54:35	3.99806e-1	1.43211e-1	-4.16147e1	5.15634e1	1.10981e2	1.3327598e-4	1.4743208e-3	1.2091538e1	1.0441093	
2022-02-19	13:54:36	4.50564e-1	1.44972e-1	-4.14992e1	5.15634e1	1.10985e2	1.5020370e-4	1.4922618e-3	1.2089860e1	1.0440473	
2022-02-19	13:54:36	3.44905e-1	1.47880e-1	-4.13120e1	5.15634e1	1.10982e2	1.1497735e-4	1.5217661e-3	1.2081468e1	1.0439773	
2022-02-19	13:54:37	4.03174e-1	1.46811e-1	-4.13805e1	5.15600e1	1.10981e2	1.3440847e-4	1.5109181e-3	1.2085664e1	1.0439131	
2022-02-19	13:54:37	4.03174e-1	1.46811e-1	-4.13805e1	5.15600e1	1.10981e2	1.3440847e-4	1.5109181e-3	1.2085664e1	1.0439131	
2022-02-19	13:54:38	5.13377e-1	1.48515e-1	-4.12716e1	5.15600e1	1.10980e2	1.7112493e-4	1.5282034e-3	1.2086503e1	1.0440148	
2022-02-19	13:54:38	5.34381e-1	1.45635e-1	-4.14567e1	5.15600e1	1.10979e2	1.7809867e-4	1.4989376e-3	1.2089860e1	1.0437927	
2022-02-19	13:54:39	4.82059e-1	1.42871e-1	-4.16377e1	5.15567e1	1.10975e2	1.6069412e-4	1.4708042e-3	1.2099931e1	1.0436351	
2022-02-19	13:54:39	4.39664e-1	1.45805e-1	-4.14457e1	5.15567e1	1.10978e2	1.4656782e-4	1.5006661e-3	1.2085664e1	1.0436758	
2022-02-19	13:54:40	4.89454e-1	1.45979e-1	-4.14346e1	5.15600e1	1.10976e2	1.6313791e-4	1.5023946e-3	1.2098252e1	1.0437320	
2022-02-19	13:54:40	4.94840e-1	1.46091e-1	-4.14273e1	5.15634e1	1.10977e2	1.6492605e-4	1.5035271e-3	1.2088181e1	1.0437390	
2022-02-19	13:54:41	4.45832e-1	1.47015e-1	-4.13680e1	5.15634e1	1.10974e2	1.4859437e-4	1.5128850e-3	1.2086503e1	1.0436093	
2022-02-19	13:54:41	3.58837e-1	1.47856e-1	-4.13139e1	5.15600e1	1.10976e2	1.1962652e-4	1.5214681e-3	1.2086503e1	1.0438711	
