System_Date_(Y-M-D)	System_Time_(h:m:s)	CO₂_(µmol_mol⁻¹)	H₂O_(mmol_mol⁻¹)	H₂O_(°C)	Cell_Temperature_(°C)	Cell_Pressure_(kPa)	CO₂_Absorption	H₂O_Absorption	Input_Voltage_(V)	Flow_Rate_(L_min⁻¹)	
2022-02-18	15:34:20	1.07049e-1	1.51299e-1	-4.09778e1	5.15634e1	1.12371e2	3.6180019e-5	1.5759468e-3	1.2003418e1	1.0857156	
2022-02-18	15:34:20	1.74252e-1	1.51645e-1	-4.09563e1	5.15634e1	1.12368e2	5.8889389e-5	1.5794634e-3	1.2005096e1	1.0857278	
2022-02-18	15:34:21	2.89422e-1	1.53852e-1	-4.08194e1	5.15634e1	1.12366e2	9.7811222e-5	1.6021132e-3	1.2021042e1	1.0857374	
2022-02-18	15:34:21	3.12885e-1	1.52210e-1	-4.09212e1	5.15634e1	1.12366e2	1.0573863e-4	1.5852451e-3	1.2012649e1	1.0857450	
2022-02-18	15:34:22	2.58959e-1	1.51728e-1	-4.09516e1	5.15634e1	1.12362e2	8.7499618e-5	1.5802383e-3	1.2005096e1	1.0857632	
2022-02-18	15:34:22	1.70558e-1	1.52352e-1	-4.09125e1	5.15634e1	1.12364e2	5.7637691e-5	1.5866756e-3	1.2004257e1	1.0857559	
2022-02-18	15:34:23	1.36794e-1	1.49714e-1	-4.10778e1	5.15634e1	1.12368e2	4.6253204e-5	1.5596151e-3	1.2007614e1	1.0857278	
2022-02-18	15:34:23	1.06141e-1	1.51116e-1	-4.09899e1	5.15600e1	1.12363e2	3.5881996e-5	1.5739798e-3	1.2005935e1	1.0857596	
2022-02-18	15:34:24	1.46385e-1	1.51345e-1	-4.09756e1	5.15634e1	1.12362e2	4.9471855e-5	1.5763044e-3	1.2016845e1	1.0857644	
2022-02-18	15:34:24	-1.06131e-1	1.51759e-1	-4.09498e1	5.15634e1	1.12361e2	-3.5881996e-5	1.5805363e-3	1.2003418e1	1.0857692	
2022-02-18	15:34:25	-1.98452e-1	1.56078e-1	-4.06834e1	5.15634e1	1.12360e2	-6.7114830e-5	1.6248822e-3	1.2004257e1	1.0857777	
2022-02-18	15:34:25	1.45867e-1	1.55411e-1	-4.07241e1	5.15634e1	1.12359e2	4.9293041e-5	1.6180276e-3	1.2017685e1	1.0857801	
2022-02-18	15:34:26	1.87862e-1	1.53176e-1	-4.08617e1	5.15634e1	1.12360e2	6.3478946e-5	1.5950798e-3	1.2006775e1	1.0857752	
2022-02-18	15:34:26	1.55588e-1	1.51537e-1	-4.09643e1	5.15634e1	1.12354e2	5.2571296e-5	1.5781521e-3	1.2006775e1	1.0858043	
2022-02-18	15:34:27	2.68873e-1	1.50967e-1	-4.10000e1	5.15600e1	1.12354e2	9.0837478e-5	1.5723109e-3	1.2003418e1	1.0858043	
2022-02-18	15:34:27	1.37763e-1	1.51809e-1	-4.09475e1	5.15567e1	1.12352e2	4.6551227e-5	1.5809535e-3	1.2012649e1	1.0858163	
2022-02-18	15:34:28	7.38667e-3	1.50699e-1	-4.10169e1	5.15567e1	1.12354e2	2.5033950e-6	1.5695691e-3	1.2007614e1	1.0858055	
2022-02-18	15:34:28	3.10484e-1	1.52669e-1	-4.08942e1	5.15600e1	1.12348e2	1.0490417e-4	1.5897154e-3	1.2002578e1	1.0858433	
2022-02-18	15:34:29	3.89174e-1	1.54099e-1	-4.08055e1	5.15600e1	1.12350e2	1.3148784e-4	1.6044378e-3	1.2008453e1	1.0858324	
2022-02-18	15:34:29	3.12323e-2	1.50662e-1	-4.10200e1	5.15634e1	1.12344e2	1.0550022e-5	1.5690326e-3	1.2003418e1	1.0858602	
2022-02-18	15:34:30	-1.01208e-1	1.50552e-1	-4.10272e1	5.15667e1	1.12342e2	-3.4213066e-5	1.5678405e-3	1.2008453e1	1.0858736	
2022-02-18	15:34:30	-1.01208e-1	1.50552e-1	-4.10272e1	5.15667e1	1.12342e2	-3.4213066e-5	1.5678405e-3	1.2008453e1	1.0858736	
2022-02-18	15:34:31	2.12945e-1	1.51223e-1	-4.09846e1	5.15667e1	1.12347e2	7.1942806e-5	1.5748143e-3	1.2006775e1	1.0858470	
2022-02-18	15:34:31	3.33241e-1	1.53222e-1	-4.08602e1	5.15667e1	1.12344e2	1.1259317e-4	1.5953183e-3	1.2010971e1	1.0858602	
2022-02-18	15:34:32	2.46969e-1	1.52222e-1	-4.09223e1	5.15634e1	1.12345e2	8.3446502e-5	1.5850663e-3	1.2005096e1	1.0858566	
2022-02-18	15:34:32	2.42559e-1	1.52176e-1	-4.09253e1	5.15600e1	1.12343e2	8.1956386e-5	1.5845894e-3	1.2003418e1	1.0858663	
2022-02-18	15:34:33	1.86760e-1	1.52916e-1	-4.08793e1	5.15634e1	1.12343e2	6.3121318e-5	1.5921592e-3	1.2004257e1	1.0858687	
2022-02-18	15:34:33	1.23315e-1	1.52160e-1	-4.09266e1	5.15634e1	1.12339e2	4.1663646e-5	1.5843510e-3	1.2005935e1	1.0858844	
2022-02-18	15:34:34	-1.03674e-3	1.49678e-1	-4.10826e1	5.15634e1	1.12339e2	-3.5762786e-7	1.5588402e-3	1.2005096e1	1.0858844	
2022-02-18	15:34:34	8.44970e-2	1.46015e-1	-4.13172e1	5.15600e1	1.12337e2	2.8550624e-5	1.5211701e-3	1.2005096e1	1.0858929	
2022-02-18	15:34:35	6.97708e-1	1.48226e-1	-4.11747e1	5.15634e1	1.12341e2	2.3561716e-4	1.5439391e-3	1.2011810e1	1.0858771	
2022-02-18	15:34:35	5.64799e-1	1.50218e-1	-4.10488e1	5.15667e1	1.12335e2	1.9073486e-4	1.5643239e-3	1.2005935e1	1.0859037	
2022-02-18	15:34:36	-2.78586e-1	1.47673e-1	-4.12107e1	5.15634e1	1.12334e2	-9.4175338e-5	1.5381574e-3	1.2001739e1	1.0859110	
2022-02-18	15:34:36	-1.67811e-1	1.64951e-1	-4.01582e1	5.15667e1	1.12334e2	-5.6743621e-5	1.7155408e-3	1.2006775e1	1.0859074	
2022-02-18	15:34:37	1.71068e-2	1.82972e-1	-3.91621e1	5.15667e1	1.12332e2	5.7816505e-6	1.8999576e-3	1.2016845e1	1.0859183	
2022-02-18	15:34:37	-1.81611e-1	1.62813e-1	-4.02833e1	5.15667e1	1.12330e2	-6.1392784e-5	1.6935467e-3	1.1999221e1	1.0859658	
2022-02-18	15:34:38	2.70206e-2	1.44206e-1	-4.14358e1	5.15667e1	1.12327e2	9.1195106e-6	1.5023946e-3	1.2011810e1	1.0859880	
2022-02-18	15:34:38	1.09771e-1	1.47908e-1	-4.11962e1	5.15634e1	1.12327e2	3.7074089e-5	1.5404820e-3	1.2007614e1	1.0859525	
2022-02-18	15:34:39	1.41256e-2	1.54358e-1	-4.07912e1	5.15600e1	1.12330e2	4.7683715e-6	1.6068220e-3	1.2001739e1	1.0859355	
2022-02-18	15:34:39	4.89868e-2	1.52613e-1	-4.08996e1	5.15600e1	1.12325e2	1.6570091e-5	1.5888214e-3	1.2009292e1	1.0859609	
2022-02-18	15:34:40	4.83437e-1	1.50808e-1	-4.10126e1	5.15667e1	1.12324e2	1.6325712e-4	1.5702247e-3	1.2004257e1	1.0859670	
2022-02-18	15:34:40	2.46647e-1	1.51252e-1	-4.09845e1	5.15667e1	1.12325e2	8.3327293e-5	1.5748143e-3	1.2006775e1	1.0859597	
2022-02-18	15:34:41	7.21217e-2	1.50746e-1	-4.10166e1	5.15667e1	1.12322e2	2.4378299e-5	1.5695691e-3	1.2005096e1	1.0859743	
2022-02-18	15:34:41	1.93956e-1	1.49409e-1	-4.11008e1	5.15667e1	1.12324e2	6.5505504e-5	1.5558600e-3	1.2004257e1	1.0859658	
2022-02-18	15:34:42	1.93956e-1	1.49409e-1	-4.11008e1	5.15667e1	1.12324e2	6.5505504e-5	1.5558600e-3	1.2004257e1	1.0859658	
2022-02-18	15:34:42	2.92919e-1	1.52073e-1	-4.09336e1	5.15600e1	1.12321e2	9.8943710e-5	1.5832185e-3	1.2004257e1	1.0859790	
2022-02-18	15:34:43	1.71854e-1	1.50771e-1	-4.10149e1	5.15634e1	1.12324e2	5.8054924e-5	1.5698671e-3	1.2012649e1	1.0859670	
2022-02-18	15:34:43	2.86826e-1	1.47894e-1	-4.12007e1	5.15600e1	1.12285e2	9.6857547e-5	1.5397667e-3	1.2005096e1	1.0855895	
2022-02-18	15:34:44	-5.61116e-2	1.51149e-1	-4.09952e1	5.15600e1	1.12276e2	-1.8954277e-5	1.5730857e-3	1.2021042e1	1.0862003	
2022-02-18	15:34:44	-1.20642e-1	1.54133e-1	-4.08065e1	5.15600e1	1.12313e2	-4.0769577e-5	1.6042590e-3	1.2008453e1	1.0860226	
2022-02-18	15:34:45	-1.20642e-1	1.54133e-1	-4.08065e1	5.15600e1	1.12313e2	-4.0769577e-5	1.6042590e-3	1.2008453e1	1.0860226	
2022-02-18	15:34:45	4.19318e-1	1.44849e-1	-4.13931e1	5.15634e1	1.12335e2	1.4162063e-4	1.5091300e-3	1.2005935e1	1.0859062	
2022-02-18	15:34:46	3.47368e-1	1.47869e-1	-4.11981e1	5.15634e1	1.12334e2	1.1736154e-4	1.5401840e-3	1.2005935e1	1.0859074	
2022-02-18	15:34:46	1.91945e-1	1.50315e-1	-4.10426e1	5.15634e1	1.12335e2	6.4849853e-5	1.5653371e-3	1.2004257e1	1.0859025	
2022-02-18	15:34:47	2.63558e-1	1.50455e-1	-4.10336e1	5.15600e1	1.12337e2	8.9049339e-5	1.5668272e-3	1.2006775e1	1.0858929	
2022-02-18	15:34:47	1.66668e-1	1.48589e-1	-4.11526e1	5.15600e1	1.12329e2	5.6326389e-5	1.5475153e-3	1.2005935e1	1.0859364	
2022-02-18	15:34:48	1.12556e-1	1.49886e-1	-4.10702e1	5.15600e1	1.12330e2	3.8027763e-5	1.5608668e-3	1.2008453e1	1.0859291	
2022-02-18	15:34:48	1.62650e-1	1.53354e-1	-4.08535e1	5.15600e1	1.12326e2	5.4955482e-5	1.5964508e-3	1.2003418e1	1.0859562	
2022-02-18	15:34:49	-5.33261e-2	1.51193e-1	-4.09886e1	5.15634e1	1.12321e2	-1.8000602e-5	1.5741586e-3	1.2009292e1	1.0859803	
2022-02-18	15:34:49	9.52560e-2	1.45268e-1	-4.13666e1	5.15667e1	1.12325e2	3.2186508e-5	1.5133023e-3	1.2011810e1	1.0859509	
2022-02-18	15:34:50	-5.64340	1.44056e-1	-4.14349e1	5.15634e1	1.12455e2	-1.9241571e-3	1.5025734e-3	1.2003418e1	1.0852976	
2022-02-18	15:34:50	1.53745e1	3.30625e-1	-3.32297e1	5.15634e1	1.12912e2	5.1196217e-3	3.4078955e-3	1.2014328e1	1.0831015	
2022-02-18	15:34:51	1.20442e2	1.25176	-1.86865e1	5.15667e1	1.12565e2	3.5310566e-2	1.2001514e-2	1.2009292e1	1.0847672	
2022-02-18	15:34:51	9.31992e1	1.09655	-2.02421e1	5.15634e1	1.12416e2	2.8113007e-2	1.0613203e-2	1.2006775e1	1.0855072	
2022-02-18	15:34:52	-7.69581	1.52734e-1	-4.08910e1	5.15600e1	1.12338e2	-2.6283264e-3	1.5902519e-3	1.2006775e1	1.0858993	
2022-02-18	15:34:52	-1.05307e1	8.83071e-2	-4.59615e1	5.15600e1	1.12315e2	-3.6097764e-3	9.2446804e-4	1.2005935e1	1.0860105	
2022-02-18	15:34:53	-3.92474	1.25375e-1	-4.27506e1	5.15634e1	1.12297e2	-1.3329982e-3	1.3080239e-3	1.2010132e1	1.0860964	
2022-02-18	15:34:53	-7.37501e-1	1.44253e-1	-4.14355e1	5.15634e1	1.12294e2	-2.4938583e-4	1.5024542e-3	1.2004257e1	1.0861096	
2022-02-18	15:34:54	1.59347e-1	1.55909e-1	-4.06996e1	5.15634e1	1.12290e2	5.3822994e-5	1.6221404e-3	1.2005935e1	1.0861326	
2022-02-18	15:34:54	4.10306e-1	1.58222e-1	-4.05593e1	5.15600e1	1.12292e2	1.3852119e-4	1.6459226e-3	1.2007614e1	1.0861229	
2022-02-18	15:34:55	5.04043e-1	1.55524e-1	-4.07228e1	5.15600e1	1.12293e2	1.7017126e-4	1.6182661e-3	1.2006775e1	1.0861145	
2022-02-18	15:34:55	3.79325e-1	1.53933e-1	-4.08204e1	5.15634e1	1.12295e2	1.2809038e-4	1.6019344e-3	1.2005935e1	1.0861072	
2022-02-18	15:34:56	3.38035e-1	1.53850e-1	-4.08254e1	5.15634e1	1.12296e2	1.1414289e-4	1.6010999e-3	1.2009292e1	1.0861011	
2022-02-18	15:34:56	2.79765e-1	1.54236e-1	-4.08018e1	5.15634e1	1.12294e2	9.4473361e-5	1.6050338e-3	1.2006775e1	1.0861096	
2022-02-18	15:34:57	2.01731e-1	1.53758e-1	-4.08308e1	5.15634e1	1.12300e2	6.8128108e-5	1.6002058e-3	1.2004257e1	1.0860830	
2022-02-18	15:34:57	2.85728e-1	1.56280e-1	-4.06766e1	5.15634e1	1.12294e2	9.6499919e-5	1.6260147e-3	1.2013489e1	1.0861121	
2022-02-18	15:34:58	2.41069e-1	1.58872e-1	-4.05202e1	5.15600e1	1.12292e2	8.1419944e-5	1.6525983e-3	1.2007614e1	1.0861217	
2022-02-18	15:34:58	2.64210e-1	1.58798e-1	-4.05243e1	5.15634e1	1.12296e2	8.9228153e-5	1.6518831e-3	1.2006775e1	1.0860999	
2022-02-18	15:34:59	2.30507e-1	1.56679e-1	-4.06522e1	5.15634e1	1.12296e2	7.7843666e-5	1.6301274e-3	1.2006775e1	1.0861036	
2022-02-18	15:34:59	2.79055e-1	1.52767e-1	-4.08929e1	5.15667e1	1.12292e2	9.4234943e-5	1.5898942e-3	1.2008453e1	1.0861241	
2022-02-18	15:35:00	2.86181e-1	1.52183e-1	-4.09291e1	5.15634e1	1.12293e2	9.6619129e-5	1.5839338e-3	1.2006775e1	1.0861169	
2022-02-18	15:35:00	2.24091e-1	1.55061e-1	-4.07515e1	5.15634e1	1.12290e2	7.5697898e-5	1.6134381e-3	1.2003418e1	1.0861326	
2022-02-18	15:35:01	3.25330e-1	1.54006e-1	-4.08168e1	5.15634e1	1.12285e2	1.0985136e-4	1.6025304e-3	1.2007614e1	1.0861580	
2022-02-18	15:35:01	3.13796e-1	1.50277e-1	-4.10487e1	5.15667e1	1.12292e2	1.0597705e-4	1.5643239e-3	1.2007614e1	1.0861229	
2022-02-18	15:35:02	1.56884e-1	1.50179e-1	-4.10547e1	5.15634e1	1.12294e2	5.2988529e-5	1.5633702e-3	1.2005935e1	1.0861096	
2022-02-18	15:35:02	1.73863e-1	1.49880e-1	-4.10741e1	5.15634e1	1.12288e2	5.8710575e-5	1.5602111e-3	1.2011810e1	1.0861399	
2022-02-18	15:35:03	1.43469e-1	1.51641e-1	-4.09632e1	5.15634e1	1.12291e2	4.8458576e-5	1.5783309e-3	1.2011810e1	1.0861290	
2022-02-18	15:35:03	-6.42753e-2	1.51068e-1	-4.09989e1	5.15600e1	1.12292e2	-2.1696090e-5	1.5724897e-3	1.2007614e1	1.0861217	
2022-02-18	15:35:04	1.15278e-1	1.49787e-1	-4.10800e1	5.15600e1	1.12287e2	3.8921833e-5	1.5592575e-3	1.2012649e1	1.0861446	
2022-02-18	15:35:04	2.57725e-1	1.52910e-1	-4.08844e1	5.15600e1	1.12286e2	8.7022781e-5	1.5913248e-3	1.2009292e1	1.0861495	
2022-02-18	15:35:05	2.61617e-1	1.53002e-1	-4.08786e1	5.15634e1	1.12288e2	8.8334083e-5	1.5922784e-3	1.2008453e1	1.0861411	
2022-02-18	15:35:05	3.06404e-1	1.53206e-1	-4.08663e1	5.15634e1	1.12283e2	1.0347366e-4	1.5943050e-3	1.2005935e1	1.0861641	
2022-02-18	15:35:06	1.06207e-1	1.52732e-1	-4.08958e1	5.15634e1	1.12282e2	3.5881996e-5	1.5894174e-3	1.2011810e1	1.0861713	
2022-02-18	15:35:06	6.35007e-3	1.51069e-1	-4.09995e1	5.15634e1	1.12284e2	2.1457672e-6	1.5723705e-3	1.2004257e1	1.0861592	
2022-02-18	15:35:07	1.05170e-1	1.53127e-1	-4.08713e1	5.15634e1	1.12282e2	3.5524368e-5	1.5934705e-3	1.2009292e1	1.0861725	
2022-02-18	15:35:07	2.04583e-1	1.52666e-1	-4.08998e1	5.15634e1	1.12284e2	6.9081783e-5	1.5887618e-3	1.2009292e1	1.0861617	
2022-02-18	15:35:08	3.91575e-1	1.50654e-1	-4.10258e1	5.15634e1	1.12282e2	1.3220310e-4	1.5680789e-3	1.2010132e1	1.0861713	
